Subject-id_accel,Activity_accel,Timestamp_accel,accel_x,accel_y,accel_z,Segment_accel,DateTime,gyro_x,gyro_y,gyro_z,accel_magnitude,gyro_magnitude,Roll,Pitch,Yaw,Time_Difference,Difference_Microseconds,vx,vy,vz,dx,dy,dz,Time_diff
1631,E,1551276569846845.0,1.5095978,9.64621,1.3714698136732981,163,1970-01-18 22:54:36.569846845,0.0031738281,0.0050201416,0.0017700195,9.844164906599138,0.006197416842748309,97.35733795166016,-8.938036918640137,5.109418869018555,15005510.0,50354.0,0.0774791282821,-0.008927587961000032,0.06998676344770526,0.003921463611151863,-0.00043286488194752167,0.003518213446011685,15.005510761868209
1631,E,1551276620200849.0,1.5272369,9.631836,1.3898567136732982,163,1970-01-18 22:54:36.620200849,-0.0029144287,-0.0030059814,0.00015258789,9.830471557282825,0.004189642214879966,97.35645294189453,-8.93801498413086,5.109389305114746,15055864.0,50354.0,0.0764583872419,-0.008105835858000041,0.06952191797900525,0.0038756848283477484,-0.0004288505114909649,0.0035124100722802912,15.05586476600729
1631,E,1551276670554853.0,1.5429688,9.633667,1.4204353136732981,163,1970-01-18 22:54:36.670554853,0.0002746582,-0.0004119873,0.002532959,9.83091800303334,0.0025809013847626046,97.3511962890625,-8.940435409545898,5.110169887542725,15106218.0,50354.0,0.0772985689089,-0.008421630969000019,0.07075472237250527,0.0038711388850086914,-0.0004161120323033805,0.0035317449741299805,15.10621876991354
1631,E,1551276720908857.0,1.535675,9.648041,1.416330713673298,163,1970-01-18 22:54:36.720908857,-0.00047302246,-0.0038757324,0.00036621094,9.844367960256005,0.003921627511206271,97.34642028808594,-8.941283226013184,5.110719203948975,15156572.0,50354.0,0.0775110149526,-0.008013637684000034,0.07142125827050526,0.003897640892880986,-0.0004137907588765824,0.0035795646646490757,15.15657277405262
1631,E,1551276771262861.0,1.5492096,9.644211,1.3679145136732982,163,1970-01-18 22:54:36.771262861,0.002960205,-0.0039978027,-0.0027160645,9.84881387039687,0.00566764911037306,97.34904479980469,-8.943843841552734,5.110151767730713,15206926.0,50354.0,0.07766813957419999,-0.007748171396000049,0.07009894208890526,0.003906945573521243,-0.00039683506720716215,0.003563054084448879,15.20692677795887
1631,E,1551276821616865.0,1.5463257,9.623032,1.4087165136732982,163,1970-01-18 22:54:36.821616865,0.007843018,1.5258789e-05,-0.0025177002,9.822472616168515,0.0082372312384712,97.34627532958984,-8.946565628051758,5.110662460327148,15257280.0,50354.0,0.0779362922481,-0.008377822989000023,0.06990723937550526,0.003917652779990047,-0.0004060041606311468,0.0035249356307294638,15.25728078186512
1631,E,1551276871970869.0,1.5413971,9.644348,1.4101509136732981,163,1970-01-18 22:54:36.871970869,0.00819397,0.0019378662,-0.001449585,9.842406071020859,0.008543873035235685,97.34294891357422,-8.948092460632324,5.111344337463379,15307634.0,50354.0,0.07773959693560001,-0.00837437374000001,0.07097062521830526,0.003919451861978015,-0.0004217700570460338,0.0035468819968783676,15.3076347860042
1631,E,1551276922324873.0,1.5321045,9.647232,1.3981880136732983,163,1970-01-18 22:54:36.922324873,0.0040130615,-0.00090026855,-0.0027313232,9.845268857820123,0.004937132010363871,97.34124755859375,-8.948067665100098,5.111617565155029,15357988.0,50354.0,0.07738154978320001,-0.007765090339999998,0.07070554917380527,0.003905485110939228,-0.00040634328714216024,0.0035669810426701668,15.35798878991045
1631,E,1551276972678876.0,1.5484924,9.641083,1.3944801136732983,163,1970-01-18 22:54:36.972678876,0.0041656494,0.0059509277,-0.0017089844,9.842272842103073,0.007462359083680642,97.34017181396484,-8.950617790222168,5.112117767333984,15408342.0,50354.0,0.0775601881513,-0.007847293245000017,0.07031100544220525,0.0039009681359769067,-0.0003930729815195454,0.0035503737955672977,15.408342792885378
1631,E,1551277023032880.0,1.4703522,9.638077,1.3956855136732982,163,1970-01-18 22:54:37.023032880,0.010360718,0.0045928955,-0.0011749268,9.827182488535414,0.011393841298473598,97.33934020996094,-8.941948890686035,5.11256217956543,15458696.0,50354.0,0.0760054504942,-0.008077788680000057,0.07024799999970527,0.0038663220841777535,-0.0004009457876257269,0.0035388540800109815,15.458696797024459
1631,E,1551277073386884.0,1.5,9.632004,1.4017585136732982,163,1970-01-18 22:54:37.073386884,0.008071899,0.0,-0.0069274902,9.824948846035333,0.010636995531506866,97.33765411376953,-8.937602996826172,5.112929344177246,15509050.0,50354.0,0.0747845573394,-0.008306370663000053,0.07043124827650526,0.0037964400272265473,-0.00041250397977871377,0.0035418814338501526,15.509050800930709
1631,E,1551277123740888.0,1.516983,9.643341,1.3848518136732981,163,1970-01-18 22:54:37.123740888,0.008514404,-0.0018157959,-0.0036468506,9.840789464170424,0.009438840475630105,97.33830261230469,-8.935659408569336,5.112825870513916,15559404.0,50354.0,0.075958580991,-0.008173838935000044,0.07015848821160527,0.0037952599937444804,-0.00041492223704884846,0.0035396277955611587,15.55940480506979
1631,E,1551277174094892.0,1.5133972,9.65596,1.367090613673298,163,1970-01-18 22:54:37.174094892,0.008178711,-0.007659912,-0.0038452148,9.854861257949574,0.01184699296561807,97.3413314819336,-8.932873725891113,5.1120686531066895,15609758.0,50354.0,0.07629588229539999,-0.007570698723000041,0.06928565449330525,0.0038333106221616928,-0.00039640022461546814,0.003510785180881532,15.60975880897604
1631,E,1551277224448896.0,1.5084686,9.660797,1.3910011136732983,163,1970-01-18 22:54:37.224448896,0.006225586,-0.0028076172,-0.0026855469,9.855815388801565,0.00733844653433078,97.34056854248047,-8.929498672485352,5.112113952636719,15660112.0,50354.0,0.0760815152466,-0.007131209011000015,0.06944047541940526,0.003836405737914934,-0.0003701499310189194,0.0034927077728123123,15.66011281288229
1631,E,1551277274802900.0,1.5189514,9.6440735,1.4005531136732983,163,1970-01-18 22:54:37.274802900,0.004058838,-0.00012207031,0.0029144287,9.839839628724675,0.004998295881419105,97.338623046875,-8.9284086227417,5.112423896789551,15710466.0,50354.0,0.07622135334,-0.00743047542150004,0.07028296078190525,0.003834529322404829,-0.0003666195289570539,0.0035178169532403946,15.71046681702137
1631,E,1551277325156904.0,1.4985504,9.711395,1.3584999136732983,163,1970-01-18 22:54:37.325156904,0.00016784668,-0.0033874512,0.0041656494,9.908024177369956,0.005371743949974609,97.34141540527344,-8.922863006591797,5.111799716949463,15760820.0,50354.0,0.0759716428186,-0.006156569575500065,0.06946467806950526,0.0038317630642850722,-0.0003420810318894717,0.0035184263033619626,15.76082082092762
1631,E,1551277375510908.0,1.4443817,9.671371,1.3096260136732982,163,1970-01-18 22:54:37.375510908,0.004623413,-0.004180908,0.0032958984,9.867129771274177,0.007051162013183044,97.35224914550781,-8.910367965698242,5.109930038452148,15811174.0,50354.0,0.07409420148170001,-0.005469300418000032,0.06717540647280527,0.0037782077619486535,-0.000292704528826352,0.0034401874085217524,15.8111748250667
1631,E,1551277425864912.0,1.480133,9.649246,1.3552497136732982,163,1970-01-18 22:54:37.425864912,0.005783081,-0.010269165,0.002243042,9.844750023975266,0.011997125199961448,97.35669708251953,-8.903830528259277,5.10876989364624,15861528.0,50354.0,0.0736305066019,-0.007034025791000027,0.06709357618740526,0.0037192649754207974,-0.0003147962439639945,0.003380490176436121,15.86152882897295
1631,E,1551277476218915.0,1.4985809,9.674286,1.3657478136732981,163,1970-01-18 22:54:37.476218915,-0.002090454,-0.01953125,0.0055389404,9.870729391754676,0.020408811460821723,97.35869598388672,-8.899696350097656,5.107451915740967,15911882.0,50354.0,0.0749950798603,-0.0069606348360000325,0.06850655474600525,0.00374194639035881,-0.0003523435706059805,0.0034140044965104764,15.911882831947878
1631,E,1551277526572919.0,1.5475006,9.607605,1.331888513673298,163,1970-01-18 22:54:37.526572919,0.001449585,-0.015106201,0.0027770996,9.817393400927173,0.015427601482827657,97.36702728271484,-8.90398120880127,5.105417251586914,15962236.0,50354.0,0.0766911939255,-0.00800903029300004,0.06791838981360526,0.0038190053151050873,-0.00037689125895283484,0.0034347708291773142,15.962236835854128
1631,E,1551277576926923.0,1.553482,9.643845,1.3764137136732981,163,1970-01-18 22:54:37.576926923,-9.1552734e-05,-0.0075683594,0.004699707,9.848044518646786,0.008909303665075079,97.36780548095703,-8.908466339111328,5.104895114898682,16012590.0,50354.0,0.07807343892020001,-0.008775443350000032,0.06818692517790526,0.0038965091611561898,-0.0004225826929098128,0.0034267235155412603,16.01259083999321
1631,E,1551277627280927.0,1.5606995,9.622116,1.420801513673298,163,1970-01-18 22:54:37.627280927,-0.0042266846,-0.007217407,0.0052337646,9.822355675887179,0.009866515007830238,97.36226654052734,-8.914535522460938,5.1053338050842285,16062944.000000002,50354.00000000186,0.0784057476255029,-0.008410099903000328,0.07042548777890786,0.0039396764796613085,-0.0004326804224808061,0.003489844721013813,16.06294484389946
1631,E,1551277677634931.0,1.570282,9.640335,1.3847602136732982,163,1970-01-18 22:54:37.677634931,-0.00036621094,0.00076293945,0.0034332275,9.84621482967446,0.0035359918161243296,97.3619155883789,-8.921265602111816,5.105399131774902,16113298.0,50353.99999999814,0.07882872122549708,-0.00849847117299971,0.07063562760940265,0.00395869222226148,-0.0004257070939804372,0.003551495702131362,16.11329884803854
1631,E,1551277727988935.0,1.5363922,9.628021,1.3460487136732981,163,1970-01-18 22:54:37.727988935,0.0032348633,0.011550903,0.0030975342,9.833776463133928,0.012388802153770376,97.36758422851562,-8.923176765441895,5.105093002319336,16163651.999999998,50353.99999999814,0.07821673633339711,-0.008349800987999709,0.06875357636380272,0.0039539334849601334,-0.0004241889481974667,0.0035094019884332616,16.16365285194479
1631,E,1551277778342939.0,1.5291595,9.644516,1.3772377136732983,163,1970-01-18 22:54:37.778342939,-0.0001373291,0.010070801,0.0002746582,9.844789664874117,0.010075481586015383,97.36804962158203,-8.923567771911621,5.105508327484131,16214006.000000002,50354.000000003725,0.07718139515090572,-0.00824453595100065,0.06856418238131032,0.003912458756380581,-0.0004177956211132429,0.0034572492119259667,16.21400685585104
1631,E,1551277828696943.0,1.5437012,9.644913,1.379862213673298,163,1970-01-18 22:54:37.828696943,0.0012664795,0.0068511963,-0.00010681152,9.847114640330572,0.006968089391351021,97.36824035644531,-8.926000595092773,5.105828762054443,16264360.0,50353.99999999814,0.07736541384389714,-0.007819246066999743,0.06941550487080268,0.0038910250100620074,-0.0004044378398671809,0.003473914585946321,16.26436085999012
1631,E,1551277879050947.0,1.5198822,9.678848,1.3518013136732983,163,1970-01-18 22:54:37.879050947,0.0034179688,0.016082764,0.0008544922,9.880247595076279,0.016464141809317916,97.37188720703125,-8.92422103881836,5.106070518493652,16314713.999999998,50353.99999999814,0.07713183926179715,-0.006954869302999751,0.06877509262800272,0.0038897773414419213,-0.0003719679026704635,0.003479224673227295,16.31471486389637
1631,E,1551277929404951.0,1.5317078,9.667999,1.3318275136732982,163,1970-01-18 22:54:37.929404951,-0.001083374,0.012451172,0.0019073486,9.874050478190815,0.012642917467079422,97.37835693359375,-8.92439079284668,5.105653762817383,16365068.0,50354.00000000186,0.07682988143000284,-0.006373633081000263,0.06756572298610776,0.0038762942418575914,-0.0003355717045219808,0.0034326527147165867,16.36506886803545
1631,E,1551277979758955.0,1.4995575,9.640503,1.3530372136732982,163,1970-01-18 22:54:37.979758955,0.004989624,0.015655518,0.001083374,9.839408995731274,0.01646709721637593,97.38241577148438,-8.92059326171875,5.105826377868652,16415422.0,50354.0,0.07631816645810001,-0.007339045146000018,0.06759683924040526,0.003855808401678766,-0.00034524409972118615,0.003402987829176918,16.4154228719417
1631,E,1551278030112958.0,1.4288483,9.659027,1.3471778136732981,163,1970-01-18 22:54:38.030112958,0.0048065186,0.012237549,0.0019378662,9.847811237375375,0.013289678400497487,97.3868637084961,-8.906318664550781,5.105759620666504,16465776.000000002,50354.00000000186,0.07372847282660273,-0.007564933190000297,0.06798331374350776,0.003777724237271101,-0.00037523746256549383,0.0034135015116761045,16.465776874916628
1631,E,1551278080466962.0,1.4759979,9.678665,1.3701423136732982,163,1970-01-18 22:54:38.080466962,-0.00016784668,0.00015258789,0.003982544,9.871058410684407,0.003988998907507707,97.38733673095703,-8.898849487304688,5.105668544769287,16516130.0,50353.99999999814,0.0731353127773973,-0.0066041285159997775,0.06841396884620272,0.003697589530151772,-0.00035673446657195066,0.003434074383761014,16.51613087905571
1631,E,1551278130820966.0,1.5075073,9.662857,1.3287147136732982,163,1970-01-18 22:54:38.130820966,-0.0035705566,-0.0058898926,0.0012359619,9.86569832013747,0.006997664688422126,97.39400482177734,-8.896140098571777,5.104312896728516,16566484.0,50354.0,0.07511571042040001,-0.006507700606000005,0.06794912337750526,0.003732516011050943,-0.00033011652180458856,0.003433213572916296,16.56648488296196
1631,E,1551278181174970.0,1.4855652,9.6171875,1.2939704136732981,163,1970-01-18 22:54:38.181174970,-0.000869751,-0.005340576,0.0039367676,9.822287132002616,0.0066915138758121655,97.40662384033203,-8.891382217407227,5.1020684242248535,16616838.000000002,50354.00000000186,0.07535658633250279,-0.008055519623500316,0.06603134345120769,0.003788441015347974,-0.00036665819571814315,0.0033732262133466307,16.61683888686821
1631,E,1551278231528974.0,1.4791412,9.638519,1.3862861136732982,163,1970-01-18 22:54:38.231528974,-0.0036773682,-0.01133728,0.0051879883,9.83011784526433,0.012998929851249608,97.40492248535156,-8.885635375976562,5.101715087890625,16667192.0,50353.99999999814,0.07464241303279723,-0.008668277449499702,0.06748081858900276,0.0037765248070200192,-0.00042105503890690584,0.0033614357036862537,16.66719289100729
1631,E,1551278281882978.0,1.5314484,9.665024,1.3823493136732983,163,1970-01-18 22:54:38.281882978,-0.00793457,-0.0126953125,0.0062713623,9.864589523880957,0.01623139999061749,97.40311431884766,-8.88700008392334,5.101266860961914,16717545.999999998,50353.99999999814,0.07579761435919719,-0.007463897888999729,0.06970593415430268,0.0037876285696481033,-0.00040615977849738506,0.0034539508738180734,16.71754689491354
1631,E,1551278332236982.0,1.5221252,9.626907,1.3520301136732982,163,1970-01-18 22:54:38.332236982,-0.007080078,-0.005493164,0.0021820068,9.829688271858727,0.009222988067444642,97.40652465820312,-8.887602806091309,5.100406646728516,16767900.0,50354.00000000186,0.07687982252720284,-0.007756253213000324,0.06884347084230781,0.0038439598284890353,-0.0003831977442950695,0.0034882583695997915,16.76790089905262
1631,E,1551278382590986.0,1.5170898,9.632568,1.3811897136732982,163,1970-01-18 22:54:38.382590986,0.00440979,-0.016708374,0.0009918213,9.83071318734933,0.017308949103256088,97.4061050415039,-8.887288093566895,5.099677562713623,16818254.0,50354.0,0.07651831605500001,-0.008573397925000078,0.06881427559310527,0.0038621049350841216,-0.00041113162670143615,0.003465809082004395,16.81825490295887
1631,E,1551278432944990.0,1.4848175,9.63504,1.4049476136732981,163,1970-01-18 22:54:38.432944990,0.0057373047,-0.016998291,0.0050964355,9.825221899084491,0.018650260506142623,97.40228271484375,-8.882553100585938,5.099451541900635,16868608.0,50354.0,0.0755790200921,-0.008368633384000058,0.07014657949060525,0.0038293546321755377,-0.0004265495222666964,0.0034986174484425803,16.86860890686512
1631,E,1551278483298994.0,1.5368652,9.674454,1.4104103136732982,163,1970-01-18 22:54:38.483298994,-0.0046081543,-0.015960693,0.0052337646,9.871169479592306,0.017417551463425354,97.3964614868164,-8.88456916809082,5.099494934082031,16918962.0,50354.0,0.0760769053379,-0.007314069562000015,0.07088226653680527,0.0038182412345511103,-0.0003948434120714439,0.0035506832564321145,16.9189629110042
1631,E,1551278533652998.0,1.529068,9.652267,1.3195747136732983,163,1970-01-18 22:54:38.533652998,0.00032043457,-0.008605957,0.0031433105,9.859856221202925,0.00916763737824039,97.40465545654297,-8.88559627532959,5.097790241241455,16969316.0,50354.0,0.0771910001764,-0.006880345383000013,0.06873283303350526,0.0038588260571335315,-0.00035737278507026575,0.0035150893618817085,16.96931691491045
1631,E,1551278584007001.0,1.5219421,9.6194,1.3593391136732982,163,1970-01-18 22:54:38.584007001,0.006668091,-0.012619019,0.0020599365,9.821360941066242,0.014420347308254203,97.40782928466797,-8.88634204864502,5.0967206954956055,17019670.0,50354.0,0.0768152812877,-0.008266439941000016,0.06744701343110526,0.003877416148421646,-0.00038135061410234875,0.003428599994439499,17.019670917885378
1631,E,1551278634361005.0,1.5241089,9.644531,1.3202613136732981,163,1970-01-18 22:54:38.634361005,0.00045776367,-0.0042266846,0.0030975342,9.8514236104962,0.005260145283698794,97.41576385498047,-8.886811256408691,5.095271110534668,17070024.0,50354.0,0.076690426027,-0.008461209213000006,0.06746429995930525,0.0038648131930622024,-0.0004211520227502586,0.003396662137230366,17.07002492202446
1631,E,1551278684715009.0,1.5478058,9.642181,1.3630165136732981,163,1970-01-18 22:54:38.684715009,-0.007019043,-0.0073242188,0.006286621,9.847233381779397,0.011934519230524682,97.41696166992188,-8.890989303588867,5.094634056091309,17120378.0,50354.0,0.0773415964019,-0.007887651976,0.06755688585910526,0.0038780642286924158,-0.00041161527815545315,0.003399428395350121,17.12037892593071
1631,E,1551278735069013.0,1.5221558,9.621689,1.3836311136732982,163,1970-01-18 22:54:38.735069013,-0.0016784668,0.0076141357,0.0010223389,9.820527921978604,0.007863681712987241,97.4156494140625,-8.891731262207031,5.095190048217773,17170732.0,50354.0,0.07729242320320001,-0.008462745010000019,0.06915234731370526,0.003893220711597603,-0.0004116539449165226,0.003441928363591851,17.17073293006979
1631,E,1551278785423017.0,1.5555267,9.688599,1.3239540136732981,163,1970-01-18 22:54:38.785423017,0.00032043457,0.011642456,0.005126953,9.89897110853325,0.012725372571747993,97.42185974121094,-8.895792007446289,5.0947699546813965,17221086.0,50354.0,0.0774868123025,-0.007294079024000039,0.06816887075120526,0.003896876812327009,-0.0003967095587040195,0.0034573363072202524,17.22108693397604
1631,E,1551278835777021.0,1.5053864,9.595413,1.3613685136732983,163,1970-01-18 22:54:38.835777021,-0.0026245117,0.0065460205,0.0021362305,9.795047708144407,0.0073689841090198716,97.42415618896484,-8.894564628601074,5.094702243804932,17271440.0,50354.0,0.0770646091187,-0.007955629876000021,0.06760836527100526,0.0038911411371215523,-0.00038394192097530156,0.0034184634713311946,17.27144093788229
1631,E,1551278886131025.0,1.5090332,9.664505,1.3302864136732981,163,1970-01-18 22:54:38.886131025,-0.0004119873,0.0068206787,0.004333496,9.867338825391299,0.008091389191357129,97.4297103881836,-8.89238452911377,5.094147205352783,17321794.0,50354.0,0.0758940422692,-0.008562244514000018,0.06776779610580527,0.0038510399659931584,-0.00041587052351703104,0.0034083656149839587,17.32179494202137
1631,E,1551278936485029.0,1.4494324,9.678589,1.3884834136732982,163,1970-01-18 22:54:38.936485029,-0.016326904,-0.007369995,0.00730896,9.864724838884806,0.01934697694232463,97.42567443847656,-8.88161563873291,5.094233989715576,17372148.0,50354.0,0.07448528841120002,-0.006468122362000019,0.06845046794310526,0.0037861004085404317,-0.0003784195468370529,0.0034295672339594205,17.37214894592762
1631,E,1551278986839033.0,1.5126648,9.606537,1.366342913673298,163,1970-01-18 22:54:38.986839033,-0.0018615723,-0.006790161,0.004257202,9.80642392180109,0.008227727918620809,97.42708587646484,-8.88157844543457,5.093643665313721,17422502.0,50354.0,0.07457672120440001,-0.007927582698000037,0.06935826244360527,0.003752934216091962,-0.00036244066629562144,0.0034696104049462117,17.4225029500667
1631,E,1551279037193037.0,1.4922028,9.669052,1.4399208136732982,163,1970-01-18 22:54:39.037193037,-0.0043182373,-0.012130737,0.005126953,9.855414983375802,0.013859567114686134,97.41642761230469,-8.877436637878418,5.094626426696777,17472856.0,50354.0,0.0756535515652,-0.008167695747000034,0.07065330186340525,0.0037823475775202193,-0.00040523082540976676,0.0035250711545576035,17.47285695397295
1631,E,1551279087547040.0,1.5510254,9.711746,1.4507392136732982,163,1970-01-18 22:54:39.087547040,-0.012374878,-0.002746582,0.0034484863,9.90505253446651,0.013136718614589251,97.40325164794922,-8.88088607788086,5.096408843994141,17523210.0,50354.0,0.07661935639140001,-0.005518848754000025,0.07277814750850527,0.0038337750036233184,-0.0003445861309016785,0.0036111736008365915,17.523210956947878
1631,E,1551279137901044.0,1.4949036,9.616089,1.413095813673298,163,1970-01-18 22:54:39.137901044,-0.01184082,-0.01272583,0.008056641,9.807157744929995,0.019158842127440293,97.3977279663086,-8.878376007080078,5.096494674682617,17573564.0,50354.0,0.07668735443300001,-0.006852298205000028,0.07210277448350526,0.0038598030584259192,-0.00031146836698674435,0.0036476669729928494,17.573564960854128
1631,E,1551279188255048.0,1.517746,9.619553,1.4172309136732981,163,1970-01-18 22:54:39.188255048,-0.004562378,-0.013000488,0.003189087,9.813549792208365,0.014142074004423714,97.39203643798828,-8.878918647766113,5.096682071685791,17623918.0,50354.0,0.07584947897920001,-0.009173441366000028,0.07125913601440526,0.0038404198548189607,-0.00040348004517906845,0.0036094228206058937,17.62391896499321
1631,E,1551279238609052.0,1.5235748,9.655167,1.4338783136732982,163,1970-01-18 22:54:39.238609052,-0.0008239746,-0.015274048,0.0044555664,9.847329351532487,0.015931966243767845,97.38360595703125,-8.879584312438965,5.097200870513916,17674272.0,50354.0,0.07657133378160001,-0.008189574560000029,0.07178237701690526,0.0038374988028786624,-0.00043714865196890345,0.0036013561735893053,17.67427296889946
1631,E,1551279288963056.0,1.4994202,9.620697,1.3964485136732983,163,1970-01-18 22:54:39.288963056,-0.003250122,-0.008224487,0.007019043,9.814440549766251,0.011290369527340636,97.38131713867188,-8.87758731842041,5.097080707550049,17724626.0,50354.0,0.07610994511500001,-0.008160772072000028,0.07125913853210526,0.003844056558779699,-0.0004116526771538655,0.0036013562369774377,17.72462697303854
1631,E,1551279339317060.0,1.5450134,9.653046,1.5158180136732982,163,1970-01-18 22:54:39.339317060,-0.0069122314,-0.00541687,0.004043579,9.838989833048515,0.009668089503789617,97.36083984375,-8.881698608398438,5.0998992919921875,17774980.0,50354.0,0.07664970474720001,-0.008214172489000046,0.07332213435900527,0.0038460297045806104,-0.0004122719792122989,0.00364012270757949,17.77498097694479
1631,E,1551279389671064.0,1.5276642,9.631851,1.4317726136732982,163,1970-01-18 22:54:39.389671064,-0.0052490234,0.001159668,0.003540039,9.825360609889382,0.006436532657067201,97.35355377197266,-8.88346004486084,5.101016044616699,17825334.0,50354.0,0.0773608039352,-0.00793334823100006,0.07421148922470526,0.0038775225770967853,-0.0004065461291674427,0.0037144540409670803,17.82533498085104
1631,E,1551279440025068.0,1.5480347,9.6510315,1.4162696136732982,163,1970-01-18 22:54:39.440025068,-0.00062561035,0.0007171631,0.005584717,9.84924140389376,0.00566522507868114,97.34861755371094,-8.887725830078125,5.101771831512451,17875688.0,50354.0,0.0774368712053,-0.00798406729750005,0.07170515915790526,0.0038973410670123695,-0.00040075277076104726,0.0036737434563289856,17.87568898499012
1631,E,1551279490379072.0,1.5445251,9.621033,1.422769913673298,163,1970-01-18 22:54:39.490379072,-0.00018310547,-0.0014648438,0.0009613037,9.818495618008365,0.0017616468928749742,97.34344482421875,-8.891839027404785,5.1024932861328125,17926042.0,50354.0,0.0778613780846,-0.008256432083500015,0.07147849818000526,0.003909944022371812,-0.0004088870529154386,0.0036049349407965736,17.92604298889637
1631,E,1551279540733076.0,1.6131592,9.655319,1.4341377136732982,163,1970-01-18 22:54:39.540733076,0.0021362305,0.0032348633,0.0014038086,9.861704388513258,0.004122923708274396,97.33618927001953,-8.905001640319824,5.1037797927856445,17976396.0,50354.0,0.0795010176211,-0.00814848569600001,0.07192836333370527,0.003961913036682409,-0.00041302661493447214,0.00361055455233069,17.97639699303545
1631,E,1551279591087080.0,1.606781,9.6689,1.4858345136732982,163,1970-01-18 22:54:39.591087080,-0.0010986328,0.010009766,0.0040130615,9.867843436470892,0.010840067896778787,97.32112884521484,-8.91693115234375,5.106569766998291,18026750.0,50354.0,0.0810684344154,-0.006943338237000008,0.07351614076790526,0.00404265709392296,-0.0003799668511611415,0.0036618562797662486,18.0267509969417
1631,E,1551279641441083.0,1.5376892,9.621979,1.443888013673298,163,1970-01-18 22:54:39.641441083,-0.0031738281,0.0134887695,0.0030975342,9.815779350478296,0.014199112843859276,97.31326293945312,-8.919569969177246,5.108405590057373,18077105.0,50355.0,0.07916989846049999,-0.007782893977500027,0.07376308893226893,0.004034400625982972,-0.0003707697115805746,0.003708122805776136,18.077104999916628
1631,E,1551279691795087.0,1.5481415,9.652863,1.4605354136732982,163,1970-01-18 22:54:39.691795087,4.5776367e-05,0.020568848,0.0032958984,9.845705091728277,0.020831287761105943,97.30271911621094,-8.923048973083496,5.111030101776123,18127459.0,50354.0,0.0776919595339,-0.008186502966000047,0.07312466863030526,0.003949310998725009,-0.0004020615068465014,0.0036981930721529306,18.12745900405571
1631,E,1551279742149091.0,1.4898529,9.649872,1.4164527136732983,163,1970-01-18 22:54:39.742149091,0.00012207031,0.013290405,0.0039978027,9.839104801575365,0.013879200000458808,97.29898071289062,-8.917990684509277,5.112236022949219,18177813.0,50354.0,0.07648758500880001,-0.007484240905000031,0.07243393008220526,0.0038817783929515582,-0.000394542318440169,0.003664728839784878,18.17781300796196
1631,E,1551279792503095.0,1.4736481,9.661316,1.4110206136732981,163,1970-01-18 22:54:39.792503095,0.0066375732,0.016113281,0.0035247803,9.84856088910919,0.017779743494594834,97.29622650146484,-8.910455703735352,5.1134819984436035,18228167.0,50354.0,0.074612064677,-0.007271419724000047,0.07118729596260526,0.0038042358801393876,-0.000371503267656335,0.003615951608130195,18.22816701186821
1631,E,1551279842857099.0,1.5270233,9.651306,1.4110054136732981,163,1970-01-18 22:54:39.842857099,-0.0021209717,0.00030517578,0.0048065186,9.846879235492318,0.005262534965303837,97.29341888427734,-8.910966873168945,5.113885879516602,18278521.0,50354.0,0.0755479038378,-0.0072353159060000545,0.07105014929050525,0.0037805775272971203,-0.00036523608295651255,0.003581112159137563,18.27852101600729
1631,E,1551279893211103.0,1.5638123,9.637161,1.3989967136732981,163,1970-01-18 22:54:39.893211103,0.00044250488,0.006088257,0.0048675537,9.840288701583978,0.007807417171463076,97.29277801513672,-8.91707706451416,5.114256381988525,18328875.0,50354.0,0.0778179679012,-0.007843466341000018,0.07074742356020526,0.0038612925527728038,-0.00037963850063272084,0.0035700374916623387,18.32887501991354
1631,E,1551279943565107.0,1.5858765,9.595337,1.3949531136732982,163,1970-01-18 22:54:39.943565107,-0.00088500977,0.0076904297,0.01071167,9.80338483023071,0.013216119909131331,97.29346466064453,-8.927469253540039,5.114453315734863,18379229.0,50354.0,0.0792997149176,-0.009252597854,0.07034327480310526,0.003955751900328928,-0.00043042760823751547,0.003552240512693069,18.37922902405262
1631,E,1551279993919111.0,1.569397,9.61142,1.4552406136732983,163,1970-01-18 22:54:39.993919111,-0.005630493,0.0042266846,0.005844116,9.809087463971693,0.009149918357689437,97.28475952148438,-8.93476676940918,5.115928649902344,18429583.0,50354.0,0.0794403209095,-0.009900679011,0.07175932747340526,0.003996597882018897,-0.000482222051630105,0.0035777172175157053,18.42958302795887
1631,E,1551280044273115.0,1.5540619,9.58168,1.456613913673298,163,1970-01-18 22:54:40.044273115,-0.00062561035,0.0036315918,0.003753662,9.77733480083932,0.005260211566286889,97.27687072753906,-8.940251350402832,5.117305278778076,18479937.0,50354.0,0.07863932472530001,-0.010244521300000007,0.07331176143500527,0.00397997123814736,-0.0005071957082300472,0.0036524548054470522,18.47993703186512
1631,E,1551280094627119.0,1.5720978,9.604645,1.4741462136732981,163,1970-01-18 22:54:40.094627119,0.0019836426,-0.008529663,0.0009918213,9.800637714975291,0.008813268312563589,97.26641082763672,-8.947510719299316,5.1185221672058105,18530291.0,50354.0,0.07870732276690001,-0.010415095475000035,0.07378774772620526,0.00396151654391112,-0.0005201471715441761,0.003703524342151798,18.5302910360042
1631,E,1551280144981123.0,1.5879974,9.636826,1.466074313673298,163,1970-01-18 22:54:40.144981123,0.008987427,0.00091552734,-0.002243042,9.83568245493169,0.009308236772041225,97.25711059570312,-8.956003189086914,5.1200995445251465,18580645.0,50354.0,0.0795617168504,-0.009026684633000064,0.07402593221700526,0.003984739610444763,-0.0004894856977791186,0.003721505019930212,18.58064503991045
1631,E,1551280195335126.0,1.5370941,9.653244,1.4095405136732981,163,1970-01-18 22:54:40.195335126,0.005783081,-0.007598877,-0.001953125,9.850526343536018,0.009746879232827039,97.25589752197266,-8.956389427185059,5.11997127532959,18630999.0,50354.0,0.0786804286955,-0.007803107610000035,0.07239935450810525,0.003984062498409125,-0.0004237236793020135,0.003686549443878108,18.630999042885378
1631,E,1551280245689130.0,1.5768585,9.630737,1.4259437136732982,163,1970-01-18 22:54:40.245689130,0.0066223145,-0.00289917,-0.0017242432,9.832749305753262,0.007431907604280108,97.25274658203125,-8.963081359863281,5.120382308959961,18681353.0,50354.0,0.07839998461020001,-0.007956410363000018,0.07138898639190526,0.003954813565797609,-0.00039677738400622234,0.003620159058839565,18.68135304702446
1631,E,1551280296043134.0,1.5711517,9.645874,1.428354613673298,163,1970-01-18 22:54:40.296043134,0.009277344,-0.0046691895,-0.0027160645,9.846369521681364,0.010735336447890513,97.24919128417969,-8.968385696411133,5.120797157287598,18731707.0,50354.0,0.0792574528054,-0.00814196485300006,0.07186266898760525,0.003969341301812561,-0.00040530879281323396,0.0036066469274899362,18.73170705093071
1631,E,1551280346397138.0,1.579773,9.6462555,1.4551185136732983,163,1970-01-18 22:54:40.346397138,0.008270264,-0.0034179688,-0.000869751,9.844897656464505,0.008990897850018675,97.24174499511719,-8.974963188171387,5.121860980987549,18782061.0,50354.0,0.0793308311719,-0.007751255578500043,0.07259720292720526,0.003992777225696483,-0.0004001436108038781,0.003637066195199185,18.78206105506979
1631,E,1551280396751142.0,1.5374908,9.665466,1.4746955136732982,163,1970-01-18 22:54:40.396751142,0.0051879883,-0.0035705566,-0.00010681152,9.854727088295235,0.006298849556509916,97.23113250732422,-8.974960327148438,5.123383522033691,18832415.0,50354.0,0.0784833506926,-0.007257987794500014,0.07376392776650527,0.003973287656802517,-0.00037788772040202247,0.0036849341874755507,18.83241505897604
1631,E,1551280447105146.0,1.4897919,9.607193,1.433802013673298,163,1970-01-18 22:54:40.447105146,0.011138916,-0.0020446777,-0.00010681152,9.795110254093595,0.01132552715120749,97.22809600830078,-8.969279289245605,5.123844623565674,18882769.0,50354.0,0.0762178965379,-0.008241464357000015,0.07322724224600526,0.0038949133015222987,-0.00039022970681831625,0.0037007966874049777,18.88276906288229
1631,E,1551280497459150.0,1.5007324,9.614914,1.407999413673298,163,1970-01-18 22:54:40.497459150,0.013671875,-0.0032806396,0.00021362305,9.807528673920473,0.014061592975484835,97.22891235351562,-8.96508502960205,5.123661994934082,18933123.0,50354.0,0.0752924303011,-0.009514212061000006,0.07154803453630526,0.0038145754988255036,-0.0004470346651759866,0.003645007143548232,18.93312306702137
1631,E,1551280547813154.0,1.5207367,9.6540985,1.4354957136732982,163,1970-01-18 22:54:40.547813154,0.007461548,-0.0075683594,0.00035095215,9.845646887014237,0.010633810698684737,97.22469329833984,-8.963061332702637,5.12400484085083,18983477.0,50354.0,0.07607152753070001,-0.008333272287500023,0.07159067682120526,0.003810890366331229,-0.0004493461134421853,0.0036038033358480426,18.98347707092762
1631,E,1551280598167158.0,1.5382538,9.639435,1.4062294136732982,163,1970-01-18 22:54:40.598167158,0.010879517,-0.011230469,-0.0008544922,9.83758629866737,0.015659421478238296,97.22532653808594,-8.96377182006836,5.123446464538574,19033831.0,50354.0,0.07701620381850001,-0.007715907070500022,0.07154611353120527,0.003854289812178809,-0.0004040701886963671,0.00360375497070264,19.0338310750667
1631,E,1551280648521162.0,1.5572357,9.646515,1.4129127136732982,163,1970-01-18 22:54:40.648521162,0.013763428,-0.014678955,-0.00074768066,9.846680571340807,0.020136104304769257,97.22500610351562,-8.967033386230469,5.122889041900635,19084185.0,50354.0,0.07793513914149999,-0.00790683685,0.07097754134020527,0.0039012099617039206,-0.00039333382368642906,0.003588318058697504,19.08418507897295
1631,E,1551280698875165.0,1.5367279,9.6601715,1.4121803136732982,163,1970-01-18 22:54:40.698875165,0.011383057,-0.019470215,-0.002243042,9.856932094564831,0.022664829499143335,97.22445678710938,-8.966853141784668,5.122121810913086,19134539.0,50354.0,0.0778967215572,-0.0073847539895,0.07112736714950527,0.003923378756811169,-0.0003849963825660915,0.003577775281045442,19.134539081947878
1631,E,1551280749229169.0,1.5669098,9.627808,1.4237007136732982,163,1970-01-18 22:54:40.749229169,0.014328003,-0.019165039,-0.002243042,9.828564111989555,0.024033760156357015,97.22298431396484,-8.971787452697754,5.121538162231445,19184893.0,50354.0,0.0781402863729,-0.007855740128500023,0.07139897662550526,0.003928543748656128,-0.0003837099204088866,0.00358838575722344,19.184893085854128
1631,E,1551280799583173.0,1.5626984,9.625046,1.4255775136732982,163,1970-01-18 22:54:40.799583173,0.013946533,-0.0140686035,-0.0014953613,9.82495793699683,0.019866240021147407,97.22126770019531,-8.976129531860352,5.12123441696167,19235247.0,50354.0,0.0787941456514,-0.008740094842000055,0.07173627792990526,0.003951138195075802,-0.00041783333705228056,0.0036037163039415714,19.23524708999321
1631,E,1551280849937177.0,1.5597992,9.594788,1.3805641136732982,163,1970-01-18 22:54:40.849937177,0.014389038,-0.004699707,-0.0019836426,9.800483915377281,0.015266515595112978,97.2267074584961,-8.980546951293945,5.1202802658081055,19285601.0,50354.0,0.07861512207520001,-0.009571439382000068,0.07065022775170526,0.003963093133552609,-0.0004610294971576511,0.003584865053545909,19.28560109389946
1631,E,1551280900291181.0,1.5559845,9.608856,1.3738655136732982,163,1970-01-18 22:54:40.900291181,0.016464233,0.0029907227,-0.0042877197,9.814505363991987,0.017274256301570624,97.2327651977539,-8.983894348144531,5.119637489318848,19335955.0,50354.0,0.07844608621490001,-0.009979055012000066,0.06934827472770526,0.003954330041119848,-0.0004922227973577414,0.0035247422969241194,19.33595509803854
1631,E,1551280950645185.0,1.5302734,9.620438,1.3605140136732983,163,1970-01-18 22:54:40.950645185,0.015289307,0.006286621,-0.005722046,9.823520268156912,0.017493608048770443,97.24031829833984,-8.983099937438965,5.11892032623291,19386309.0,50354.0,0.0777027151483,-0.00933326496200005,0.06884347336000526,0.003931358371921287,-0.000486226279985401,0.003479253641604288,19.38630910194479
1631,E,1551281000999189.0,1.5609436,9.61644,1.3550209136732982,163,1970-01-18 22:54:41.000999189,0.014022827,0.008544922,-0.0076293945,9.825141561895421,0.01810698841593055,97.24848175048828,-8.986736297607422,5.118220806121826,19436663.0,50354.0,0.07782757040900001,-0.009142322594000015,0.06836902286580528,0.003915785999476143,-0.0004651598678974137,0.0034545990174772324,19.43666310585104
1631,E,1551281051353193.0,1.5088959,9.633423,1.3353065136732982,163,1970-01-18 22:54:41.051353193,0.013442993,0.004928589,-0.0020446777,9.836215582643849,0.014463255415909908,97.25900268554688,-8.9826078414917,5.116937637329102,19487017.0,50354.0,0.07728934909150001,-0.008815399249000004,0.06773437363830526,0.003905378682264089,-0.0004521215628412115,0.0034266752137839906,19.48701710999012
1631,E,1551281101707197.0,1.4918518,9.649689,1.3487953136732982,163,1970-01-18 22:54:41.101707197,0.011245728,0.0046081543,-0.0066375732,9.847789308669169,0.013847702419100098,97.26685333251953,-8.975577354431152,5.116065979003906,19537371.0,50354.0,0.0755498248429,-0.007978289176000013,0.06757763170710526,0.003848031882146389,-0.0004228146934762254,0.0034067503585814007,19.53737111389637
1631,E,1551281152061201.0,1.5063629,9.659592,1.3482154136732982,163,1970-01-18 22:54:41.152061201,0.012039185,0.0033569336,-0.00579834,9.859775131409707,0.01377794343923047,97.27445983886719,-8.970624923706055,5.115174293518066,19587725.0,50354.0,0.0754860515019,-0.007319432263000027,0.06790263908240526,0.00380263025873303,-0.000385150732669704,0.0034109867776675067,19.58772511803545
1631,E,1551281202415205.0,1.489563,9.662918,1.3651985136732983,163,1970-01-18 22:54:41.202415205,0.010879517,-0.0015258789,-0.0024108887,9.85829162791972,0.011247425522960439,97.27932739257812,-8.963494300842285,5.114442348480225,19638079.0,50354.0,0.0754284263843,-0.006986365730000051,0.06831562244880526,0.0037995738097408574,-0.000360177076069763,0.0034295671705712877,19.6380791219417
1631,E,1551281252769208.0,1.5017242,9.653198,1.3339485136732983,163,1970-01-18 22:54:41.252769208,0.008270264,-0.0034637451,-0.0021972656,9.854666506431796,0.009231618106508379,97.2886962890625,-8.958413124084473,5.112892150878906,19688433.0,50354.0,0.07531163783440001,-0.007147347468000057,0.06795642470750526,0.0037951825968342103,-0.00035584449718604875,0.0034309213312544305,19.688433124916628
1631,E,1551281303123212.0,1.4840393,9.64975,1.3687538136732982,163,1970-01-18 22:54:41.303123212,0.0043945313,-0.009399414,6.1035156e-05,9.844095254489286,0.010376156040670536,97.29267120361328,-8.951163291931152,5.111846923828125,19738787.0,50354.0,0.0751725676395,-0.007478878204000065,0.06804593649560527,0.003788740841216381,-0.0003682444837439471,0.0034241314480107144,19.73878712905571
1631,E,1551281353477216.0,1.4532013,9.656052,1.3239540136732981,163,1970-01-18 22:54:41.353477216,0.005493164,-0.007446289,-0.0002746582,9.851504928455743,0.009257294838625602,97.30301666259766,-8.939395904541016,5.10991907119751,19789141.0,50354.0,0.0739509065862,-0.007407023046000038,0.06779430496910525,0.003754481710580449,-0.00037478233577125264,0.003420049759357017,19.78914113296196
1631,E,1551281403831220.0,1.4717102,9.668457,1.2987159136732982,163,1970-01-18 22:54:41.403831220,0.0045318604,-0.011734009,0.0009613037,9.869775899424965,0.012615420353710093,97.31648254394531,-8.930279731750488,5.107277870178223,19839495.0,50354.0,0.0736404968355,-0.0069360369070000155,0.06603096076080525,0.0037159087639481417,-0.0003611152204366824,0.0033693187152819565,19.83949513686821
1631,E,1551281454185224.0,1.5257568,9.651199,1.3447517136732983,163,1970-01-18 22:54:41.454185224,0.0053253174,-0.007385254,6.1035156e-05,9.85498724752961,0.009105202213324353,97.32327270507812,-8.929640769958496,5.1059041023254395,19889849.0,50354.0,0.075467226659,-0.0070582208880000325,0.06655458445370525,0.003754085154421027,-0.0003523334285047162,0.003338106271865731,19.88984914100729
1631,E,1551281504539228.0,1.5304413,9.653824,1.3605751136732982,163,1970-01-18 22:54:41.504539228,0.005630493,-0.0036773682,-0.002090454,9.85623660219841,0.007042406281061626,97.32752990722656,-8.929595947265625,5.105123996734619,19940203.0,50354.0,0.07694589956369999,-0.00742663592900003,0.06811201353210526,0.0038373052789089177,-0.0003646852400816106,0.0033905009374887514,19.94020314491354
1631,E,1551281554893232.0,1.5054016,9.66539,1.310663613673298,163,1970-01-18 22:54:41.554893232,0.005432129,-0.0035705566,-0.0018920898,9.870251113486757,0.006770295689089849,97.33867645263672,-8.925567626953125,5.103267669677734,19990557.0,50354.0,0.07643341669329999,-0.007069349122000022,0.06725377743840526,0.0038616310454024885,-0.0003649654156290283,0.0034081045192645436,19.99055714905262
1631,E,1551281605247236.0,1.5132904,9.647156,1.2889045136732982,163,1970-01-18 22:54:41.605247236,0.0036468506,-0.004714966,-0.000579834,9.85653770340381,0.005988875616293292,97.35302734375,-8.923171043395996,5.10084342956543,20040911.0,50354.0,0.07600160848399999,-0.0072372293580000085,0.06544932674220526,0.0038378566288888817,-0.00036019672639096075,0.003341066053955231,20.04091115295887
1631,E,1551281655601240.0,1.5124207,9.658936,1.3155159136732981,163,1970-01-18 22:54:41.655601240,0.0011901855,-0.0037384033,0.00030517578,9.86435795067481,0.003935140787133256,97.36279296875,-8.920577049255371,5.099156379699707,20091265.0,50354.0,0.07617832836470001,-0.007399721716000002,0.06557149309930527,0.0038314342700397205,-0.00036851451719009827,0.003298711181149711,20.09126515686512
1631,E,1551281705955244.0,1.4744568,9.667786,1.3183998136732982,163,1970-01-18 22:54:41.705955244,-0.00021362305,-0.008529663,0.0010375977,9.866896313510214,0.008595196023832475,97.37165832519531,-8.912416458129883,5.097353458404541,20141619.0,50354.0,0.07520061481750001,-0.006880320206000032,0.06631409626740525,0.00381126765249825,-0.0003595286154701949,0.003320483483485671,20.1416191610042
1631,E,1551281756309248.0,1.4464569,9.682556,1.312052113673298,163,1970-01-18 22:54:41.756309248,-0.0005493164,-0.008422852,-0.00061035156,9.87807322534168,0.008462784018749822,97.38092803955078,-8.900030136108398,5.095504283905029,20191973.0,50354.0,0.0735398442249,-0.006285639466000049,0.06622688817480527,0.0037448385373105054,-0.00033147936666194606,0.0033369843653015346,20.19197316491045
1631,E,1551281806663251.0,1.4573364,9.655472,1.3177742136732982,163,1970-01-18 22:54:41.806663251,-0.0032958984,-0.008468628,0.002029419,9.852367328882902,0.009311237723475198,97.38954162597656,-8.890235900878906,5.093720436096191,20242327.0,50354.0,0.0731088039141,-0.006595669044000048,0.06621113744360527,0.003692173014195603,-0.00032431270435627247,0.003334392170994722,20.242327167885378
1631,E,1551281857017255.0,1.4787292,9.637665,1.3191322136732981,163,1970-01-18 22:54:41.857017255,-0.0043792725,-0.0057678223,0.0041656494,9.837928772298053,0.00835454586661381,97.39801025390625,-8.884273529052734,5.092068672180176,20292681.0,50354.0,0.0739213236112,-0.007725889751000042,0.06638939312130525,0.0037017775207044785,-0.0003605738857817173,0.0033384835580327517,20.29268117202446
1631,E,1551281907371259.0,1.4743652,9.648132,1.3452247136732982,163,1970-01-18 22:54:41.907371259,-0.0054473877,-0.006378174,0.0014648438,9.8440940481121,0.008514746249113107,97.40220642089844,-8.877541542053223,5.091057777404785,20343035.0,50354.0,0.07435005770880002,-0.007910688931000023,0.06708051435980526,0.0037330285674936404,-0.00039368214147671567,0.0033603718606519195,20.34303517593071
1631,E,1551281957725263.0,1.4945984,9.670197,1.3437294136732982,163,1970-01-18 22:54:41.957725263,-0.0070648193,-0.007369995,0.0037231445,9.868959278712222,0.010866936229202678,97.40601348876953,-8.873506546020508,5.090031147003174,20393389.0,50354.0,0.07474959655720001,-0.007091630767000028,0.06769979806420526,0.0037538819954550827,-0.0003777134030365473,0.003393363925899313,20.39338918006979
1631,E,1551282008079267.0,1.4880371,9.667862,1.3209327136732982,163,1970-01-18 22:54:42.008079267,-0.008102417,-0.0063171387,0.007369995,9.868673428532398,0.012644059035647996,97.41302490234375,-8.868805885314941,5.088529586791992,20443743.0,50354.0,0.0750938139835,-0.00659488855700005,0.06708819838020526,0.003772607547183204,-0.00034458549702034996,0.0033935573864809243,20.44374318397604
1631,E,1551282058433271.0,1.4816437,9.6571045,1.3503059136732982,163,1970-01-18 22:54:42.058433271,-0.008666992,-0.008544922,0.005706787,9.85331959541569,0.013442464810350704,97.4157943725586,-8.863523483276367,5.087582588195801,20494097.0,50354.0,0.0747676535016,-0.006924518429500027,0.06725377492070526,0.0037730621668723625,-0.0003403781096991125,0.0033823278617970244,20.49409718788229
1631,E,1551282108787275.0,1.5221405,9.657028,1.4027809136732983,163,1970-01-18 22:54:42.108787275,-0.009170532,-0.0032806396,0.0041656494,9.852751570844163,0.010593105695301664,97.41075897216797,-8.864299774169922,5.088099002838135,20544451.0,50354.0,0.0756262748034,-0.007197286047500005,0.06931446705210526,0.0037864679329349853,-0.0003555446713174298,0.003438378628149451,20.54445119202137
1631,E,1551282159141279.0,1.5197906,9.621765,1.374781013673298,163,1970-01-18 22:54:42.159141279,-0.003479004,0.0032958984,0.0053100586,9.82136159152287,0.007152841213851494,97.41085052490234,-8.865524291992188,5.088186740875244,20594805.0,50354.0,0.07658669930470001,-0.00808702863900003,0.06993067664480526,0.0038322660491196345,-0.0003848131908620114,0.003505774982857116,20.59480519592762
1631,E,1551282209495283.0,1.4802704,9.627609,1.3324684136732983,163,1970-01-18 22:54:42.209495283,0.0043945313,0.0032958984,0.0028381348,9.826542304017789,0.006183030062418692,97.41740417480469,-8.860651016235352,5.087353229522705,20645159.0,50354.0,0.075532535797,-0.008827710802000047,0.06816041883230527,0.0038299059821555012,-0.0004258623949060589,0.0034767195108272118,20.6451592000667
1631,E,1551282259841420.0,1.537384,9.650742,1.3435157136732983,163,1970-01-18 22:54:42.259841420,0.0044555664,0.0056762695,-0.003692627,9.856507626144465,0.008106022547622738,97.42169952392578,-8.863324165344238,5.087027072906494,20695505.0,50346.0,0.07596341421120001,-0.008096870277000064,0.06736254843769587,0.003813607549556419,-0.0004260424795016699,0.0034115196550877384,20.695505336858332
1631,E,1551282310195423.0,1.5167694,9.6188965,1.3787330136732983,163,1970-01-18 22:54:42.310195423,0.0099487305,0.008178711,-0.0046691895,9.817580472917912,0.0136992657748531,97.42161560058594,-8.863751411437988,5.08754825592041,20745859.0,50354.0,0.07689442015180001,-0.008317511485500056,0.06853805620840527,0.0038485016957572516,-0.0004132648896344656,0.003421569523174889,20.74585934006609
1631,E,1551282360549427.0,1.477478,9.632111,1.3522743136732982,163,1970-01-18 22:54:42.360549427,0.022232056,0.015472412,-0.0033111572,9.827942223772652,0.027287792308796105,97.42570495605469,-8.858251571655273,5.0878682136535645,20796213.0,50354.0,0.07538616678980001,-0.008786584172500035,0.06875857148060527,0.0038339683374286637,-0.0004306298163814683,0.003456717195326218,20.79621334397234
1631,E,1551282410903431.0,1.4483795,9.652023,1.311426513673298,163,1970-01-18 22:54:42.410903431,0.02279663,0.015426636,-0.008255005,9.848512613197034,0.02873695434772831,97.4352798461914,-8.847911834716797,5.087375640869141,20846567.0,50354.0,0.0736643142775,-0.00795255828200004,0.06706399573010526,0.0037526439618314126,-0.00042144138957694844,0.0034196047746640587,20.84656734787859
1631,E,1551282461257435.0,1.423523,9.655304,1.3103279136732982,163,1970-01-18 22:54:42.461257435,0.017181396,0.008117676,-0.010604858,9.848251467826085,0.021761434818273268,97.44451904296875,-8.834020614624023,5.086557388305664,20896921.0,50354.0,0.0723058892425,-0.007368628121000061,0.06600791121730526,0.0036750918140230405,-0.00038574151006833354,0.003350351401214954,20.89692135201767
1631,E,1551282511611439.0,1.440506,9.673904,1.3111213136732982,163,1970-01-18 22:54:42.511611439,0.007858276,0.0010375977,-0.009719849,9.868846411954426,0.01254211207341181,97.45259857177734,-8.822525024414062,5.085487365722656,20947275.0,50354.0,0.07210765813300002,-0.006817730184000049,0.06600022719690526,0.0036358998822729645,-0.0003571699430449878,0.0033235689008545787,20.94727535592392
1631,E,1551282561965443.0,1.4219666,9.644455,1.3790687136732982,163,1970-01-18 22:54:42.561965443,0.0032043457,-0.01159668,-0.009719849,9.82841744848913,0.015466941616567557,97.4510269165039,-8.809374809265137,5.085250377655029,20997629.0,50354.0,0.07206847265020001,-0.0070908754570000124,0.06773091431850527,0.003629922444728627,-0.00035017696422345857,0.0033669489499334915,20.997629360063
1631,E,1551282612319447.0,1.4472198,9.624207,1.3597206136732982,163,1970-01-18 22:54:42.612319447,0.0017089844,-0.024520874,-0.005203247,9.814723845550759,0.025125040671535807,97.45272827148438,-8.800710678100586,5.083835124969482,21047983.0,50354.0,0.07223750599280002,-0.008342096826000015,0.06895449889460527,0.0036331916242948125,-0.0003885559431690917,0.003441328648466484,21.04798336396925
1631,E,1551282662673451.0,1.4619751,9.680328,1.286249513673298,163,1970-01-18 22:54:42.662673451,-0.0021820068,-0.024841309,-0.0002746582,9.881645044107467,0.024938468750818572,97.46379089355469,-8.79322338104248,5.080908298492432,21098337.0,50354.0,0.0732447999973,-0.0074389223050000475,0.06661758989620527,0.003662808017912749,-0.0003973187186611886,0.003413298479486237,21.0983373678755
1631,E,1551282713027455.0,1.4468231,9.662155,1.2794899136732982,163,1970-01-18 22:54:42.713027455,-0.007797241,-0.034240723,0.0029449463,9.862530673862416,0.03524055600419343,97.47576141357422,-8.78421688079834,5.077327251434326,21148691.0,50354.0,0.07323481228140001,-0.006483505509000045,0.06459762156230525,0.0036879171983408305,-0.0003505249650730803,0.0033036053788909193,21.148691372014582
1631,E,1551282763381459.0,1.5023193,9.597,1.3337654136732982,163,1970-01-18 22:54:42.763381459,-0.0116119385,-0.032730103,0.0034942627,9.799739334009216,0.034904249453827293,97.4805679321289,-8.78503131866455,5.074875831604004,21199045.0,50354.0,0.0742505582048,-0.008581454565000042,0.06579392937660526,0.0037132391727310583,-0.00037929049978310017,0.0032828680779889504,21.199045375920832
1631,E,1551282813735463.0,1.5096893,9.630661,1.3667549136732982,163,1970-01-18 22:54:42.813735463,-0.009597778,-0.010314941,0.012145996,9.829547074861837,0.01860216571270079,97.47972106933594,-8.786811828613281,5.074349403381348,21249399.0,50354.0,0.07583334052219999,-0.00937437900300005,0.06799100028160525,0.0037786623182496796,-0.0004520740217415384,0.0033683031740047663,21.249399380059913
1631,E,1551282864089466.0,1.4924164,9.684006,1.3496955136732982,163,1970-01-18 22:54:42.864089466,-0.008102417,-0.009429932,0.019805908,9.881387098811794,0.023384755086829048,97.48043823242188,-8.785232543945312,5.073589324951172,21299753.0,50354.0,0.0755840152089,-0.0071838289410000354,0.06839207240930525,0.003812234765241905,-0.00041688600140609014,0.0034337166211390537,21.29975338303484
1631,E,1551282914443470.0,1.4939575,9.652618,1.3026680136732982,163,1970-01-18 22:54:42.914443470,-0.0066833496,0.010391235,0.009170532,9.857075384548743,0.01538647405561356,97.4885025024414,-8.784065246582031,5.072756767272949,21350107.0,50354.0,0.07518793568030001,-0.006631017552000024,0.06677855652800527,0.003795985407537389,-0.0003478163901542625,0.0034031909247546673,21.35010738694109
1631,E,1551282964797474.0,1.4246368,9.647705,1.2481330136732982,163,1970-01-18 22:54:42.964797474,-0.0038452148,0.013320923,0.008056641,9.84948433744172,0.016035651861803096,97.50454711914062,-8.77287483215332,5.070881366729736,21400461.0,50354.0,0.0734814486911,-0.007544967829000022,0.06422151746550527,0.003743049090318738,-0.0003569087839374382,0.0032981888629346153,21.40046139108017
1631,E,1551283015151478.0,1.4414673,9.648514,1.2987312136732982,163,1970-01-18 22:54:43.015151478,-0.007095337,-0.0029144287,0.012023926,9.845765299605793,0.01426227535298729,97.51272583007812,-8.764598846435547,5.06935453414917,21450815.0,50354.0,0.07215990292570001,-0.007648294237000019,0.06412240065190526,0.0036668123096561746,-0.00038252075903568307,0.003231314826442045,21.45081539498642
1631,E,1551283065505482.0,1.4866943,9.595398,1.305719713673298,163,1970-01-18 22:54:43.065505482,-0.00843811,0.004058838,0.0075683594,9.799532323093409,0.012039764544620978,97.52066802978516,-8.764042854309082,5.068234920501709,21501169.0,50354.0,0.07372232460320001,-0.008965227576000039,0.06557226099780526,0.0036728768424951156,-0.0004182786386859025,0.003265322496354762,21.50116939889267
1631,E,1551283115859486.0,1.4590759,9.644531,1.4000190136732982,163,1970-01-18 22:54:43.115859486,-0.010345459,0.004486084,0.012680054,9.83129031319124,0.016968713593512416,97.51351928710938,-8.75897216796875,5.0693793296813965,21551523.0,50354.0,0.07416565632540001,-0.009065507567000034,0.06812238393840526,0.0037233756958393624,-0.00045395981869531286,0.0033660300755589726,21.55152340303175
1631,E,1551283166213490.0,1.5305023,9.6319275,1.3941902136732982,163,1970-01-18 22:54:43.166213490,-0.017349243,-0.004562378,0.012161255,9.830524127105521,0.021672739763651434,97.50739288330078,-8.76449203491211,5.06988000869751,21601877.0,50354.0,0.0752686103414,-0.008145804345500027,0.07034980571690526,0.003762306531870024,-0.00043332920002101406,0.0034863143189517534,21.601877406938
1631,E,1551283216567494.0,1.6195679,9.610306,1.3962043136732982,163,1970-01-18 22:54:43.216567494,-0.0053863525,0.001739502,0.006011963,9.823377974931574,0.008257261021405903,97.50205993652344,-8.782928466796875,5.07069730758667,21652231.0,50354.0,0.07930931742540001,-0.009007487170500053,0.07025376301500527,0.0038918084873847242,-0.00043186842049833403,0.003539976049963312,21.652231411077082
1631,E,1551283266921498.0,1.5360565,9.672455,1.3920539136732981,163,1970-01-18 22:54:43.266921498,0.002746582,0.010040283,0.008026123,9.871366277302513,0.013144186768832144,97.49667358398438,-8.787623405456543,5.071985721588135,21702585.0,50354.0,0.0794491555188,-0.007987126303000063,0.07019997738990527,0.003997062073316124,-0.00042787338342231246,0.003536203822174433,21.702585414983332
1631,E,1551283317275502.0,1.4851379,9.6484375,1.3051857136732983,163,1970-01-18 22:54:43.317275502,0.0020751953,0.00093078613,0.0032806396,9.851309785070544,0.003991916148672292,97.50453186035156,-8.784870147705078,5.0708208084106445,21752939.0,50354.0,0.0760646114088,-0.007027089527500053,0.06790840209770527,0.003915370109936186,-0.0003780129119645014,0.003477154670359571,21.752939418889582
1631,E,1551283367629506.0,1.517395,9.669922,1.3281807136732982,163,1970-01-18 22:54:43.367629506,-0.0031280518,-0.006210327,0.001739502,9.874203100611107,0.0071678962547191095,97.50824737548828,-8.786291122436523,5.06991720199585,21803293.0,50354.0,0.07559477082330002,-0.007090862868500044,0.06630026654130526,0.0038183282664575823,-0.00035544768747409447,0.0033789716503243687,21.803293423028663
1631,E,1551283417983509.0,1.5295258,9.669571,1.3365730136732983,163,1970-01-18 22:54:43.417983509,-0.0025787354,-0.0035247803,0.0035858154,9.874629648612707,0.005650842814072819,97.51065063476562,-8.789556503295898,5.069334506988525,21853647.0,50354.0,0.07671232498160001,-0.006558784739000057,0.06709050459340526,0.0038346357510799685,-0.0003436571778140301,0.0033583794448586073,21.85364742600359
1631,E,1551283468337513.0,1.5323639,9.651489,1.3319801136732983,163,1970-01-18 22:54:43.468337513,0.0014343262,0.004989624,0.0002593994,9.857967478735013,0.005198165768624813,97.51412963867188,-8.793424606323242,5.069053649902344,21904001.0,50354.0,0.0770891969769,-0.007022872380000055,0.06718616208720526,0.0038722609183491547,-0.0003419453812850658,0.0033806836370177313,21.90400142990984
1631,E,1551283518691517.0,1.5477142,9.673431,1.3619178136732981,163,1970-01-18 22:54:43.518691517,0.0017852783,0.003616333,0.0043640137,9.877961119894401,0.005942196441479159,97.5127944946289,-8.7991943359375,5.069422721862793,21954355.0,50354.0,0.07754712632369999,-0.006925689160000022,0.06782426811680527,0.0038932787117392067,-0.000351182933892582,0.0033991576012463737,21.95435543404892
1631,E,1551283569045521.0,1.531311,9.622192,1.3742317136732982,163,1970-01-18 22:54:43.569045521,0.0007019043,0.009414673,0.00390625,9.823639238178945,0.010217021405761442,97.51055145263672,-8.803662300109863,5.070204734802246,22004709.0,50354.0,0.07752061746040001,-0.007663299729000015,0.06888803665000526,0.0039041405852522854,-0.000367306973258354,0.003442005697113988,22.00470943795517
1631,E,1551283619399525.0,1.516922,9.635986,1.398218513673298,163,1970-01-18 22:54:43.619399525,0.004470825,0.01184082,0.0030975342,9.831891625699047,0.013030272927809096,97.50477600097656,-8.805689811706543,5.071683883666992,22055063.0,50354.0,0.07674536224100001,-0.008606052494000014,0.06980197937390525,0.0038839545709421484,-0.00040961348091847174,0.0034917985334339953,22.05506344186142
1631,E,1551283669753529.0,1.5146027,9.608856,1.400324213673298,163,1970-01-18 22:54:43.669753529,0.008224487,0.015090942,-0.0009765625,9.804681224768276,0.0172143077460855,97.49951934814453,-8.80776309967041,5.073300361633301,22105417.0,50354.0,0.07632469737190001,-0.00894181296600003,0.07045891024640526,0.003853844890873984,-0.00044180260868642113,0.0035313484179705585,22.1054174460005
1631,E,1551283720107533.0,1.5017548,9.650238,1.3986305136732982,163,1970-01-18 22:54:43.720107533,0.0056915283,0.012817383,0.00022888184,9.843483225342403,0.014026089556789223,97.49372863769531,-8.807051658630371,5.074854373931885,22155771.0,50354.0,0.0759428327775,-0.008582990362000055,0.07046928317040527,0.0038336396065714443,-0.00044122197338905815,0.0035481491256550385,22.15577144990675
1631,E,1551283770461537.0,1.5053558,9.614105,1.365229013673298,163,1970-01-18 22:54:43.770461537,0.001373291,0.0035095215,0.0018005371,9.812857158334198,0.0041766736978269756,97.49352264404297,-8.807598114013672,5.075056552886963,22206125.0,50354.0,0.0757100235762,-0.00845083628900003,0.06958569132000526,0.0038181639644171055,-0.0004288606535922292,0.0035261640927450664,22.206125454045832
1631,E,1551283820815541.0,1.5112762,9.612793,1.327143113673298,163,1970-01-18 22:54:43.820815541,0.005569458,0.011428833,0.00289917,9.817456475909827,0.013040025799228812,97.49907684326172,-8.80900764465332,5.0747904777526855,22256479.0,50354.0,0.07594974386400001,-0.00939358905400003,0.06778585305020525,0.003818337964841916,-0.0004492690968607125,0.0034586033726087904,22.256479457952082
1631,E,1551283871169545.0,1.5393066,9.612213,1.349115713673298,163,1970-01-18 22:54:43.871169545,0.0042419434,0.007019043,-0.0012359619,9.818356202277272,0.008293892346956534,97.50123596191406,-8.814266204833984,5.07484245300293,22306833.0,50354.0,0.0768045231556,-0.009441223938000023,0.06738016849610526,0.0038458941807524697,-0.0004742040866995853,0.00340307492447146,22.306833461858332
1631,E,1551283921523548.0,1.5006256,9.638657,1.340174113673298,163,1970-01-18 22:54:43.921523548,0.008895874,0.013305664,0.0030212402,9.839438738297858,0.016288190846465055,97.50435638427734,-8.813459396362305,5.075068473815918,22357187.0,50354.0,0.0765363729994,-0.008790046010000016,0.06770824998310526,0.0038606637424944356,-0.00045900868348079703,0.0034011211120510833,22.35718746506609
1631,E,1551283971877552.0,1.5159302,9.6311035,1.3986305136732982,163,1970-01-18 22:54:43.971877552,0.006576538,0.004623413,0.0015716553,9.826901855143081,0.008191269756028737,97.49891662597656,-8.815083503723145,5.07616662979126,22407541.0,50354.0,0.0759478253766,-0.008314439891500028,0.06895488410270526,0.003839094662512552,-0.0004306396415420666,0.0034407677268784515,22.40754146897234
1631,E,1551284022231556.0,1.5139465,9.674698,1.3759407136732982,163,1970-01-18 22:54:44.022231556,0.007522583,0.004837036,0.0009613037,9.872179492245632,0.008995014011151884,97.49615478515625,-8.815321922302246,5.076876640319824,22457895.0,50354.0,0.07628320567590001,-0.007407035634500052,0.06985537979090527,0.0038327206688087935,-0.000395819589318104,0.003494826014049432,22.45789547287859
1631,E,1551284072585560.0,1.5082855,9.694931,1.3323310136732982,163,1970-01-18 22:54:44.072585560,0.001739502,0.0001373291,0.003616333,9.896759392062057,0.004015294616413571,97.49917602539062,-8.8142728805542,5.076411724090576,22508249.0,50354.0,0.076090735064,-0.005800050667000042,0.06818615727940526,0.003836318706008463,-0.00033251481181286786,0.0034754717788192083,22.50824947701767
1631,E,1551284122939564.0,1.5153809,9.659332,1.350626313673298,163,1970-01-18 22:54:44.122939564,-0.0013427734,0.0052490234,0.005065918,9.860589580172352,0.007417466699636685,97.49996185302734,-8.815208435058594,5.076507091522217,22558603.0,50354.0,0.0761268489528,-0.0061869204490000475,0.06754881663060526,0.0038323821127909745,-0.0003017959717875343,0.003417399438132335,22.55860348092392
1631,E,1551284173293568.0,1.51297,9.657791,1.3397773136732982,163,1970-01-18 22:54:44.173293568,0.0045928955,-0.0051879883,0.006134033,9.860121514065735,0.009253986844595476,97.5027084350586,-8.815762519836426,5.075828552246094,22608957.0,50354.0,0.0762447906093,-0.0071219942290000685,0.06773629212570526,0.003836260769254992,-0.00033507854484800893,0.0034060731831576296,22.608957485063
1631,E,1551284223647572.0,1.5324097,9.662964,1.433710413673298,163,1970-01-18 22:54:44.223647572,0.005783081,0.008010864,-0.0009460449,9.856364401662663,0.009925369959445996,97.49153137207031,-8.818987846374512,5.0779829025268555,22659311.0,50354.0,0.0766735247069,-0.007030551365000033,0.06982810051140527,0.0038500244247159678,-0.0003563186404201406,0.0034634587134245317,22.65931148896925
1631,E,1551284274001576.0,1.4994049,9.616913,1.3940681136732982,163,1970-01-18 22:54:44.274001576,0.00030517578,-0.003829956,0.0023345947,9.811028081596566,0.004495778868216574,97.48711395263672,-8.818376541137695,5.078461170196533,22709665.0,50354.0,0.0763319961842,-0.008059736771000015,0.07119497998300525,0.003852219999475225,-0.00037992818440007325,0.003550538097607774,22.7096654928755
1631,E,1551284324355580.0,1.5099182,9.646637,1.315256513673298,163,1970-01-18 22:54:44.324355580,0.005004883,0.0030670166,0.0030975342,9.85196610900383,0.006637029666088152,97.49392700195312,-8.818490982055664,5.077585220336914,22760019.0,50354.0,0.0757657276887,-0.008470801650000026,0.06821266614270527,0.003829364393948003,-0.00041618936582551807,0.003509866306507014,22.760019497014582
1631,E,1551284374709584.0,1.5587921,9.681427,1.4180244136732982,163,1970-01-18 22:54:44.374709584,-0.000869751,-0.004196167,0.0012054443,9.880503382861011,0.004451671624714978,97.48467254638672,-8.824992179870605,5.078779697418213,22810373.0,50354.0,0.07726091922310001,-0.00684653267200005,0.06881581390780526,0.003852751889298389,-0.00038564452622499596,0.0034499660422317043,22.810373500920832
1631,E,1551284425063588.0,1.5268707,9.60759,1.3272041136732982,163,1970-01-18 22:54:44.425063588,0.0030059814,-0.0005493164,0.0019073486,9.814767835371077,0.0036021731449746948,97.49052429199219,-8.828207015991211,5.0778703689575195,22860727.0,50354.0,0.0776877323156,-0.007829618991000051,0.06911661863300526,0.0039011421997898507,-0.0003695014704193536,0.003472724854079987,22.860727505059913
1631,E,1551284475417591.0,1.5154114,9.656113,1.395227813673298,163,1970-01-18 22:54:44.475417591,0.0036468506,0.006713867,0.001083374,9.851759753027059,0.007716814667742472,97.48531341552734,-8.828812599182129,5.079022407531738,22911081.0,50354.0,0.0765955364317,-0.008466949569000046,0.06854266863480525,0.0038843898572507723,-0.0004102987066351225,0.0034658478755416654,22.91108150803484
1631,E,1551284525771595.0,1.5592194,9.627563,1.3739112136732983,163,1970-01-18 22:54:44.525771595,0.00077819824,-0.0019683838,0.0028686523,9.833327715507178,0.0035650095796697133,97.48379516601562,-8.836311340332031,5.07914400100708,22961435.0,50354.0,0.0774099796516,-0.00796408934800004,0.06971861329150525,0.003877396878429244,-0.00041368426681331124,0.0034810042950587194,22.96143551194109
1631,E,1551284576125599.0,1.5151672,9.642563,1.3593238136732981,163,1970-01-18 22:54:44.576125599,0.011047363,-0.0040893555,-0.0017089844,9.843005552104136,0.011903263642320647,97.48468780517578,-8.83666706085205,5.078901767730713,23011789.0,50354.0,0.07740383142820001,-0.008305237698000007,0.06881465828350526,0.0038977473215561255,-0.00040961284703714323,0.0034878521784440395,23.01178951608017
1631,E,1551284626479603.0,1.5493927,9.618271,1.428491913673298,163,1970-01-18 22:54:44.626479603,0.0013427734,0.0037078857,-0.0012512207,9.81585529555329,0.004137270840556676,97.4753646850586,-8.84276294708252,5.080534934997559,23062143.0,50354.0,0.0771564246023,-0.008539182382000014,0.07018883656740527,0.0038913635660798988,-0.0004240919643541605,0.003499690989861374,23.06214351998642
1631,E,1551284676833607.0,1.5036774,9.582672,1.3474830136732983,163,1970-01-18 22:54:44.676833607,0.00044250488,-0.0026397705,0.002822876,9.784111746389412,0.0038900935429459875,97.47883605957031,-8.8428316116333,5.07985782623291,23112497.0,50354.0,0.07686714590770001,-0.010047058089000022,0.06989072074580527,0.0038778514347302707,-0.0004679457763383679,0.0035267830144747017,23.11249752389267
1631,E,1551284727187611.0,1.4958344,9.6185,1.3504737136732983,163,1970-01-18 22:54:44.727187611,0.0054626465,0.005935669,0.0041046143,9.817617106320828,0.009050996177951229,97.48126220703125,-8.84109878540039,5.079789638519287,23162851.0,50354.0,0.07551870858859999,-0.010041292556000045,0.06792645652440527,0.003836618658653345,-0.0005057644041891666,0.003469823072132091,23.16285152803175
1631,E,1551284777541615.0,1.4706726,9.650238,1.3306831136732982,163,1970-01-18 22:54:44.777541615,-0.00030517578,-0.0026397705,0.0011291504,9.847511318096318,0.0028872999801179333,97.48568725585938,-8.83483600616455,5.078971862792969,23213205.0,50354.0,0.074687746739,-0.008340183374000061,0.06750348544210526,0.0037817479257829852,-0.0004627904194896127,0.003409719648890836,23.213205531938
1631,E,1551284827895619.0,1.4853363,9.665482,1.366114013673298,163,1970-01-18 22:54:44.827895619,0.008575439,0.0009765625,0.0009613037,9.860050007179465,0.008684234748252776,97.48495483398438,-8.830622673034668,5.079193592071533,23263559.0,50354.0,0.07442343607530001,-0.007157317560000019,0.06789726127520526,0.003754172249715632,-0.00039018058101532,0.003408984600101727,23.263559536077082
1631,E,1551284878249623.0,1.4768372,9.645386,1.3447059136732982,163,1970-01-18 22:54:44.878249623,-0.00030517578,-0.00091552734,0.00819397,9.841841010064767,0.008250604034122961,97.48731994628906,-8.826013565063477,5.07873010635376,23313913.0,50354.0,0.0745786422095,-0.00727947636400001,0.06825031331080526,0.00375142532497641,-0.00036347516062454875,0.0034277874853519867,23.313913539983332
1631,E,1551284928603627.0,1.5089264,9.6562195,1.3739875136732982,163,1970-01-18 22:54:44.928603627,-0.007904053,-0.007217407,0.0042877197,9.8535497167717,0.011530375442986497,97.48480224609375,-8.825743675231934,5.078672885894775,23364267.0,50354.0,0.07517257015720001,-0.007512678326500015,0.06844854442030526,0.0037702862737564067,-0.0003724220786427191,0.0034416671410961697,23.364267543889582
1631,E,1551284978957631.0,1.5144196,9.608383,1.335855813673298,163,1970-01-18 22:54:44.978957631,-0.0039978027,-0.007385254,0.00932312,9.812471757955361,0.012547707743131544,97.48905944824219,-8.827475547790527,5.077568531036377,23414621.0,50354.0,0.07611878224200001,-0.008444302857500023,0.06822572545260526,0.0038090623793546594,-0.000401748915269569,0.0034410480925902687,23.414621548028663
1631,E,1551285029311634.0,1.4630127,9.611252,1.362512913673298,163,1970-01-18 22:54:45.029311634,0.00036621094,-0.007385254,0.0053100586,9.804003964801215,0.009103450413580865,97.48946380615234,-8.821554183959961,5.077113151550293,23464975.0,50354.0,0.0749628130171,-0.00957644960500003,0.06793682944840526,0.003803781323838362,-0.0004537084847483639,0.0034281646447427423,23.46497555100359
1631,E,1551285079665638.0,1.5414124,9.730087,1.3186897136732982,163,1970-01-18 22:54:45.079665638,0.0014801025,-0.012619019,0.002105713,9.93807424758332,0.012878834231840872,97.49403381347656,-8.824105262756348,5.075793266296387,23515329.0,50354.0,0.07564241074269999,-0.006512307997000046,0.06750463854870525,0.003791787718600485,-0.000405066650145556,0.0034100098397632514,23.51532955490984
1631,E,1551285130019642.0,1.5526886,9.616089,1.3391212136732982,163,1970-01-18 22:54:45.130019642,-0.012374878,-0.050109863,-0.0043792725,9.825563173345191,0.05180071430996786,97.497314453125,-8.830267906188965,5.07276725769043,23565683.0,50354.0,0.07790018087700001,-0.0063905268480000405,0.06691570571780527,0.0038657418292091877,-0.00032485467289256715,0.003384301007597935,23.56568355904892
1631,E,1551285180373646.0,1.6496277,9.620804,1.4029792136732981,163,1970-01-18 22:54:45.180373646,-0.0017700195,-0.0013122559,-0.00012207031,9.837797884783136,0.00220678176040327,97.49125671386719,-8.850825309753418,5.0736212730407715,23616037.0,50354.0,0.0806247174851,-0.00914194493900003,0.06903786245930525,0.0039911813660625925,-0.00039106104218130077,0.0034229029859951117,23.61603756295517
1631,E,1551285230727650.0,1.5075989,9.6091,1.3773597136732982,163,1970-01-18 22:54:45.230727650,0.0036468506,0.010803223,0.0126953125,9.806743492732805,0.017064000291816265,97.489501953125,-8.851334571838379,5.074367046356201,23666391.0,50354.0,0.0794894941082,-0.00931790699200005,0.07000059317380526,0.004031195505284514,-0.0004647636920667891,0.0035005711974748235,23.66639156686142
1631,E,1551285281081654.0,1.5453339,9.654388,1.4146522136732982,163,1970-01-18 22:54:45.281081654,0.0036468506,0.020324707,0.0052337646,9.852305477324862,0.021302242272183053,97.48139953613281,-8.856048583984375,5.076602458953857,23716745.0,50354.0,0.0768636891056,-0.00847236262400002,0.07029448429480527,0.003936504093773842,-0.0004479056181220338,0.0035322091654272077,23.7167455710005
1631,E,1551285331435658.0,1.5125427,9.689301,1.3128456136732982,163,1970-01-18 22:54:45.331435658,0.0046691895,0.012756348,0.0039978027,9.894465806966837,0.014160090794629163,97.48778533935547,-8.85476016998291,5.07625675201416,23767099.0,50354.0,0.07698815915820001,-0.006453142047000005,0.06867021279910526,0.0038735279837376927,-0.00037577943110176764,0.0034987141787333853,23.76709957490675
1631,E,1551285381789662.0,1.522232,9.6705475,1.376032213673298,163,1970-01-18 22:54:45.381789662,0.0036773682,0.008804321,-0.0011749268,9.869374984796782,0.009613509147796682,97.4851303100586,-8.855203628540039,5.0771284103393555,23817453.0,50354.0,0.0764065226219,-0.006046294315500036,0.06769787705910527,0.0038620179031775784,-0.00031469830929866353,0.0034333393983601666,23.817453579045832
1631,E,1551285432143666.0,1.5292358,9.611481,1.3563941136732982,163,1970-01-18 22:54:45.432143666,0.0049743652,0.01373291,-0.00074768066,9.81511986335525,0.014625188975887084,97.48658752441406,-8.85796070098877,5.077620506286621,23867807.0,50354.0,0.07682680480060002,-0.008005568455500059,0.06879429764360526,0.003857955484516283,-0.00035378374898546944,0.003436463482490143,23.867807582952082
1631,E,1551285482497670.0,1.4457703,9.659546,1.503977213673298,163,1970-01-18 22:54:45.482497670,0.009750366,0.029159546,0.0073394775,9.831628600650065,0.03161038895732032,97.46562957763672,-8.848494529724121,5.082301616668701,23918161.0,50354.0,0.0749017285797,-0.008282553221000032,0.07201556890860526,0.0038200692849158138,-0.0004100860394492428,0.003545170010185004,23.918161586858332
1631,E,1551285532851673.0,1.5135498,9.618454,1.3979743136732983,163,1970-01-18 22:54:45.532851673,0.0026550293,0.009231567,0.0061798096,9.81421955710409,0.011421955023182311,97.46128845214844,-8.849440574645996,5.083405494689941,23968515.0,50354.0,0.07450680215770002,-0.008106994000000024,0.07306243360400526,0.0037616585783755204,-0.00041263963038311844,0.0036526288692599954,23.96851559006609
1631,E,1551285583205677.0,1.5961914,9.672821,1.326303813673298,163,1970-01-18 22:54:45.583205677,0.0049438477,0.023345947,0.0034637451,9.889700923561794,0.024113738854134134,97.46644592285156,-8.860730171203613,5.083767890930176,24018869.0,50354.0,0.07829395419240001,-0.0077727693250000205,0.06858915041220526,0.003847064642626469,-0.00039980480123352616,0.003566361930776133,24.01886959397234
1631,E,1551285633559681.0,1.4862213,9.626968,1.349863413673298,163,1970-01-18 22:54:45.633559681,0.009063721,0.018875122,0.0090789795,9.824534055872054,0.02282211948181293,97.46919250488281,-8.857307434082031,5.084280967712402,24069223.0,50354.0,0.0776059045479,-0.007558412347000023,0.06737786228290525,0.003925090743504534,-0.00038599316095594513,0.003423241478624798,24.06922359787859
1631,E,1551285683913685.0,1.4911041,9.645294,1.3379310136732983,163,1970-01-18 22:54:45.683913685,0.009597778,0.013290405,0.0043945313,9.844787443786183,0.016972451589207398,97.47334289550781,-8.853973388671875,5.0843424797058105,24119577.0,50354.0,0.0749601215958,-0.008251459626000048,0.06767060029730526,0.0038411548402199356,-0.00039804514666422284,0.003400115142381961,24.11957760201767
1631,E,1551285734267689.0,1.5258942,9.684311,1.3524116136732982,163,1970-01-18 22:54:45.734267689,0.0038146973,0.0044403076,0.007369995,9.886446636959764,0.0094119643737782,97.47428131103516,-8.854982376098633,5.084394931793213,24169931.0,50354.0,0.0759589661991,-0.00680773491500006,0.06773475632870525,0.0037996898734121974,-0.0003791453409587597,0.0034091006637730664,24.16993160592392
1631,E,1551285784621693.0,1.5191498,9.672684,1.3381904136732983,163,1970-01-18 22:54:45.784621693,0.005584717,0.0035705566,0.0069122314,9.875865257927577,0.009576893093850349,97.47758483886719,-8.855189323425293,5.08405876159668,24220285.0,50354.0,0.076665072788,-0.006118136885000049,0.06774128724250526,0.003842615429578217,-0.00032543467430860276,0.0034108803489923674,24.220285610063
1631,E,1551285834975697.0,1.5283508,9.641998,1.3089851136732982,163,1970-01-18 22:54:45.834975697,0.00340271,-0.014511108,0.0018005371,9.851104838854704,0.015013081781574376,97.48571014404297,-8.856938362121582,5.082113742828369,24270639.0,50354.0,0.07672692260620001,-0.00718345128600005,0.06664793825200527,0.003861950268039774,-0.0003348940853812695,0.0033835175302752924,24.27063961396925
1631,E,1551285885329701.0,1.6142273,9.635635,1.350855213673298,163,1970-01-18 22:54:45.885329701,0.0012512207,-0.003753662,0.0005340576,9.85305839453936,0.00399258677682405,97.48744201660156,-8.871249198913574,5.081669330596924,24320993.0,50354.0,0.07912068882369999,-0.008116233959000041,0.06696679992160526,0.003923775312970592,-0.0003852001754133673,0.0033640182629969925,24.3209936178755
1631,E,1551285935683705.0,1.5734711,9.603882,1.3274635136732982,163,1970-01-18 22:54:45.935683705,0.00032043457,-0.0077819824,0.0049743652,9.818463923198335,0.009241549519995652,97.49314880371094,-8.880208015441895,5.080376625061035,24371347.0,50354.0,0.08025668261680001,-0.00907588049100001,0.06743203059840526,0.004012644080757469,-0.00043284586550765134,0.0033837593560023045,24.371347622014582
1631,E,1551285986037709.0,1.5485382,9.60817,1.3026527136732982,163,1970-01-18 22:54:45.986037709,0.0064086914,-0.0021209717,0.003250122,9.822012713172398,0.007492205244620495,97.50253295898438,-8.8851318359375,5.078852653503418,24421701.0,50354.0,0.0786028281461,-0.009767366796000038,0.06621843625590526,0.0039996059024775335,-0.00047441643694480024,0.0033649178039909765,24.421701625920832
1631,E,1551286036391713.0,1.5334625,9.64238,1.3475746136732982,163,1970-01-18 22:54:46.036391713,0.0019836426,0.0027008057,0.0037231445,9.847180254789137,0.00500909117121734,97.50418090820312,-8.887179374694824,5.07872200012207,24472055.0,50354.0,0.07759553162390001,-0.008798102650000068,0.06672477342060526,0.0039326061039292905,-0.0004674228242419447,0.0033471111900255056,24.472055630059913
1631,E,1551286086745716.0,1.5977325,9.609879,1.3745979136732982,163,1970-01-18 22:54:46.086745716,-0.0055999756,-0.005508423,0.0019073486,9.82211794340502,0.008083342708895023,97.50214385986328,-8.899102210998535,5.078711032867432,24522409.0,50354.0,0.07883409651500001,-0.00875507515700007,0.06853613772100525,0.003938428747653086,-0.00044193635764684246,0.003405463959812328,24.52240963303484
1631,E,1551286137099720.0,1.5513306,9.662613,1.4081062136732982,163,1970-01-18 22:54:46.137099720,0.0071411133,0.005432129,0.0060424805,9.862114667974186,0.01081735158109221,97.49481964111328,-8.903221130371094,5.08012580871582,24572763.0,50354.0,0.07928396166870001,-0.008245668916000043,0.07006014181420525,0.003980938350891015,-0.0004280277335259238,0.0034894385298579952,24.57276363694109
1631,E,1551286187453724.0,1.5359344,9.616119,1.4357246136732982,163,1970-01-18 22:54:46.187453724,-0.0025939941,0.0055999756,-0.00064086914,9.810749095172966,0.00620477601255956,97.4840087890625,-8.905828475952148,5.082059383392334,24623117.0,50354.0,0.077728070905,-0.008088564436000043,0.07159912874010525,0.003953091944108045,-0.0004112469931033062,0.0035665554547458754,24.62311764108017
1631,E,1551286237807728.0,1.5528107,9.60379,1.3815864136732983,163,1970-01-18 22:54:46.237807728,-0.00065612793,0.0071868896,0.0015106201,9.808058332947544,0.007373185137349954,97.48171997070312,-8.911038398742676,5.082751274108887,24673471.0,50354.0,0.0777653353827,-0.00956955110700005,0.07093143973550525,0.003914857490105423,-0.00044457837502611335,0.003588492122510446,24.67347164498642
1631,E,1551286288161732.0,1.5176544,9.606857,1.3826393136732982,163,1970-01-18 22:54:46.288161732,0.0037994385,0.010009766,-0.000869751,9.805424883637613,0.010741862738465766,97.47946166992188,-8.910881996154785,5.083624362945557,24723825.0,50354.0,0.0773050998227,-0.009802740481000041,0.06959491113740526,0.0039042083471663557,-0.0004877361853110784,0.003538031935927268,24.72382564889267
1631,E,1551286338515736.0,1.5217438,9.629913,1.3858436136732981,163,1970-01-18 22:54:46.338515736,-0.0010681152,0.0043640137,0.00012207031,9.828241831806716,0.004494484043229236,97.4761734008789,-8.910823822021484,5.0843400955200195,24774179.0,50354.0,0.07652292848140001,-0.009145041710000038,0.06970209466180527,0.003872928268612326,-0.00047704831222280907,0.0035070807150067236,24.77417965303175
1631,E,1551286388869740.0,1.5240936,9.615921,1.3309730136732982,163,1970-01-18 22:54:46.388869740,0.0021362305,0.00093078613,-0.0035095215,9.821993360820219,0.004212669548860066,97.4814224243164,-8.911054611206055,5.083609580993652,24824533.0,50354.0,0.0766850482198,-0.008916837382000027,0.06840129222670527,0.003857317229406113,-0.00045474392989928563,0.00347702897169203,24.824533656938
1631,E,1551286439223744.0,1.5296478,9.669754,1.3582862136732983,163,1970-01-18 22:54:46.439223744,0.0040283203,0.0023345947,-0.003692627,9.872011166579334,0.005942490304055126,97.48160552978516,-8.9109525680542,5.083748817443848,24874887.0,50354.0,0.0768840472278,-0.00791376052500005,0.06770747956690526,0.0038664091160842255,-0.00042374396350454093,0.0034268105474477323,24.874887661077082
1631,E,1551286489577748.0,1.5211792,9.617081,1.3775733136732982,163,1970-01-18 22:54:46.489577748,0.0023498535,-0.0054626465,-0.0018005371,9.816631779366169,0.006213232017549394,97.47996520996094,-8.910918235778809,5.083767890930176,24925241.0,50354.0,0.07681067137900001,-0.007884555205000037,0.06888073532000526,0.003869571930363404,-0.00039775419513421223,0.0034388814862077468,24.925241664983332
1631,E,1551286539931752.0,1.549469,9.609055,1.4171699136732983,163,1970-01-18 22:54:46.539931752,0.0046081543,-0.005630493,-0.00390625,9.808228514812265,0.008258106716321696,97.47281646728516,-8.915152549743652,5.084660053253174,24975595.0,50354.0,0.0773097097314,-0.009412773928000029,0.07036325023490525,0.003880288835216541,-0.0004354948555815427,0.0035057458243159824,24.975595668889582
1631,E,1551286590285756.0,1.5478973,9.63179,1.411478413673298,163,1970-01-18 22:54:46.590285756,0.000869751,-0.0035552979,-0.001373291,9.830958063306719,0.003909288698782224,97.46605682373047,-8.918660163879395,5.085549354553223,25025949.0,50354.0,0.0779823913351,-0.009042445435000032,0.07121687893760525,0.00390978922855127,-0.0004646470579022526,0.003564562912176297,25.025949673028663
1631,E,1551286640639759.0,1.5302582,9.624191,1.3893837136732983,163,1970-01-18 22:54:46.640639759,0.0020599365,-0.0042266846,0.0012664795,9.823510981474405,0.004869514494878278,97.46290588378906,-8.91977310180664,5.085838317871094,25076303.0,50354.0,0.07749872102350001,-0.00866136636300003,0.07051730578020526,0.003914547965852473,-0.0004457288696382476,0.0035684415686403157,25.07630367600359
1631,E,1551286690993763.0,1.5564575,9.632385,1.3676857136732983,163,1970-01-18 22:54:46.690993763,-9.1552734e-05,-0.0022888184,-0.00064086914,9.838407185390084,0.002378609851548962,97.46273040771484,-8.924296379089355,5.085756301879883,25126657.0,50354.0,0.07771424117890001,-0.008646386048000061,0.06941473697230527,0.003907796749369826,-0.0004357572824517493,0.003523069040379958,25.12665767990984
1631,E,1551286741347767.0,1.5330658,9.621017,1.370096513673298,163,1970-01-18 22:54:46.741347767,0.00018310547,-0.0033569336,0.0012359619,9.823290806253395,0.0035819174510594866,97.46244812011719,-8.925692558288574,5.085629463195801,25177011.0,50354.0,0.0777849281241,-0.00872629784600005,0.06892914313790525,0.0039150025855416316,-0.0004373920623992408,0.003483083869534771,25.17701168404892
1631,E,1551286791701771.0,1.5265503,9.665543,1.3730720136732981,163,1970-01-18 22:54:46.791701771,0.0036468506,0.002243042,0.0017700195,9.865514820968846,0.004632896042743093,97.46102142333984,-8.925189971923828,5.085977077484131,25227365.0,50354.0,0.07703195454970001,-0.007891478880000044,0.06906475401300527,0.003897824655078263,-0.0004183857646305044,0.003474272348568475,25.22736568795517
1631,E,1551286842055775.0,1.5122375,9.635788,1.3508094136732982,163,1970-01-18 22:54:46.842055775,-0.00044250488,-0.0036010742,0.0006713867,9.837019759035291,0.0036897569111889127,97.46329498291016,-8.92314624786377,5.085441589355469,25277719.0,50354.0,0.0765075604406,-0.007519589413000053,0.06857916269630526,0.0038656643689107834,-0.00038800446641286347,0.0034654608909903115,25.27771969186142
1631,E,1551286892409779.0,1.5601349,9.651276,1.3353828136732981,163,1970-01-18 22:54:46.892409779,0.0054779053,0.004135132,0.00048828125,9.861667379374282,0.006880783510058549,97.46768188476562,-8.92768383026123,5.085001468658447,25328073.0,50354.0,0.0773531199148,-0.007878789672000059,0.06763026170790526,0.0038737503493079064,-0.00038768499022304783,0.0034293446782248083,25.3280736960005
1631,E,1551286942763783.0,1.5353394,9.644363,1.3739112136732983,163,1970-01-18 22:54:46.942763783,0.003479004,-0.00019836426,0.0008087158,9.846024794464903,0.003577266897623238,97.46641540527344,-8.92880630493164,5.085210800170898,25378427.0,50354.0,0.07793475645110001,-0.007662896897000048,0.06821189572650527,0.003909682863264265,-0.0003912930427477157,0.003420097997726154,25.37842769990675
1631,E,1551286993117787.0,1.5308838,9.652374,1.400324213673298,163,1970-01-18 22:54:46.993117787,0.0019836426,0.0043640137,-0.0010070801,9.849851166221685,0.004898332763924727,97.46105194091797,-8.929097175598145,5.086277961730957,25428781.0,50354.0,0.0771983015064,-0.00763525255100003,0.06984692535430526,0.003905785000195978,-0.000385161508652298,0.0034759069383515665,25.428781704045832
1631,E,1551287043471791.0,1.5234222,9.632431,1.3890174136732982,163,1970-01-18 22:54:47.043471791,0.006088257,0.005279541,0.0008087158,9.830568411250162,0.008099039925441759,97.45806121826172,-8.92881965637207,5.087043762207031,25479135.0,50354.0,0.076898262162,-0.007935664515000026,0.07022725415170526,0.0038796891834793077,-0.00039202897897068343,0.003526647617422827,25.479135707952082
1631,E,1551287093825795.0,1.5107117,9.641647,1.349466713673298,163,1970-01-18 22:54:47.093825795,0.006225586,0.0066375732,-0.00038146973,9.842699013950133,0.009108282943763908,97.46073913574219,-8.926347732543945,5.087005138397217,25529489.0,50354.0,0.0763903892003,-0.008205738194000008,0.06894681487420526,0.003859348375348628,-0.0004063920960044938,0.003503985535865349,25.529489711858332
1631,E,1551287144179798.0,1.4990845,9.653885,1.326700513673298,163,1970-01-18 22:54:47.144179798,0.0040740967,0.0034179688,0.0041656494,9.855892067755587,0.006755250518111425,97.46634674072266,-8.922135353088379,5.086306095123291,25579843.0,50354.0,0.07577763892740001,-0.007665590835999999,0.06737786228290525,0.003831134444171104,-0.00039959245098831017,0.0034322463967845713,25.57984371506609
1631,E,1551287194533802.0,1.5180054,9.644516,1.3631538136732981,163,1970-01-18 22:54:47.194533802,0.0025787354,-0.0001373291,0.0035247803,9.8448631233034,0.004369532207020342,97.46662902832031,-8.921005249023438,5.086252689361572,25630197.0,50354.0,0.07596127241230001,-0.007593358023000033,0.06772246239960526,0.003820330570799628,-0.0003841745554230438,0.0034014208745315674,25.63019771897234
1631,E,1551287244887806.0,1.5126038,9.61795,1.356699313673298,163,1970-01-18 22:54:47.244887806,0.00289917,-0.0027923584,0.001373291,9.818839291775674,0.004253043650567386,97.4684066772461,-8.919574737548828,5.085854530334473,25680551.0,50354.0,0.0763016478284,-0.00849809351800004,0.06847774218720525,0.0038335235429001044,-0.0004051344754477589,0.0034291125508821283,25.68055172287859
1631,E,1551287295241810.0,1.5861511,9.62886,1.3534034136732982,163,1970-01-18 22:54:47.295241810,0.004333496,-0.0013580322,-0.00010681152,9.841538752903395,0.004542559602146961,97.470458984375,-8.928442001342773,5.085504531860352,25730905.0,50354.0,0.0780173521173,-0.008892264630000037,0.06823225636640526,0.003885289461632889,-0.00043783704709219804,0.0034419476335842514,25.73090572701767
1631,E,1551287345595814.0,1.5492096,9.606674,1.3634132136732982,163,1970-01-18 22:54:47.345595814,0.006149292,0.0023345947,-0.00010681152,9.81263879619944,0.006578414186970656,97.47148895263672,-8.932334899902344,5.085506439208984,25781259.0,50354.0,0.0789389763439,-0.00917616048200005,0.06840129222670527,0.003951689481667632,-0.0004549087390448263,0.0034400228529287437,25.78125973092392
1631,E,1551287395949818.0,1.4982605,9.600418,1.3677772136732982,163,1970-01-18 22:54:47.395949818,0.005340576,0.004989624,-0.0016021729,9.798032192528584,0.007482316330832746,97.47193145751953,-8.928878784179688,5.085737705230713,25831613.0,50354.0,0.0767261547077,-0.009892244716000052,0.06876318138930526,0.003919181004486134,-0.0004800852376700486,0.0034533899522302975,25.831613735063
1631,E,1551287446303822.0,1.4863892,9.637512,1.3534645136732981,163,1970-01-18 22:54:47.446303822,0.0041046143,0.002609253,-0.002456665,9.83442420494811,0.0054489689567842545,97.47366333007812,-8.922876358032227,5.085640907287598,25881967.0,50354.0,0.07514452549690001,-0.00911583639000007,0.06851270296940526,0.0038236481155112145,-0.0004785664580057651,0.003456194940499255,25.88196773896925
1631,E,1551287496657826.0,1.4841003,9.6604,1.3704322136732983,163,1970-01-18 22:54:47.496657826,0.0060577393,0.0017089844,0.0017547607,9.85433004806579,0.006534219021464794,97.47257995605469,-8.91645336151123,5.085931777954102,25932321.0,50354.0,0.0747880141415,-0.007605669576000076,0.06857954790440525,0.0037748515504759978,-0.0004209973557059857,0.003451571600249927,25.9323217428755
1631,E,1551287547011830.0,1.4921875,9.674484,1.3771614136732981,163,1970-01-18 22:54:47.547011830,0.00390625,0.00021362305,0.0015106201,9.868501456478057,0.004193613830160726,97.47015380859375,-8.911039352416992,5.086336612701416,25982675.0,50354.0,0.0749339979406,-0.006674825532000065,0.06917616475570526,0.003769551098191032,-0.00035954002533411956,0.003468275577643602,25.982675747014582
1631,E,1551287597365834.0,1.5057678,9.66449,1.3798469136732983,163,1970-01-18 22:54:47.597365834,0.0057373047,0.0014343262,-0.00038146973,9.86042840823111,0.0059261687474754556,97.46766662597656,-8.90785026550293,5.0868377685546875,26033029.0,50354.0,0.07547952058810001,-0.006571851602000028,0.06941319865760526,0.00378696115599708,-0.0003335115902027204,0.0034892644026569193,26.033029750920832
1631,E,1551287647719838.0,1.4866638,9.700272,1.3547920136732983,163,1970-01-18 22:54:47.647719838,0.008666992,9.1552734e-05,-0.0002593994,9.895805805988886,0.008671356311436363,97.46836853027344,-8.901151657104492,5.086801052093506,26083383.0,50354.0,0.0753404503932,-0.005922587126000019,0.06885000427380526,0.0037971944093961904,-0.00031457248385485716,0.0034810526602041232,26.083383755059913
1631,E,1551287698073841.0,1.5292358,9.658142,1.3208107136732983,163,1970-01-18 22:54:47.698073841,0.0051116943,-0.001953125,-0.0010223389,9.865469739718158,0.0055668027366461165,97.47465515136719,-8.901494026184082,5.085779190063477,26133737.0,50354.0,0.07593130422920001,-0.006082410722000041,0.06736364986640526,0.003808568966128165,-0.0003022498308190975,0.0034294511702880805,26.13373775803484
1631,E,1551287748427845.0,1.5128632,9.664322,1.2885536136732982,163,1970-01-18 22:54:47.748427845,0.005783081,-0.0023498535,0.0013885498,9.87332181114463,0.0063948344678422505,97.48539733886719,-8.899365425109863,5.084038257598877,26184091.0,50354.0,0.07659092652300001,-0.0069875238720000345,0.06569596566960526,0.0038400522036481396,-0.00032906174327313993,0.0033500419403501374,26.18409176194109
1631,E,1551287798781849.0,1.5163879,9.6757965,1.3575843136732981,163,1970-01-18 22:54:47.798781849,0.0027618408,-0.0033874512,0.00074768066,9.875975547152748,0.004434142149983931,97.4854507446289,-8.897704124450684,5.083880424499512,26234445.0,50354.0,0.0762674549447,-0.006543036525500014,0.06662181459680526,0.0038485154702122834,-0.0003406589191278587,0.0033313647537674173,26.23444576608017
1631,E,1551287849135853.0,1.5180206,9.628357,1.3602241136732982,163,1970-01-18 22:54:47.849135853,0.0019073486,-0.0048980713,-0.0025177002,9.829413340006896,0.0058281983012664984,97.48600006103516,-8.897208213806152,5.083586692810059,26284799.0,50354.0,0.07639730280450001,-0.007448527330500037,0.06842626277530525,0.003843640605851609,-0.0003522656032025133,0.003400105443997626,26.28479976998642
1631,E,1551287899489857.0,1.5291901,9.636841,1.369699813673298,163,1970-01-18 22:54:47.899489857,0.0036315918,0.0029754639,-0.0020751953,9.838237065032446,0.00513305756398392,97.4850082397461,-8.898242950439453,5.083926677703857,26335153.0,50354.0,0.0767196237939,-0.008429309954000042,0.06873129471880526,0.0038550248609679175,-0.0003997563093118585,0.0034532158250292207,26.33515377389267
1631,E,1551287949843861.0,1.488739,9.669464,1.3459724136732982,163,1970-01-18 22:54:47.949843861,0.0026245117,0.0030212402,-0.00090026855,9.867063579164,0.004102004079916552,97.4868392944336,-8.892709732055664,5.083819389343262,26385507.0,50354.0,0.0759824009507,-0.007394359015000035,0.06837247966790526,0.003844578876994794,-0.00039839251363251496,0.0034518617277342106,26.38550777803175
1631,E,1551288000197865.0,1.4937744,9.679749,1.3465675136732982,163,1970-01-18 22:54:48.000197865,0.004501343,-0.00018310547,-0.0033111572,9.87782581063256,0.0055910087122007564,97.48844909667969,-8.887675285339355,5.083617210388184,26435861.0,50354.0,0.07509073987180001,-0.006314064299000065,0.06779007775080526,0.0038035684664880828,-0.00034513697377658054,0.003428164708130875,26.435861781938
1631,E,1551288050551869.0,1.5457764,9.656433,1.3511451136732981,163,1970-01-18 22:54:48.050551869,0.0015106201,-0.005065918,-0.0009765625,9.862400851120173,0.005375795065444205,97.48968505859375,-8.890835762023926,5.083195686340332,26486215.0,50354.0,0.0765267704916,-0.006642145786000059,0.06792031081870525,0.0038172740584193226,-0.00032619850131004814,0.0034167804530145663,26.486215786077082
1631,E,1551288100905873.0,1.525528,9.656525,1.3404945136732982,163,1970-01-18 22:54:48.100905873,0.0015106201,0.0031585693,0.0001373291,9.860722804653097,0.003503911013586577,97.49238586425781,-8.89108943939209,5.082943916320801,26536569.0,50354.0,0.0773262308788,-0.007226856434000034,0.06776741089770526,0.003873557015502561,-0.0003491798688929424,0.003416209769654068,26.536569789983332
1631,E,1551288151259877.0,1.4700623,9.673813,1.3185524136732982,163,1970-01-18 22:54:48.151259877,0.0005340576,0.0015106201,-0.00030517578,9.872126177616957,0.001631049620134341,97.49784088134766,-8.882902145385742,5.082181930541992,26586923.0,50354.0,0.0754199769831,-0.006789280174000008,0.06694682448980527,0.003845691275339057,-0.00035288427137961705,0.0033917003043513532,26.586923793889582
1631,E,1551288201613881.0,1.4927979,9.673798,1.3486732136732982,163,1970-01-18 22:54:48.201613881,0.0013275146,-0.0030670166,-0.0004119873,9.871573351531085,0.0033672866485124206,97.49885559082031,-8.878233909606934,5.081889629364014,26637277.0,50354.0,0.0745959312554,-0.006354397853000022,0.06715273961970526,0.0037769505217207146,-0.00033091838168577975,0.0033762247255851464,26.637277798028663
1631,E,1551288251967884.0,1.4933472,9.661621,1.3795875136732982,163,1970-01-18 22:54:48.251967884,0.0026397705,-0.0011901855,-0.0008087158,9.855759670266076,0.0030064848348611605,97.49560546875,-8.874106407165527,5.082356929779053,26687631.0,50354.0,0.0751821751827,-0.006661355837000039,0.06868942033240526,0.0037709633857920437,-0.00032769763065313155,0.0034200980611142867,26.68763180100359
1631,E,1551288302321888.0,1.4734039,9.647339,1.372690513673298,163,1970-01-18 22:54:48.302321888,-0.001083374,-0.0073547363,0.002029419,9.839630684568524,0.0077061265720188305,97.49359130859375,-8.867606163024902,5.0822858810424805,26737985.0,50354.0,0.07469389244470001,-0.007327514080000016,0.06929410389450527,0.0037734297546550507,-0.0003521977779003104,0.003474011189460926,26.73798580490984
1631,E,1551288352675892.0,1.5050812,9.616058,1.360544513673298,163,1970-01-18 22:54:48.352675892,-0.0022277832,-0.0036468506,0.0014953613,9.815332394745177,0.004527542678148963,97.49391174316406,-8.86647891998291,5.08203125,26788339.0,50354.0,0.07498931936270001,-0.008474653731000006,0.06881465828350526,0.0037685742236749104,-0.0003978511789775476,0.003477164305355772,26.78833980904892
1631,E,1551288403029896.0,1.5050201,9.63295,1.3402351136732982,163,1970-01-18 22:54:48.403029896,-0.00062561035,-0.0020751953,0.0025787354,9.834511823173836,0.003368634754078033,97.4969253540039,-8.86500072479248,5.0814409255981445,26838693.0,50354.0,0.0757853204301,-0.008836925584000038,0.06799752867770525,0.003796053106063326,-0.0004358536324137561,0.003444520431122397,26.83869381295517
1631,E,1551288453383900.0,1.5162048,9.640457,1.3053993136732982,163,1970-01-18 22:54:48.453383900,-0.0017242432,-0.0030822754,0.001449585,9.848200177356032,0.003817686855468426,97.50477600097656,-8.864842414855957,5.080061435699463,26889047.0,50354.0,0.07606537930730001,-0.008222631961000065,0.06660913797730526,0.0038231450672885203,-0.0004295084803104676,0.0033889920463732004,26.88904781686142
1631,E,1551288503737904.0,1.5127411,9.619904,1.3198341136732983,163,1970-01-18 22:54:48.503737904,0.001083374,-0.0015411377,-6.1035156e-05,9.825615363969087,0.0018848156208248154,97.51083374023438,-8.864617347717285,5.0790581703186035,26939401.0,50354.0,0.0762597709243,-0.008551091103000046,0.06609550200030527,0.0038350903073809937,-0.00042231202558233084,0.0033411047207163006,26.9394018210005
1631,E,1551288554091908.0,1.4993591,9.639008,1.3951057136732983,163,1970-01-18 22:54:48.554091908,0.0030517578,-0.0020446777,-0.0023345947,9.832549734880613,0.004352501002872511,97.5054931640625,-8.862157821655273,5.0798234939575195,26989755.0,50354.0,0.0758356467354,-0.008587572576000024,0.06835404003310527,0.003829306330418267,-0.0004315001354461848,0.0033850361197751773,26.98975582490675
1631,E,1551288604445912.0,1.4999237,9.6519165,1.409113313673298,163,1970-01-18 22:54:48.604445912,0.0020599365,-0.00093078613,-0.0014953613,9.843545899164086,0.0027103148565010516,97.4979019165039,-8.859641075134277,5.080967426300049,27040109.0,50354.0,0.07551294305560001,-0.0077815938635000135,0.07060182245150526,0.0038105034451680077,-0.0004121265034472925,0.0034984917497750396,27.040109829045832
1631,E,1551288654799916.0,1.4855347,9.649078,1.3652748136732982,163,1970-01-18 22:54:48.654799916,0.0037078857,9.1552734e-05,0.00090026855,9.844107805417782,0.003816710852224264,97.49707794189453,-8.855183601379395,5.081125259399414,27090463.0,50354.0,0.0751648861368,-0.00752806147350004,0.06985076988220526,0.0037936157055770557,-0.0003854511924196504,0.00353617491718583,27.090463832952082
1631,E,1551288705153920.0,1.482727,9.64592,1.3409675136732981,163,1970-01-18 22:54:48.705153920,0.007003784,9.1552734e-05,-0.0006713867,9.843737986581695,0.007036485793540392,97.5000228881836,-8.850353240966797,5.0807342529296875,27140817.0,50354.0,0.0747319248209,-0.007679035354000045,0.06813506307560527,0.003773952009482014,-0.00038286907682596967,0.0034740693163787958,27.140817836858332
1631,E,1551288755507923.0,1.4951324,9.643127,1.3499702136732983,163,1970-01-18 22:54:48.755507923,0.0048980713,-0.0034179688,0.0,9.841704577116761,0.005972739168727957,97.5015640258789,-8.84752368927002,5.080367565155029,27191171.0,50354.0,0.0749735661138,-0.007828863681000034,0.06774973916140525,0.003769135145262942,-0.00039044237400419704,0.003421171665921214,27.19117184006609
1631,E,1551288805861927.0,1.4960785,9.620026,1.3483680136732983,163,1970-01-18 22:54:48.805861927,0.005065918,-0.0027618408,0.0009613037,9.819423574976524,0.005849392668551354,97.50373077392578,-8.845455169677734,5.079928398132324,27241525.0,50354.0,0.0753097168293,-0.008480796919000059,0.06793606154990527,0.003783682214658429,-0.00041062832492620244,0.0034161614045086653,27.24152584397234
1631,E,1551288856215931.0,1.4935303,9.650635,1.325815513673298,163,1970-01-18 22:54:48.856215931,0.004852295,-0.0011444092,0.0009613037,9.851982114712465,0.005077257526234348,97.508544921875,-8.842350006103516,5.079165935516357,27291879.0,50354.0,0.07526938075760001,-0.008291768003000069,0.06732791866800526,0.0037911299399453822,-0.0004222828670411972,0.0034055412299463335,27.29187984787859
1631,E,1551288906569935.0,1.5067596,9.640305,1.3359016136732982,163,1970-01-18 22:54:48.906569935,0.0025787354,-0.0020446777,0.00033569336,9.842550381440654,0.0033080618482789195,97.51184844970703,-8.841437339782715,5.0785746574401855,27342233.0,50354.0,0.07553829881230001,-0.0077812036200000595,0.06701405211520525,0.0037968849485313727,-0.0004046692065522743,0.0033823277984088916,27.34223385201767
1631,E,1551288956923939.0,1.4720459,9.647232,1.351480813673298,163,1970-01-18 22:54:48.956923939,0.004486084,-0.0052337646,0.0024414063,9.842051345547798,0.007312845292015199,97.51280212402344,-8.83553695678711,5.078193187713623,27392587.0,50354.0,0.07499738607350001,-0.007866880951000027,0.06766022737330527,0.0037900369383697874,-0.0003939718252440692,0.0033906943346822295,27.39258785592392
1631,E,1551289007277943.0,1.4589844,9.664597,1.303125713673298,163,1970-01-18 22:54:49.007277943,0.0025482178,-0.0061035156,0.002243042,9.863511005479559,0.006984092929611132,97.52031707763672,-8.827377319335938,5.076741695404053,27442941.0,50354.0,0.0737945498631,-0.007255281267000005,0.06683502853900525,0.0037461345710757786,-0.0003807306781625868,0.003386187058104242,27.442941860063
1631,E,1551289057631947.0,1.4936981,9.67038,1.2958625136732982,163,1970-01-18 22:54:49.057631947,0.0030059814,-0.0026855469,0.0016174316,9.875346228781705,0.004343290378264402,97.52861022949219,-8.824252128601074,5.075354099273682,27493295.0,50354.0,0.0743396873025,-0.006672484071000028,0.06543472659990525,0.0037295756891183108,-0.00035065934791482685,0.0033301556251323495,27.49329586396925
1631,E,1551289107985951.0,1.4733429,9.680893,1.3100227136732983,163,1970-01-18 22:54:49.107985951,0.002090454,-0.0022888184,0.0013885498,9.880687071269406,0.0033965803599171032,97.53435516357422,-8.81808853149414,5.074365615844727,27543649.0,50354.0,0.074701191257,-0.00626219967900006,0.06560837236890527,0.0037524021994925316,-0.00032565653277375227,0.003299272102737742,27.5436498678755
1631,E,1551289158339955.0,1.4757233,9.642395,1.2932380136732982,163,1970-01-18 22:54:49.158339955,0.0017700195,-0.0017852783,0.0009613037,9.845588891282045,0.0026915223280635867,97.54317474365234,-8.813187599182129,5.07293701171875,27594003.0,50354.0,0.0742486397174,-0.006966778024000041,0.06554229533240526,0.0037501098944424695,-0.0003330659716284336,0.003301980360715895,27.594003872014582
1631,E,1551289208693959.0,1.4817047,9.635101,1.2722724136732981,163,1970-01-18 22:54:49.208693959,-0.0001373291,-0.0009765625,0.0043640137,9.842210907701114,0.004474052879873096,97.55484771728516,-8.809536933898926,5.071068286895752,27644357.0,50354.0,0.07445916475600001,-0.008119683208000009,0.06459185602930526,0.0037440163932267925,-0.00037983183443806526,0.003276387528833786,27.644357875920832
1631,E,1551289259047963.0,1.4703827,9.613998,1.2867988136732982,163,1970-01-18 22:54:49.259047963,-0.0023956299,0.0017700195,0.00630188,9.8178559919369,0.006970344552642592,97.56442260742188,-8.804961204528809,5.069629669189453,27694711.0,50354.0,0.0743247044698,-0.00883463447700001,0.06442973629090526,0.003745931475497967,-0.0004268588563552455,0.0032483766298459405,27.694711880059913
1631,E,1551289309401966.0,1.4623413,9.579987,1.2661232136732983,163,1970-01-18 22:54:49.309401966,1.5258789e-05,0.003982544,0.00491333,9.786204667975984,0.006324689813064175,97.57759094238281,-8.79996109008789,5.067777633666992,27745065.0,50354.0,0.07383719214800001,-0.010222239655000047,0.06427491788250526,0.0037302720711463507,-0.0004797949200213655,0.0032403970781239573,27.74506588303484
1631,E,1551289359755970.0,1.4849396,9.614777,1.2878822136732981,163,1970-01-18 22:54:49.359755970,-0.00061035156,0.0036468506,0.0034637451,9.820661407781015,0.0050665154142949965,97.58650970458984,-8.79758358001709,5.066567420959473,27795419.0,50354.0,0.0742036912193,-0.010202626772000055,0.06430219464430526,0.0037272253205385126,-0.0005142368620325815,0.003237185962087509,27.79541988694109
1631,E,1551289410109974.0,1.5122223,9.67244,1.3526405136732982,163,1970-01-18 22:54:49.410109974,-0.0024108887,0.0032958984,0.0038146973,9.872685667703776,0.005588134400454014,97.58450317382812,-8.798124313354492,5.066989421844482,27845773.0,50354.0,0.0754595451563,-0.007874937591000036,0.06648044070640526,0.0037680713022284814,-0.00045513883796725337,0.0032927144102248384,27.84577389108017
1631,E,1551289460463978.0,1.5065002,9.66095,1.347513513673298,163,1970-01-18 22:54:49.460463978,0.0015563965,0.0076141357,0.0048980713,9.861217669044127,0.009186323257055045,97.58370208740234,-8.798151016235352,5.0674662590026855,27896127.0,50354.0,0.0760023763825,-0.006712439970000045,0.06798177794650527,0.0038133567985823677,-0.0003672664048532991,0.0033853552790243284,27.89612789498642
1631,E,1551289510817982.0,1.4596252,9.676331,1.334360513673298,163,1970-01-18 22:54:49.510817982,-0.0014801025,0.0038604736,0.0052337646,9.870960734340619,0.006669801474932846,97.58441162109375,-8.791071891784668,5.067502498626709,27946481.0,50354.0,0.0746781391958,-0.00661447626300006,0.06752154238650526,0.0037936833407148595,-0.0003355317699982437,0.0034115670960242067,27.94648189889267
1631,E,1551289561171986.0,1.4917145,9.650452,1.3228706136732982,163,1970-01-18 22:54:49.561171986,-0.003829956,0.004837036,0.003768921,9.851917490663727,0.0072298164382972405,97.58714294433594,-8.78923511505127,5.067266464233398,27996835.0,50354.0,0.07430587962690001,-0.006878784409000063,0.06690110809320526,0.0037509706418991187,-0.0003397198239389471,0.0033843590711276723,27.99683590303175
1631,E,1551289611525990.0,1.5428925,9.616104,1.3493293136732982,163,1970-01-18 22:54:49.611525990,-0.003829956,0.0005187988,0.0030975342,9.822700340627907,0.004953022640467847,97.5866470336914,-8.795588493347168,5.06731653213501,28047189.0,50354.0,0.07640230043900001,-0.008395119588000047,0.06727797757080527,0.003794379849519165,-0.0003845510809324718,0.003378226839762794,28.047189906938
1631,E,1551289661879994.0,1.5048676,9.6440735,1.3361610136732982,163,1970-01-18 22:54:49.661879994,0.0014190674,0.00920105,0.0038604736,9.845918079298004,0.010078508312470636,97.58775329589844,-8.79574203491211,5.067584991455078,28097543.0,50354.0,0.0767334560377,-0.008555711082500054,0.06761258997160527,0.0038554989408138766,-0.00042677106379118105,0.00339613981901527,28.097543911077082
1631,E,1551289712233998.0,1.5074005,9.640274,1.3655494136732982,163,1970-01-18 22:54:49.712233998,0.0005950928,-0.0027770996,0.0011291504,9.83876945750904,0.003056370110891703,97.58466339111328,-8.796212196350098,5.067920207977295,28147897.0,50354.0,0.07583987395370001,-0.007947182992500058,0.06802096342930526,0.003841338729193478,-0.0004154933641262779,0.0034148459739747248,28.147897914983332
1631,E,1551289762588002.0,1.5014954,9.656815,1.3080238136732982,163,1970-01-18 22:54:49.762588002,0.0055389404,-0.0010375977,0.0045318604,9.861611761878185,0.007231474844517238,97.58995056152344,-8.795469284057617,5.067073822021484,28198251.0,50354.0,0.0757549720743,-0.007626390247000043,0.06731255314490527,0.003816703438446956,-0.00039209585345089407,0.003407291946788899,28.198251918889582
1631,E,1551289812942006.0,1.5025177,9.676514,1.3510078136732981,163,1970-01-18 22:54:49.812942006,0.00088500977,0.0022277832,0.0016174316,9.875406873164774,0.0028917719930651956,97.58820343017578,-8.794464111328125,5.067447185516357,28248605.0,50354.0,0.0756320378187,-0.006713975767000059,0.06694643928170527,0.003811470748076061,-0.00036104739513448056,0.003380238652324774,28.248605923028663
1631,E,1551289863296009.0,1.5068207,9.648788,1.3123420136732982,163,1970-01-18 22:54:49.863296009,-0.0024871826,0.00064086914,0.003829956,9.853986902282314,0.004611437249088737,97.59251403808594,-8.794693946838379,5.066774368286133,28298959.0,50354.0,0.0757661128968,-0.006916071546000065,0.06705515860310526,0.0038117512405641436,-0.0003431637011994041,0.003373758229945875,28.29895992600359
1631,E,1551289913650013.0,1.4830322,9.658432,1.3257697136732982,163,1970-01-18 22:54:49.913650013,0.0019226074,0.0016479492,0.00289917,9.858041155942535,0.003849330132531555,97.59478759765625,-8.791290283203125,5.066504001617432,28349313.0,50354.0,0.0752755264633,-0.0073713220600000575,0.06641973895940527,0.003802775354169238,-0.0003597137088182651,0.0033604974959313277,28.34931392990984
1631,E,1551289964004017.0,1.5146179,9.650223,1.3285621136732981,163,1970-01-18 22:54:49.964004017,0.005218506,0.0037994385,-0.0011291504,9.854434922202083,0.006553130428515704,97.5969009399414,-8.792511940002441,5.066414833068848,28399667.0,50354.0,0.0754718365677,-0.007335193065000039,0.06682811241710526,0.0037953663590314874,-0.0003702659313021275,0.0033547811541064054,28.39966793404892
1631,E,1551290014358021.0,1.4764252,9.669968,1.3158058136732982,163,1970-01-18 22:54:50.014358021,0.0033416748,0.00030517578,0.0018157959,9.86967315794335,0.003815368589810224,97.6003646850586,-8.787873268127441,5.065913677215576,28450021.0,50354.0,0.0753054921287,-0.007044751193000005,0.06657725130680527,0.0037961208045892625,-0.0003620438565836671,0.003358746842476896,28.45002193795517
1631,E,1551290064712025.0,1.4796753,9.640121,1.3165535136732982,163,1970-01-18 22:54:50.064712025,0.0009460449,0.0046844482,0.0030975342,9.840820375843832,0.005695065760065364,97.60407257080078,-8.784557342529297,5.065563201904297,28500375.0,50354.0,0.0744257422885,-0.007299089247000001,0.06627491078460526,0.0037697832889218444,-0.0003611348707578802,0.0033448188849754435,28.50037594186142
1631,E,1551290115066029.0,1.5023193,9.6714325,1.3140815136732982,163,1970-01-18 22:54:50.115066029,0.0020599365,-0.0024414063,0.0006713867,9.875243514630592,0.0032641328414525087,97.60753631591797,-8.783721923828125,5.0649261474609375,28550729.0,50354.0,0.07507767804420001,-0.007262217530500024,0.06623149808350526,0.003764047613716389,-0.00036661002073711815,0.0033361138560724186,28.5507299460005
1631,E,1551290165420033.0,1.5276489,9.639206,1.3698677136732982,163,1970-01-18 22:54:50.165420033,0.0025787354,0.00050354004,0.0023651123,9.840292812104892,0.0035351357861767704,97.6033935546875,-8.787521362304688,5.065584182739258,28601083.0,50354.0,0.0762855093714,-0.007285254485500046,0.06757378969690526,0.003810870969562562,-0.00036626170294683377,0.0033688157304473955,28.60108394990675
1631,E,1551290215774037.0,1.5225372,9.63855,1.3978370136732983,163,1970-01-18 22:54:50.215774037,7.6293945e-05,-0.004425049,0.001449585,9.835319955653945,0.004657056590881161,97.59523010253906,-8.790515899658203,5.066610336303711,28651437.0,50354.0,0.0767945354397,-0.008113137188000033,0.06968250192040526,0.0038540962882090647,-0.00038768530716371154,0.003455701654049027,28.651437954045832
1631,E,1551290266128041.0,1.5455017,9.627335,1.3898109136732981,163,1970-01-18 22:54:50.266128041,0.0052337646,0.0020599365,0.0001373291,9.828922723203583,0.005626232269818961,97.5888442993164,-8.796944618225098,5.0677266120910645,28701791.0,50354.0,0.0772440153853,-0.008412013355000015,0.07018461186680526,0.0038782285941210254,-0.00041605371522111226,0.003521434323820599,28.701791957952082
1631,E,1551290316482045.0,1.5526886,9.651611,1.297769913673298,163,1970-01-18 22:54:50.316482045,0.0068511963,0.00010681152,-0.00010681152,9.865821692242436,0.0068528613106309914,97.59567260742188,-8.803390502929688,5.0667405128479,28752145.0,50354.0,0.0780031371831,-0.008083176558000005,0.06766522249010526,0.003908657560214607,-0.0004152993964396015,0.003470645279603936,28.752145961858332
1631,E,1551290366836048.0,1.5255127,9.629822,1.3757881136732981,163,1970-01-18 22:54:50.366836048,-0.00012207031,0.0051116943,0.0025177002,9.830012995334476,0.005699397693995044,97.59098815917969,-8.806659698486328,5.067689895629883,28802499.0,50354.0,0.0774998741301,-0.008020561358999995,0.06731217045450526,0.003915099315832437,-0.00040544380953630904,0.0033983258221664597,28.80249996506609
1631,E,1551290417190052.0,1.5134583,9.6271515,1.3553871136732982,163,1970-01-18 22:54:50.417190052,0.0027160645,0.0012054443,0.0030975342,9.828154110246883,0.004292414291367084,97.5896224975586,-8.808113098144531,5.067958354949951,28852853.0,50354.0,0.076512172867,-0.008636378190500015,0.06876279869890525,0.0038775613072459868,-0.0004193717670377618,0.003425959498375416,28.85285396897234
1631,E,1551290467544056.0,1.5062714,9.663681,1.2828010136732981,163,1970-01-18 22:54:50.467544056,0.0072021484,0.008987427,-0.00045776367,9.872468719103558,0.011526245409218192,97.59832000732422,-8.807352066040039,5.067124366760254,28903207.0,50354.0,0.0760277346569,-0.007783910147500024,0.06642166248220525,0.003840497251729231,-0.00041341359948582704,0.0034035391791568193,28.90320797287859
1631,E,1551290517898060.0,1.5050812,9.696854,1.3341774136732982,163,1970-01-18 22:54:50.517898060,-0.00016784668,-0.004501343,-0.0002746582,9.897913882245547,0.004512837072005066,97.59840393066406,-8.80578327178955,5.066890716552734,28953561.0,50354.0,0.0758168244102,-0.006029010305000024,0.06588766586530526,0.0038229904636323774,-0.0003477678982325937,0.0033311519598052727,28.95356197701767
1631,E,1551290568252064.0,1.5130157,9.681915,1.2886757136732983,163,1970-01-18 22:54:50.568252064,0.0009765625,0.0015258789,0.0016784668,9.890549846077088,0.0024696622304626395,97.60540008544922,-8.805718421936035,5.065889358520508,29003915.0,50354.0,0.0759866256513,-0.005569932887000033,0.06603557318720527,0.003821955462198386,-0.00029202659274498545,0.0033214313896250576,29.00391598092392
1631,E,1551290618606068.0,1.4266357,9.610001,1.2952369136732982,163,1970-01-18 22:54:50.618606068,0.0032958984,-0.0074768066,0.002029419,9.806332434307219,0.008419271029874685,97.61292266845703,-8.794760704040527,5.064385414123535,29054269.0,50354.0,0.0740116032978,-0.007756630868000023,0.06505516821870527,0.003776505410251491,-0.0003355228956596364,0.0033004715963766097,29.054269985063
1631,E,1551290668960072.0,1.542984,9.601074,1.3712715136732982,163,1970-01-18 22:54:50.668960072,0.004547119,-0.0077209473,-0.0061035156,9.805164448199777,0.010841689033032705,97.60933685302734,-8.800887107849121,5.064630031585693,29104623.0,50354.0,0.0747661151869,-0.009791964725000012,0.06713468267530527,0.0037457766182892923,-0.0004418209912449619,0.003328143875958503,29.10462398896925
1631,E,1551290719314076.0,1.5588226,9.616043,1.3273567136732982,163,1970-01-18 22:54:50.719314076,0.0037994385,-0.0046539307,-0.0002746582,9.828039568502396,0.006014170017759058,97.61193084716797,-8.808975219726562,5.064035892486572,29154977.0,50354.0,0.0780941847682,-0.009639845291000036,0.06794336287990527,0.003848563771969553,-0.0004892346807728332,0.0034008599529435357,29.1549779928755
1631,E,1551290769668080.0,1.5553894,9.628738,1.3567451136732982,163,1970-01-18 22:54:50.769668080,0.0027160645,0.007797241,-0.000869751,9.836075831948751,0.008302435810185,97.6097640991211,-8.8162202835083,5.064776420593262,29205331.0,50354.0,0.078406515524,-0.008943348763000044,0.06757763170710526,0.00394021813125672,-0.00046786907669756,0.003412012080717164,29.205331997014582
1631,E,1551290820022084.0,1.4988708,9.6137085,1.3546089136732982,163,1970-01-18 22:54:50.820022084,0.0044403076,0.0040893555,-0.003036499,9.81284859606322,0.0067571803413109385,97.6083755493164,-8.815346717834473,5.065245628356934,29255686.0,50355.0,0.0768986361855,-0.009002303246250041,0.06826511602351892,0.003910195457165935,-0.00045182665346289405,0.00342018078098779,29.255686000920832
1631,E,1551290870376088.0,1.4780121,9.69017,1.3427528136732982,163,1970-01-18 22:54:50.870376088,0.0066223145,0.008071899,0.0033874512,9.886164422834632,0.010976585463407676,97.60733795166016,-8.810134887695312,5.065826892852783,29306040.0,50354.0,0.07494898077329999,-0.007455451005500043,0.06791147620940526,0.003823067452171708,-0.00041435687879631187,0.003428518062648332,29.306040005059913
1631,E,1551290920730091.0,1.4463806,9.708008,1.2941535136732982,163,1970-01-18 22:54:50.920730091,7.6293945e-05,0.00090026855,0.0041656494,9.905406238142502,0.004262503859456684,97.61276245117188,-8.800002098083496,5.0650129318237305,29356394.0,50354.0,0.0736274350079,-0.0050812724940000435,0.06638939060360527,0.0037407084201232727,-0.0003156370875469137,0.003381292923751166,29.35639400803484
1631,E,1551290971084095.0,1.4560242,9.648972,1.2848609136732982,163,1970-01-18 22:54:50.971084095,0.002243042,0.003921509,0.0022583008,9.850237726713477,0.005050682404796964,97.62068176269531,-8.792654991149902,5.063997268676758,29406748.0,50354.0,0.07307384564960001,-0.0061185145400000345,0.06493184623730526,0.0036934981431138783,-0.00028197703815502,0.003306274779943604,29.40674801194109
1631,E,1551291021438099.0,1.4832611,9.696014,1.3058723136732981,163,1970-01-18 22:54:51.021438099,-0.00032043457,0.0043640137,0.0030059814,9.897537997782033,0.005308786873155179,97.62425994873047,-8.78848648071289,5.063640117645264,29457102.0,50354.0,0.0740023859981,-0.006420487478000025,0.06522689046490526,0.0037029382841941433,-0.0003156944538071875,0.0032770065139515543,29.45710201608017
1631,E,1551291071792103.0,1.4318695,9.6822815,1.2388557136732983,163,1970-01-18 22:54:51.071792103,0.0022888184,-0.0014801025,0.001159668,9.88569965161073,0.002962131487444271,97.63793182373047,-8.777036666870117,5.061488628387451,29507456.0,50354.0,0.0733942431162,-0.005581854196500033,0.06406861754450525,0.0037110049312107317,-0.000302182956338888,0.0032552730051529292,29.50745601998642
1631,E,1551291122146107.0,1.5160675,9.632294,1.365244213673298,163,1970-01-18 22:54:51.122146107,0.005508423,-0.006958008,-0.0019683838,9.8323224391622,0.009090166888407244,97.63407135009766,-8.779218673706055,5.061795711517334,29557810.0,50354.0,0.07422020984899999,-0.007186132636500033,0.06556342387080527,0.0037164890823048404,-0.0003214596044944427,0.0032637459067132737,29.55781002389267
1631,E,1551291172500111.0,1.5197144,9.685287,1.3375343136732982,163,1970-01-18 22:54:51.172500111,0.0008239746,-0.0064086914,0.0017242432,9.888381667576184,0.006687546202803041,97.63306427001953,-8.780795097351074,5.0616278648376465,29608164.0,50354.0,0.0764318808963,-0.007110463163000022,0.06804785498300525,0.0037929676886944183,-0.0003599453924440129,0.0033639311677023877,29.60816402803175
1631,E,1551291222854115.0,1.4882355,9.649857,1.3721717136732983,163,1970-01-18 22:54:51.222854115,0.00044250488,0.0066375732,0.0040283203,9.844396942832672,0.007776924391658578,97.62760925292969,-8.778897285461426,5.06276273727417,29658518.0,50354.0,0.0757311546323,-0.006668279512,0.06822226865050526,0.0038310087455035624,-0.00034690740432847557,0.0034308729027208943,29.658518031938
1631,E,1551291273208119.0,1.4972382,9.655991,1.2896369136732981,163,1970-01-18 22:54:51.273208119,0.00044250488,-0.0025024414,0.0061798096,9.862636156495407,0.006681921147507649,97.63426971435547,-8.778010368347168,5.061585903167725,29708872.0,50354.0,0.0751652713449,-0.007405864904000011,0.06701635581070527,0.003799119316827964,-0.0003543447339616323,0.003404902848059898,29.708872036077082
1631,E,1551291323562123.0,1.4351959,9.629654,1.351602913673298,163,1970-01-18 22:54:51.323562123,0.00044250488,-0.00010681152,0.0053100586,9.819352421113189,0.00532953483946418,97.6322250366211,-8.76893424987793,5.061860084533691,29759226.0,50354.0,0.0738298933357,-0.007914515835000021,0.06649849513310525,0.0037512512611634664,-0.00038572122586580387,0.0033615034022123178,29.759226039983332
1631,E,1551291373916127.0,1.4661102,9.627991,1.3534645136732981,163,1970-01-18 22:54:51.373916127,0.0025177002,-0.005126953,0.004196167,9.822046571538626,0.007087473375835569,97.63014221191406,-8.764496803283691,5.06191873550415,29809580.0,50354.0,0.0730461836797,-0.008619471835000033,0.06810548261830525,0.0036978989910167264,-0.0004162762075675914,0.0033889243478472625,29.809580043889582
1631,E,1551291424270131.0,1.5091248,9.630325,1.3487342136732983,163,1970-01-18 22:54:51.424270131,-0.000579834,-0.00630188,-0.0031738281,9.831460130145993,0.007079765801939045,97.62859344482422,-8.76593017578125,5.061861515045166,29859934.0,50354.0,0.074907491595,-0.008602578068000065,0.06803325735840526,0.003725029682391122,-0.00043359955040783347,0.0034275650563936402,29.859934048028663
1631,E,1551291474624134.0,1.5631714,9.655869,1.3022712136732981,163,1970-01-18 22:54:51.474624134,0.0024871826,-0.002166748,0.0018920898,9.871036162865336,0.0038027461120236253,97.63349151611328,-8.774653434753418,5.061016082763672,29910288.0,50354.0,0.07735120142740001,-0.00790069366200008,0.06674436364430526,0.003833417114224966,-0.00041550287234621365,0.0033932961639852426,29.91028805100359
1631,E,1551291524978138.0,1.5388794,9.672897,1.3361000136732981,163,1970-01-18 22:54:51.524978138,-0.0016174316,0.0042419434,0.0030822754,9.879401118901846,0.005487311767243345,97.63275146484375,-8.779500007629395,5.061304092407227,29960642.0,50354.0,0.0781003329916,-0.006828858418000039,0.06642627239090525,0.0039138032820671634,-0.00037084593271816303,0.0033528371034584952,29.96064205490984
1631,E,1551291575332142.0,1.4818573,9.614319,1.3485206136732981,163,1970-01-18 22:54:51.575332142,-0.0016937256,-0.00093078613,0.0030975342,9.811654730004816,0.003650998130383714,97.63140106201172,-8.777326583862305,5.061431407928467,30010996.0,50354.0,0.0760530878959,-0.007874962768000015,0.06759069353470526,0.0038811206776845878,-0.0003701981059999234,0.0033741451511090964,30.01099605904892
1631,E,1551291625686146.0,1.4978943,9.656448,1.3344062136732981,163,1970-01-18 22:54:51.625686146,0.0014953613,0.018188477,0.0030975342,9.85720728858751,0.018510848687114168,97.63134765625,-8.776680946350098,5.062324047088623,30061350.0,50354.0,0.0750212060332,-0.008289099241000053,0.06754804873210526,0.0038035974982529508,-0.00040696258920059475,0.003402388114051489,30.06135006295517
1631,E,1551291676040150.0,1.3635559,9.640045,1.2447914136732983,163,1970-01-18 22:54:51.676040150,0.0015106201,-0.0071411133,0.0020446777,9.833795124475042,0.007580117357062368,97.6448745727539,-8.756584167480469,5.059909343719482,30111704.0,50354.0,0.07204273168540001,-0.007641395739000039,0.06493645866370527,0.0037026287599411928,-0.00040108207211146234,0.003335562442704322,30.11170406686142
1631,E,1551291726394154.0,1.3534088,9.752609,1.2264350136732982,163,1970-01-18 22:54:51.726394154,-0.008270264,-0.03112793,-0.0033111572,9.945350526992506,0.032377601126669465,97.6580810546875,-8.732842445373535,5.056336402893066,30162058.0,50354.0,0.06840502025190001,-0.005220350242000029,0.062218067761305264,0.003536053050525403,-0.0003238201785636387,0.0032013695118024905,30.1620580710005
1631,E,1551291776748158.0,1.5743713,9.641998,1.340677613673298,163,1970-01-18 22:54:51.776748158,-0.019607544,-0.04711914,-0.0030517578,9.854158633785275,0.05112711963059719,97.6561508178711,-8.743889808654785,5.054192066192627,30212412.0,50354.0,0.0737127195777,-0.0051711795610000656,0.06463219461870526,0.00357809833568984,-0.0002616275458501334,0.0031937090559415247,30.21241207490675
1631,E,1551291827102162.0,1.5796051,9.634125,1.3758338136732982,163,1970-01-18 22:54:51.827102162,-0.013320923,-0.024917603,0.0032958984,9.842758610247484,0.028446385976089488,97.6494369506836,-8.756168365478516,5.053869724273682,30262766.0,50354.0,0.0794076638228,-0.008154251229000079,0.06839360820630525,0.0038551118928743886,-0.00033549437099983365,0.00334919063772529,30.262766079045832
1631,E,1551291877456166.0,1.5243988,9.603241,1.257364613673298,163,1970-01-18 22:54:51.877456166,-0.008651733,-0.004180908,0.009399414,9.81963209139972,0.013441780356453865,97.66090393066406,-8.760976791381836,5.051792144775391,30313120.0,50354.0,0.0781495061903,-0.009130036218000043,0.06629603680530527,0.003966816869419819,-0.00043516650505312206,0.003391081192457318,30.313120082952082
1631,E,1551291927810170.0,1.4903564,9.630234,1.325449313673298,163,1970-01-18 22:54:51.927810170,0.00044250488,-0.0047302246,0.006164551,9.831565796490422,0.007782835239607091,97.66204071044922,-8.760201454162598,5.05134916305542,30363474.0,50354.0,0.0759024916704,-0.009227999925000029,0.06502750624880525,0.0038785671501388444,-0.00046220027597231283,0.003306332843473341,30.363474086858332
1631,E,1551291978164173.0,1.5193634,9.660828,1.343439413673298,163,1970-01-18 22:54:51.978164173,-0.00024414063,-0.01423645,-0.0113220215,9.863601304960884,0.01819132441841932,97.65995788574219,-8.762064933776855,5.051043510437012,30413828.0,50354.0,0.0757757154046,-0.007778132026000032,0.06719461148840526,0.0038188022195272757,-0.0004281633841303286,0.0033289562582697494,30.41382809006609
1631,E,1551292028518177.0,1.5193634,9.62735,1.4607490136732981,163,1970-01-18 22:54:52.028518177,-0.008377075,-0.03111267,-0.004211426,9.816172214388033,0.03249476464044633,97.6411361694336,-8.765218734741211,5.052351951599121,30464182.0,50354.0,0.07650602464360001,-0.00785074249400003,0.07060105203530526,0.0038339973691935317,-0.00039348817379004155,0.00346928142053646,30.46418209397234
1631,E,1551292078872181.0,1.5202332,9.670731,1.4264320136732982,163,1970-01-18 22:54:52.078872181,0.0012054443,0.0042419434,-0.001739502,9.862978972156238,0.004740574540834692,97.62720489501953,-8.767705917358398,5.054698944091797,30514536.0,50354.0,0.07652792359820001,-0.007601414663000041,0.07269055672550526,0.0038529357148837993,-0.0003890389607417908,0.0036076528337709267,30.51453609787859
1631,E,1551292129226185.0,1.5266724,9.603287,1.350489013673298,163,1970-01-18 22:54:52.129226185,-0.0012817383,-0.0070648193,0.0029449463,9.807464176212873,0.00776062069175031,97.62600708007812,-8.772497177124023,5.054511547088623,30564890.0,50354.0,0.07671194229120001,-0.00820724881400004,0.06991454070550526,0.0038581201034974246,-0.000398014720360431,0.003590368538020552,30.56489010201767
1631,E,1551292179580189.0,1.5012512,9.651276,1.3694099136732982,163,1970-01-18 22:54:52.179580189,0.0034332275,-0.0024871826,0.0005493164,9.848116321065866,0.004274912497327632,97.62130737304688,-8.772404670715332,5.055126667022705,30615244.0,50354.0,0.07623403247720001,-0.008697067349000056,0.06847889529380527,0.0038507208067440077,-0.00042559996803585344,0.0034843315381546413,30.61524410592392
1631,E,1551292229934193.0,1.5085297,9.668182,1.342813813673298,163,1970-01-18 22:54:52.229934193,0.002319336,0.0024719238,-0.0028381348,9.86922392190653,0.004420942874192504,97.6202163696289,-8.77277946472168,5.055454254150391,30665598.0,50354.0,0.0757772537193,-0.007063205934000058,0.06828565678340526,0.003827188152569281,-0.0003967964004460939,0.0034433211276479296,30.665598110063
1631,E,1551292280292346.0,1.4925995,9.670288,1.357904813673298,163,1970-01-18 22:54:52.280292346,0.007965088,-0.0023040771,0.0007171631,9.8669109529847,0.008322603020839696,97.6171875,-8.77099609375,5.055854797363281,30715956.0,50358.0,0.0755654321268,-0.006585063870000057,0.06800139431795994,0.003810657486918952,-0.0003436497853949189,0.003431571659681274,30.71595626301132
1631,E,1551292330646350.0,1.4554138,9.693359,1.3815864136732983,163,1970-01-18 22:54:52.330646350,0.0009765625,0.012374878,-0.0010375977,9.880963660518074,0.012456640350364763,97.60991668701172,-8.763508796691895,5.057584762573242,30766310.0,50354.0,0.07422213085410001,-0.005950659481000074,0.06897217063090526,0.00377120147317012,-0.0003156119068081303,0.0034485834447175795,30.76631026691757
1631,E,1551292381000354.0,1.4580231,9.637329,1.3157905136732981,163,1970-01-18 22:54:52.381000354,0.004714966,0.013549805,0.0010375977,9.834953864954368,0.014384183289510263,97.6136703491211,-8.757699966430664,5.057706356048584,30816664.0,50354.0,0.0733516008313,-0.006780468224000073,0.06791185889980525,0.003715463842643316,-0.00032053160222878874,0.003446329211494698,30.816664271056652
1631,E,1551292431354358.0,1.3701782,9.652466,1.3312934136732981,163,1970-01-18 22:54:52.431354358,0.0036315918,-0.003112793,0.0066070557,9.835111216002865,0.008156661344298826,97.61485290527344,-8.739270210266113,5.0573577880859375,30867018.0,50354.0,0.0712056241301,-0.007810031285000041,0.06664563203880526,0.003639517252853168,-0.0003673450061380959,0.0033877539493613975,30.867018274962902
1631,E,1551292481708362.0,1.4745178,9.665375,1.304117513673298,163,1970-01-18 22:54:52.481708362,-0.0012207031,-0.002609253,-0.0024719238,9.866449611442015,0.0037958825784480017,97.61946105957031,-8.73552417755127,5.056540012359619,30917372.0,50354.0,0.071620911192,-0.007103917143000046,0.06635174091780525,0.0035959436798045116,-0.0003754884795717582,0.0033484748589285834,30.917372278869152
1631,E,1551292532062365.0,1.4649658,9.707947,1.2798103136732981,163,1970-01-18 22:54:52.532062365,0.006011963,-0.0036010742,0.006713867,9.910018697046247,0.009705021617748394,97.62699127197266,-8.729971885681152,5.055218696594238,30967726.0,50354.0,0.07400737859720001,-0.005707072006000038,0.06505555090910525,0.0036664834520226887,-0.00032254227380437516,0.0033084413863261265,30.96772628207691
1631,E,1551292582416369.0,1.4118347,9.698608,1.3958839136732981,163,1970-01-18 22:54:52.582416369,0.001159668,-0.021881104,0.0022583008,9.877997628814663,0.022027879258619532,97.6175537109375,-8.71712589263916,5.05557107925415,31018080.0,50354.0,0.0724292061885,-0.004870364765000013,0.06736595356190525,0.0036868338951495695,-0.0002663081255834683,0.003333976218066632,31.01808028598316
1631,E,1551292632770373.0,1.4701538,9.728592,1.3904365136732981,163,1970-01-18 22:54:52.632770373,-0.0028533936,-0.013793945,-0.0012054443,9.91659581858746,0.014137463338942686,97.60834503173828,-8.712190628051758,5.056279182434082,31068434.0,50354.0,0.07255982446450002,-0.004350585600000013,0.07015118939930526,0.0036503888247505813,-0.00023215586733960566,0.003462269108334397,31.06843428988941
1631,E,1551292683124377.0,1.5263672,9.641937,1.3760627136732981,163,1970-01-18 22:54:52.683124377,-0.012298584,-0.009155273,0.0043792725,9.841979117019395,0.015945288324105064,97.60257720947266,-8.717592239379883,5.056582927703857,31118788.0,50354.0,0.075443409217,-0.005777391367000006,0.06965215104690525,0.0037262774143991266,-0.00025499207609815946,0.0035198287024142422,31.11878829402849
1631,E,1551292733478381.0,1.5381165,9.633713,1.3969367136732982,163,1970-01-18 22:54:52.733478381,-0.0038909912,0.011520386,0.0048675537,9.833117395259261,0.013097793139680331,97.59432220458984,-8.724954605102539,5.058337211608887,31169142.0,50354.0,0.07715450611490002,-0.00816615995000002,0.06981580658230525,0.0038419577143112473,-0.0003510567915081097,0.003511384769230633,31.16914229793474
1631,E,1551292783832385.0,1.5393219,9.624573,1.3957008136732982,163,1970-01-18 22:54:52.783832385,-0.0068206787,0.016967773,0.0030975342,9.824506676823066,0.01854782188366958,97.58644104003906,-8.732458114624023,5.060293197631836,31219496.0,50354.0,0.0774806665968,-0.008603333378000035,0.07031023502600527,0.0038932497433624715,-0.00042220553351905737,0.0035279533495724343,31.21949630207382
1631,E,1551292834186389.0,1.4958954,9.550888,1.303842913673298,163,1970-01-18 22:54:52.834186389,0.0056610107,0.02381897,0.0022735596,9.75761462606665,0.02458779061365959,97.59423828125,-8.734883308410645,5.060304641723633,31269850.0,50354.0,0.0764176659621,-0.010688618403000028,0.06796641242340526,0.0038746983188354257,-0.00048571346999023865,0.0034813911528338093,31.26985030598007
1631,E,1551292884540393.0,1.4579926,9.65918,1.3658393136732982,163,1970-01-18 22:54:52.884540393,0.014343262,0.01802063,-0.002105713,9.849823048068737,0.023128041370507644,97.59109497070312,-8.729334831237793,5.061785697937012,31320204.0,50354.0,0.074370038176,-0.009817317964000044,0.06721458943790526,0.0037963820270849437,-0.0005162779599119608,0.0034034520838622153,31.32020430988632
1631,E,1551292934894397.0,1.4566498,9.656754,1.3650306136732981,163,1970-01-18 22:54:52.934894397,-0.00015258789,0.008270264,-0.0042419434,9.847348994038732,0.009295947154683818,97.58755493164062,-8.723611831665039,5.062756061553955,31370558.0,50354.0,0.0733819517048,-0.0071519296820000714,0.06875511216080525,0.003719951849228902,-0.0004272347479833449,0.003423309177150735,31.370558314025402
1631,E,1551292985248401.0,1.4466858,9.634689,1.3495887136732982,163,1970-01-18 22:54:52.985248401,0.0009918213,0.003540039,0.00065612793,9.826237179341218,0.003734446340915983,97.58687591552734,-8.717233657836914,5.0630364418029785,31420912.0,50354.0,0.0730972804012,-0.007768539589000056,0.06834597080460526,0.0036879076267327623,-0.00037565265483597025,0.0034517939658201408,31.420912317931652
1631,E,1551293035602405.0,1.4480591,9.682144,1.3273414136732982,163,1970-01-18 22:54:53.035602405,-0.0014038086,-0.0009918213,0.0013275146,9.875878608169407,0.0021717925982424773,97.58845520019531,-8.710148811340332,5.06273078918457,31471266.0,50354.0,0.0728809923473,-0.0071292955590000606,0.06739706981620526,0.003675294972988985,-0.000375082795521199,0.003417602533710147,31.471266322070733
1631,E,1551293085956408.0,1.4620667,9.649353,1.317728413673298,163,1970-01-18 22:54:53.085956408,-0.0011901855,-0.017807007,-0.0056915283,9.847078015693588,0.018732312569785935,97.5921630859375,-8.705463409423828,5.0613250732421875,31521620.0,50354.0,0.0732682372666,-0.006760100031000066,0.06659492304310526,0.003679599153989161,-0.0003496933127694332,0.003373516404218861,31.52162032504566
1631,E,1551293136310412.0,1.5417633,9.675522,1.3281807136732982,163,1970-01-18 22:54:53.136310412,0.0063171387,-0.014373779,-0.008132935,9.883459305613592,0.01768209251785839,97.59407043457031,-8.711688041687012,5.060430526733398,31571974.0,50354.0,0.07562742791,-0.006926822125000024,0.06661605409920525,0.003748746162151259,-0.0003445956391216143,0.0033538527715119516,31.57197432895191
1631,E,1551293186664416.0,1.5787201,9.676331,1.391642013673298,163,1970-01-18 22:54:53.186664416,0.0035552979,-0.0008239746,0.00045776367,9.88194182089451,0.003678127903806696,97.58648681640625,-8.723740577697754,5.061565399169922,31622328.0,50354.0,0.0785644105618,-0.006247597019000031,0.06847697680640526,0.003882087917204509,-0.00033169235078848937,0.003401237239110556,31.62232833285816
1631,E,1551293237018420.0,1.5210266,9.641235,1.4244178136732981,163,1970-01-18 22:54:53.237018420,-0.001083374,0.018798828,0.011184692,9.834428635418297,0.021901300612802065,97.57454681396484,-8.72876262664795,5.064213752746582,31672682.0,50354.0,0.0780423226659,-0.0071108408180000525,0.07089993827310526,0.003942887722473803,-0.00033632538942215116,0.003509092590956836,31.67268233699724
1631,E,1551293287372424.0,1.430481,9.650833,1.3871559136732983,163,1970-01-18 22:54:53.287372424,-0.002746582,0.029205322,0.014266968,9.834887060135609,0.03261964012246965,97.56804656982422,-8.720528602600098,5.066520690917969,31723036.0,50354.0,0.0743101068452,-0.007752803964000026,0.07078699173340526,0.003835777117800965,-0.000374221984676416,0.003567251836773915,31.72303634090349
1631,E,1551293337726428.0,1.3566437,9.680603,1.2520545136732981,163,1970-01-18 22:54:53.337726428,0.0016326904,0.015029907,0.016189575,9.871589950329751,0.022150984651963586,97.58111572265625,-8.700904846191406,5.065184593200684,31773390.0,50354.0,0.0701714385719,-0.006761635828000034,0.06644740092930526,0.003637611868966327,-0.00036543005064318553,0.0034551503040690635,31.77339034504257
1631,E,1551293388080432.0,1.2782898,9.694733,1.2764076136732982,163,1970-01-18 22:54:53.388080432,-0.003189087,-0.017715454,0.007507324,9.871634686241395,0.019503012586794405,97.59003448486328,-8.669647216796875,5.062895774841309,31823744.0,50354.0,0.06633972072949999,-0.005656365528000061,0.06365909098020527,0.0034369414577313483,-0.00031264802014001444,0.0032756911468057462,31.82374434894882
1631,E,1551293438434436.0,1.4000702,9.631592,1.344416013673298,163,1970-01-18 22:54:53.438434436,-0.0075531006,-0.042037964,-0.004196167,9.817118748744731,0.04291675154797839,97.59001922607422,-8.657402038574219,5.0608086585998535,31874098.0,50354.0,0.06743306972,-0.006890315475000065,0.06598447646570527,0.003367997545147062,-0.00031588778761253416,0.00326403609758569,31.87409835285507
1631,E,1551293488788440.0,1.4829407,9.61647,1.396494213673298,163,1970-01-18 22:54:53.488788440,-0.0031738281,-0.043701172,-0.0063476563,9.80778606032099,0.04427367569430918,97.58290100097656,-8.6577787399292,5.059756278991699,31924452.0,50354.0,0.0725855654293,-0.008860743026000059,0.06900789679390526,0.0035252491771539268,-0.00039656439987968006,0.0033987029815572144,31.924452356994152
1631,E,1551293539142444.0,1.5308533,9.650909,1.4461921136732983,163,1970-01-18 22:54:53.539142444,-0.0016937256,-0.031402588,0.0005187988,9.842797391741458,0.03145251010175056,97.56805419921875,-8.6648530960083,5.060436725616455,31974806.0,50354.0,0.075878291538,-0.008374398917000035,0.07157031366360526,0.003737874526865713,-0.0004339291686989134,0.0035393376046887423,31.974806360900402
1631,E,1551293589496447.0,1.5636139,9.657181,1.3831886136732983,163,1970-01-18 22:54:53.589496447,-0.0020446777,-0.015411377,0.007888794,9.86184800603103,0.017433425329161287,97.56253051757812,-8.676594734191895,5.0604472160339355,32025160.0,50354.0,0.0779094006944,-0.007349418070000037,0.07123531857240527,0.0038719127273351356,-0.0003958785402817009,0.0035954174028060373,32.02516036387533
1631,E,1551293639850451.0,1.585495,9.64801,1.4580329136732981,163,1970-01-18 22:54:53.639850451,-0.004776001,0.014190674,0.014923096,9.847189662531418,0.021139635955983088,97.54605865478516,-8.692164421081543,5.063499450683594,32075514.0,50354.0,0.0792851147753,-0.007422406193000064,0.07153343439400527,0.003957686315980637,-0.00037191021946955357,0.003594488893435318,32.07551436801441
1631,E,1551293690204455.0,1.5333557,9.6091,1.3872627136732982,163,1970-01-18 22:54:53.690204455,-0.0040130615,0.03793335,0.010314941,9.809478448977982,0.03951508209100372,97.54088592529297,-8.700447082519531,5.066040992736816,32125867.999999996,50353.999999996275,0.0785233040738942,-0.008632941529999421,0.07163600800969995,0.0039731425613658685,-0.00040422548962192815,0.00360457705139782,32.12586837192066
1631,E,1551293740558459.0,1.4806976,9.622208,1.3806098136732983,163,1970-01-18 22:54:53.740558459,0.0072021484,0.04925537,0.0052337646,9.815079867931335,0.05005351843078302,97.53704071044922,-8.70043659210205,5.069056510925293,32176222.000000004,50354.00000000745,0.07588481993411123,-0.009282558484001401,0.06968672662101556,0.003887533338150127,-0.0004510585438525654,0.003558082489798051,32.17622237605974
1631,E,1551293790912463.0,1.427185,9.677307,1.3416237136732982,163,1970-01-18 22:54:53.790912463,0.0043029785,0.034851074,0.0063323975,9.866223412738737,0.0356820997283364,97.53791046142578,-8.691399574279785,5.070626735687256,32226576.0,50353.999999996275,0.07321176022019459,-0.007565310844999443,0.06853767351800019,0.0037538045985446803,-0.0004241788060962229,0.0034800757222997426,32.22657637996599
1631,E,1551293841266467.0,1.4231262,9.692978,1.384821313673298,163,1970-01-18 22:54:53.841266467,-0.0035095215,0.015213013,0.0077056885,9.875477747802595,0.017410632985510995,97.53191375732422,-8.681737899780273,5.072201251983643,32276930.0,50354.0,0.07176228508240001,-0.005783534555000015,0.06864370645350526,0.0036500115385834247,-0.0003360838806357864,0.003453815603542593,32.27693038387224
1631,E,1551293891620471.0,1.4821777,9.65564,1.4338325136732981,163,1970-01-18 22:54:53.891620471,-0.0056915283,0.0075683594,0.0047302246,9.841479021616554,0.010585300334129136,97.5195541381836,-8.681534767150879,5.074362277984619,32327284.0,50354.0,0.0731468362903,-0.006329044614000034,0.07096524741110526,0.0036483769488004684,-0.0003049584057379142,0.0035149346314492995,32.32728438801132
1631,E,1551293941974475.0,1.5499878,9.620071,1.4027198136732981,163,1970-01-18 22:54:53.941974475,-0.004562378,0.015411377,0.0012054443,9.820895580108418,0.016117658949469538,97.51271057128906,-8.691676139831543,5.076108455657959,32377637.999999996,50353.999999996275,0.07634083079349435,-0.008164624152999449,0.07141587794559998,0.003763650994168412,-0.000364907098546719,0.0035847295931055023,32.37763839191757
1631,E,1551293992328479.0,1.5505676,9.647202,1.4115852136732983,163,1970-01-18 22:54:53.992328479,-0.0018920898,0.025344849,0.0019989014,9.846465265321156,0.025493861642579514,97.50430297851562,-8.701160430908203,5.07859468460083,32427992.000000004,50354.00000000745,0.07806268330581155,-0.00837706767900129,0.07085575767351573,0.0038874172744788,-0.00041647017525434413,0.003581972969983006,32.42799239605665
1631,E,1551294042682483.0,1.5443268,9.638535,1.4496254136732982,163,1970-01-18 22:54:54.042682483,0.00050354004,0.024917603,0.0043792725,9.832359934314962,0.02530451579198362,97.49083709716797,-8.70993709564209,5.081830024719238,32478346.000000004,50354.0,0.07792015630880002,-0.007912199551000055,0.07203669996470527,0.003927179952977076,-0.00041011488104974385,0.0035976034059574903,32.4783463999629
1631,E,1551294093036487.0,1.5335388,9.664719,1.417581913673298,163,1970-01-18 22:54:54.093036487,0.0050811768,0.02911377,0.00090026855,9.860227751843752,0.029567557300999307,97.48209381103516,-8.716111183166504,5.08461332321167,32528700.0,50353.999999996275,0.07749142221119427,-0.007471174041999508,0.07218767888059992,0.003912797312397607,-0.0003873071969509213,0.0036311371861879804,32.52870040386915
1631,E,1551294143390490.0,1.4579773,9.670837,1.4193214136732981,163,1970-01-18 22:54:54.143390490,0.0021209717,0.022003174,1.5258789e-05,9.854548906380524,0.02210516726598373,97.47309875488281,-8.7110595703125,5.087069988250732,32579054.0,50354.0,0.07531740084970001,-0.006657906588000026,0.07142471507260527,0.003847267738204135,-0.0003557278630214983,0.003615729242559847,32.57905440707691
1631,E,1551294193744494.0,1.4561615,9.638687,1.3976387136732982,163,1970-01-18 22:54:54.193744494,-0.0020599365,0.008163452,0.0044403076,9.825422860878621,0.009518488247770967,97.4679946899414,-8.706628799438477,5.088198184967041,32629407.999999996,50353.999999996275,0.07336927256759457,-0.0073133142519995024,0.07092260512620001,0.003743484376626949,-0.0003517534270886421,0.0035838784806450554,32.62940841098316
1631,E,1551294244098498.0,1.4937897,9.625488,1.4148048136732982,163,1970-01-18 22:54:54.244098498,-0.0030975342,0.0005187988,0.0076293945,9.81599283113712,0.008250547300129933,97.46076202392578,-8.708178520202637,5.0892462730407715,32679761.999999996,50354.0,0.0742709213624,-0.008455066025000041,0.07080889068800526,0.003717137162575473,-0.0003970005102340175,0.0035683738701142464,32.67976241488941
1631,E,1551294294452502.0,1.4611816,9.645355,1.4394935136732983,163,1970-01-18 22:54:54.294452502,0.0048065186,0.001159668,0.0072784424,9.827558655931778,0.008799043964686601,97.45011901855469,-8.704611778259277,5.090903282165527,32730116.000000004,50354.00000000745,0.07439731242011101,-0.008287185789001235,0.0718626689876159,0.0037430201219428335,-0.0004215196739211725,0.0035920418579536454,32.73011641902849
1631,E,1551294344806506.0,1.467865,9.696091,1.4696296136732983,163,1970-01-18 22:54:54.344806506,0.0032958984,-0.00022888184,0.004638672,9.874768652537274,0.005694963659531845,97.43438720703125,-8.700953483581543,5.093269348144531,32780470.0,50353.999999996275,0.07374460624819455,-0.006509614057999567,0.07324299297719984,0.0037297690863116535,-0.00037253902974791167,0.0036533252512878952,32.78047042293474
1631,E,1551294395160510.0,1.5259705,9.643127,1.4647926136732983,163,1970-01-18 22:54:54.395160510,-0.0013275146,0.0061035156,0.0052337646,9.83219015054929,0.008149079063358612,97.42039489746094,-8.706948280334473,5.095640659332275,32830824.0,50354.0,0.0753757963835,-0.006565708414000063,0.07387994841790525,0.0037544043770581744,-0.00032919739387753474,0.003704114295504561,32.83082442707382
1631,E,1551294445514514.0,1.5202332,9.600342,1.4189094136732983,163,1970-01-18 22:54:54.445514514,0.0043640137,0.013153076,0.006225586,9.7948976427519,0.015192298867484133,97.41448974609375,-8.712890625,5.097172260284424,32881178.0,50354.0,0.07669427055490001,-0.008976380987000055,0.07260296594250526,0.0038286680753080978,-0.00039130318484898,0.0036880003348520552,32.88117843098007
1631,E,1551294495868518.0,1.4664917,9.651794,1.396494213673298,163,1970-01-18 22:54:54.495868518,0.0074768066,0.004196167,0.0048828125,9.839958554232592,0.00986672753935411,97.41129302978516,-8.709611892700195,5.097889423370361,32931531.999999996,50353.999999996275,0.07519677280729443,-0.008758171927999384,0.07088341712570001,0.0038241607987296866,-0.0004465028387409078,0.003612556666507937,32.93153243488632
1631,E,1551294546222522.0,1.526825,9.617035,1.3724617136732982,163,1970-01-18 22:54:54.546222522,0.0067749023,-0.006576538,-0.00047302246,9.818115629444073,0.009453777207426338,97.41236877441406,-8.71546745300293,5.097457408905029,32981886.000000004,50354.00000000745,0.07536273455591115,-0.008337892267001264,0.06971400338281555,0.003790636716883988,-0.000430427608237595,0.00353982125614342,32.9818864390254
1631,E,1551294596576526.0,1.5995941,9.639603,1.4073127136732981,163,1970-01-18 22:54:54.596576526,0.011932373,0.004928589,0.00021362305,9.847394238122327,0.012911938264627092,97.4080810546875,-8.731334686279297,5.098438739776611,33032240.0,50353.999999996275,0.07871385368069418,-0.008644825073999426,0.06998638075730007,0.0038791862620327256,-0.00042757387449434276,0.003517236571495431,33.03224044293165
1631,E,1551294646930530.0,1.5265961,9.6779785,1.4144233136732982,163,1970-01-18 22:54:54.646930530,0.008224487,0.013305664,0.0036621094,9.872536543746273,0.01606530193154282,97.40190887451172,-8.735705375671387,5.100068092346191,33082594.0,50354.0,0.07870809066540001,-0.007110450574500054,0.07104284796050526,0.003963412292801614,-0.0003966705750022715,0.003550692891428185,33.08259444707073
1631,E,1551294697284533.0,1.4562988,9.614349,1.3719886136732982,163,1970-01-18 22:54:54.697284533,0.0045928955,-0.0024871826,0.0025787354,9.804822232857996,0.005825001512693037,97.40321350097656,-8.73096752166748,5.099765777587891,33132948.0,50354.0,0.0751003448973,-0.007746270532500018,0.07015349309480526,0.0038724349821620987,-0.00037404766731094084,0.0035549002787495535,33.13294845004566
1631,E,1551294747638537.0,1.4655762,9.609573,1.3810676136732982,163,1970-01-18 22:54:54.747638537,0.009002686,-0.01576233,0.0009918213,9.800362514071336,0.018179194474305778,97.403564453125,-8.727651596069336,5.099002361297607,33183301.999999996,50353.999999996275,0.07356404687499456,-0.009468515805999337,0.06931369663590013,0.0037429233916507834,-0.00043341667564436625,0.0035113654358497094,33.18330245395191
1631,E,1551294797992541.0,1.5215759,9.635132,1.4378761136732983,163,1970-01-18 22:54:54.797992541,0.0063171387,-0.017028809,-0.0016937256,9.82689137314047,0.01824158117383507,97.39498901367188,-8.731956481933594,5.099528789520264,33233656.000000004,50354.00000000745,0.07520752842171113,-0.008945262215001366,0.07097254622341576,0.0037456219512457135,-0.0004636036892348033,0.003531986736469519,33.23365645785816
1631,E,1551294848346545.0,1.5522919,9.637634,1.4302925136732982,163,1970-01-18 22:54:54.848346545,0.0068969727,-0.0062408447,-0.001663208,9.835066984408344,0.009448948928072761,97.38763427734375,-8.740565299987793,5.100401878356934,33284010.000000004,50354.0,0.0773907696006,-0.008238770418000018,0.07221188153070526,0.0038419673493077272,-0.0004326423896010758,0.003604954337565505,33.28401046199724
1631,E,1551294898700549.0,1.561142,9.622055,1.4179786136732981,163,1970-01-18 22:54:54.898700549,0.011810303,0.015579224,-0.005203247,9.822713634798431,0.020230404265288274,97.38262939453125,-8.750516891479492,5.102048397064209,33334364.0,50353.999999996275,0.0783869253002942,-0.008568010046999407,0.07171092217319995,0.003922015024519524,-0.0004231443117672592,0.0036235444288529534,33.33436446590349
1631,E,1551294949054553.0,1.4914398,9.625992,1.3736824136732981,163,1970-01-18 22:54:54.949054553,0.012588501,0.02406311,-0.0033721924,9.821297682729597,0.0273655860869399,97.38414001464844,-8.750105857849121,5.103115558624268,33384718.0,50354.0,0.07685485197860001,-0.008861120681000045,0.07028564968550527,0.003908522226550719,-0.0004388132243388423,0.003575047689686622,33.38471847004257
1631,E,1551294999408557.0,1.4042053,9.64856,1.329386113673298,163,1970-01-18 22:54:54.999408557,0.0076141357,0.0037384033,-0.00030517578,9.836329488376945,0.008487865099550298,97.39155578613281,-8.736551284790039,5.102230548858643,33435071.999999996,50353.999999996275,0.07290365668269462,-0.008193804295999432,0.06805515631300021,0.0037704699725651363,-0.0004293918461458841,0.003483006472624115,33.43507247394882
1631,E,1551295049762561.0,1.4526062,9.641174,1.3232521136732982,163,1970-01-18 22:54:55.049762561,-6.1035156e-05,-0.026443481,-0.0010375977,9.836927739453664,0.026463900348865328,97.3996810913086,-8.730215072631836,5.099708557128906,33485425.999999996,50354.0,0.0719259431355,-0.0078115670820000545,0.06678547264990525,0.0036463748346226865,-0.0004029672351838931,0.003394882515399071,33.48542647785507
1631,E,1551295100116565.0,1.5808258,9.63002,1.3880256136732982,163,1970-01-18 22:54:55.100116565,-0.0032348633,-0.03425598,-0.0019226074,9.837392313176355,0.034462050512768704,97.39823913574219,-8.742826461791992,5.098236083984375,33535780.000000004,50354.00000000745,0.0763727174640113,-0.008278348662001273,0.06826183934141535,0.0037337153779144483,-0.0004050958086867814,0.003400086174005981,33.53578048199415
1631,E,1551295150470569.0,1.626648,9.63623,1.4679512136732982,163,1970-01-18 22:54:55.150470569,0.00093078613,-0.0065612793,-0.00022888184,9.841191583485216,0.006630922693644578,97.38504791259766,-8.762062072753906,5.099930763244629,33586134.0,50353.999999996275,0.08075456786259402,-0.008402823749999429,0.07190492858209994,0.00395599366266765,-0.0004199818778169106,0.0035289787160100836,33.5861344859004
1631,E,1551295200824572.0,1.5771942,9.61319,1.399103513673298,163,1970-01-18 22:54:55.200824572,0.0036468506,0.028961182,-0.0047912598,9.818940964210228,0.02958049615214289,97.38252258300781,-8.774041175842285,5.1017913818359375,33636488.0,50354.0,0.08066313506940001,-0.008826552660000065,0.07218383687040526,0.004064013506718814,-0.0004337840098745573,0.003627722847797724,33.63648848887533
1631,E,1551295251178576.0,1.4324493,9.641373,1.2838691136732983,163,1970-01-18 22:54:55.251178576,0.008682251,0.030212402,-0.0034179688,9.839469806141622,0.03162045584355764,97.3966064453125,-8.763999938964844,5.1012115478515625,33686842.0,50354.0,0.07577379439950001,-0.008697067349000056,0.06754920183870526,0.003938612573238496,-0.00044119218096659607,0.003518058715579276,33.68684249301441
1631,E,1551295301532580.0,1.3858185,9.677002,1.2926582136732983,163,1970-01-18 22:54:55.301532580,0.0077209473,-0.0014801025,-0.0022125244,9.866533787713722,0.008166945257590435,97.40856170654297,-8.746644020080566,5.09939432144165,33737196.0,50354.0,0.0709555284006,-0.007090472625000045,0.06486922852060527,0.003694204160138118,-0.0003974828939254005,0.0033338988211563613,33.73719649692066
1631,E,1551295351886584.0,1.3839874,9.636276,1.3239082136732983,163,1970-01-18 22:54:55.351886584,0.00019836426,-0.024108887,-0.0030822754,9.82213677625368,0.024305929367128908,97.41625213623047,-8.730177879333496,5.097064971923828,33787550.0,50354.0,0.0697354031443,-0.007218799794000026,0.06587729294130526,0.003542175583505948,-0.00036026455169316484,0.003291805170846521,33.78755050105974
1631,E,1551295402240588.0,1.4544373,9.639542,1.4006141136732981,163,1970-01-18 22:54:55.402240588,-0.0053863525,-0.04182434,0.00038146973,9.82563407380101,0.042171480040956145,97.41232299804688,-8.724485397338867,5.0955681800842285,33837904.0,50354.0,0.07146301867190001,-0.008161930214000012,0.06859529863560526,0.003554952666066468,-0.00038724063941141695,0.0033856164381318764,33.83790450496599
1631,E,1551295452594592.0,1.469986,9.669266,1.4205879136732982,163,1970-01-18 22:54:55.452594592,-0.0037231445,-0.033554077,-0.0012817383,9.854636037679406,0.033784326859647454,97.4050521850586,-8.720561027526855,5.095005989074707,33888258.0,50354.0,0.07362820542410001,-0.007331340984000015,0.07102940344250526,0.0036529617490649925,-0.00039007408895204665,0.0035153311242205883,33.88825850887224
1631,E,1551295502948596.0,1.4837036,9.665314,1.4033912136732982,163,1970-01-18 22:54:55.502948596,-0.004989624,-0.024734497,0.0026245117,9.854937227567977,0.02536887366770196,97.40042114257812,-8.718996047973633,5.0944414138793945,33938612.0,50354.0,0.0743650430592,-0.006682479340000017,0.07109932248920527,0.0037260260170640445,-0.0003528259542973488,0.0035783749327826762,33.93861251301132
1631,E,1551295553302600.0,1.457428,9.6545105,1.3592628136732983,163,1970-01-18 22:54:55.553302600,-0.005722046,-0.024230957,0.0069732666,9.846005769866839,0.025855512654686243,97.40250396728516,-8.714019775390625,5.092850685119629,33988966.0,50354.0,0.0740488702932,-0.0070539785635000095,0.06955534044650527,0.003736617096473375,-0.00034584280063642013,0.003541262448732385,33.98896651691757
1631,E,1551295603656604.0,1.4861298,9.641357,1.346887913673298,163,1970-01-18 22:54:55.603656604,-0.0048980713,-0.020065308,1.5258789e-05,9.839007343781926,0.020654489110733032,97.4065933227539,-8.713227272033691,5.091208457946777,34039320.0,50354.0,0.0741099547306,-0.007657143952500037,0.06813275686240526,0.003730194737624213,-0.0003703819315853332,0.0034665732259464405,34.03932052105665
1631,E,1551295654010608.0,1.4975891,9.660767,1.348246013673298,163,1970-01-18 22:54:55.654010608,-0.005584717,-0.029586792,0.00036621094,9.85958582581485,0.030111483445256042,97.4100570678711,-8.713640213012695,5.08919095993042,34089674.0,50354.0,0.0751210907453,-0.007499624052000057,0.06785538688880526,0.0037571900319467344,-0.00038160194804929886,0.0034237734952242273,34.0896745249629
1631,E,1551295704364612.0,1.5523834,9.677124,1.3851264136732981,163,1970-01-18 22:54:55.704364612,-0.0011749268,-0.026641846,-0.00032043457,9.87936306565635,0.02666966609439881,97.40795135498047,-8.721626281738281,5.088198661804199,34140028.0,50354.0,0.07678915763250001,-0.00659911829300006,0.06881811760330526,0.003824644323407871,-0.00035496403602006794,0.0034410288225978666,34.14002852886915
1631,E,1551295754718615.0,1.5505524,9.633118,1.3710426136732983,163,1970-01-18 22:54:55.754718615,0.00012207031,-0.006011963,0.0005340576,9.837762900801124,0.0060368715237339825,97.40868377685547,-8.730281829833984,5.087790489196777,34190382.0,50354.0,0.0781226146366,-0.0072952371660000665,0.06939206760150526,0.0039002136904191316,-0.0003498181873912462,0.0034797178329015153,34.19038253207691
1631,E,1551295805072619.0,1.4647064,9.640244,1.3369392136732983,163,1970-01-18 22:54:55.805072619,0.007797241,0.0008087158,0.002029419,9.836004350167663,0.00809750146247666,97.4145736694336,-8.72623062133789,5.086982250213623,34240736.0,50354.0,0.0759151708076,-0.008223764926000068,0.06817885846710527,0.0038782093241286233,-0.0003907219156702874,0.003463623205629408,34.24073653598316
1631,E,1551295855426623.0,1.4376221,9.642273,1.3644813136732983,163,1970-01-18 22:54:55.855426623,0.006500244,-0.009170532,-0.0036468506,9.830418590512977,0.011817417167946655,97.41625213623047,-8.718064308166504,5.086348056793213,34291090.0,50354.0,0.0730719246445,-0.007993269491000073,0.06801366461700525,0.003751048102197522,-0.0004082962755168126,0.0034289191536886502,34.29109053988941
1631,E,1551295905780627.0,1.4620361,9.641663,1.4081062136732982,163,1970-01-18 22:54:55.905780627,0.008041382,-0.0072021484,-0.0057678223,9.827909445516806,0.012239384793768184,97.4115982055664,-8.713664054870605,5.086798667907715,34341444.0,50354.0,0.07300469450140001,-0.007957543328000066,0.06980543617600526,0.0036777710402363254,-0.00040159361434396654,0.003469871500665626,34.34144454402849
1631,E,1551295956134631.0,1.4784088,9.712997,1.390055013673298,163,1970-01-18 22:54:55.956134631,0.0070495605,-0.0019378662,-0.0016937256,9.902573704835028,0.0075046875391556475,97.40828704833984,-8.710378646850586,5.087270259857178,34391798.0,50354.0,0.07403158124730001,-0.006176925180000059,0.07044930522090526,0.0037019323145250213,-0.0003558635136259192,0.0035311936241500166,34.39179854793474
1631,E,1551296006488635.0,1.4576874,9.668121,1.3485817136732983,163,1970-01-18 22:54:56.006488635,0.004257202,-0.0025024414,-0.0008544922,9.860770634446565,0.005011600417940241,97.41180419921875,-8.705086708068848,5.086653232574463,34442152.0,50354.0,0.07392209402739999,-0.0055107921140000625,0.06895065688440526,0.003725029682391122,-0.0002942616583110411,0.003509672845925403,34.44215255207382
1631,E,1551296056842639.0,1.4479523,9.673264,1.3026985136732983,163,1970-01-18 22:54:56.056842639,0.0036468506,-0.0046539307,0.0011291504,9.870436327345935,0.006019432771029427,97.42179107666016,-8.69837760925293,5.084934711456299,34492506.0,50354.0,0.07315529072690001,-0.006511149855000063,0.06675128228390527,0.003702967315959011,-0.0003026764329535161,0.003416567722440554,34.49250655598007
1631,E,1551296107196643.0,1.4750061,9.641815,1.3195899136732983,163,1970-01-18 22:54:56.107196643,0.0013580322,-0.004501343,0.0035552979,9.841374762839825,0.0058946147811057385,97.42957305908203,-8.696564674377441,5.083524227142334,34542860.0,50354.0,0.07359132363680002,-0.007173456017000061,0.06602135573530526,0.0036946395098348753,-0.00034453732203934713,0.0033428167074096636,34.54286055988632
1631,E,1551296157550647.0,1.4707489,9.641907,1.3557685136732982,163,1970-01-18 22:54:56.157550647,0.005004883,0.00038146973,0.0041656494,9.836082216242973,0.006522806751875731,97.43203735351562,-8.69434642791748,5.083182334899902,34593214.0,50354.0,0.074165273635,-0.007962931206000059,0.06735749912530527,0.003720067849512109,-0.00038108882111347406,0.0033580794288255913,34.5932145640254
1631,E,1551296207904651.0,1.5042267,9.644241,1.3808235136732983,163,1970-01-18 22:54:56.207904651,0.00065612793,0.0053100586,0.0018615723,9.840223061476701,0.005665039949028368,97.43047332763672,-8.696938514709473,5.083672523498535,34643568.0,50354.0,0.0749009606812,-0.007901851804000062,0.06889917747250526,0.0037530405813789676,-0.00039942764184277305,0.0034305343467030762,34.64356856793165
1631,E,1551296258258655.0,1.4759064,9.638794,1.3728279136732982,163,1970-01-18 22:54:56.258258655,0.0021972656,0.01663208,0.0040893555,9.831610634102157,0.017267799212659488,97.43020629882812,-8.695669174194336,5.084517955780029,34693922.0,50354.0,0.07503081105869999,-0.007980227805000038,0.06932868198630526,0.0037748322170954624,-0.00039986311831579556,0.0034801628175944728,34.69392257207073
1631,E,1551296308612658.0,1.445816,9.623474,1.395746613673298,163,1970-01-18 22:54:56.308612658,0.0028533936,0.021957397,0.0052337646,9.8092067436663,0.022752174180511696,97.42687225341797,-8.69057846069336,5.086085319519043,34744276.0,50354.0,0.07356020486480001,-0.008503078564000021,0.06970440087500526,0.0037410760079059596,-0.0004150002044523145,0.0035004359271992155,34.74427657504566
1631,E,1551296358966662.0,1.4461212,9.630875,1.2976173136732982,163,1970-01-18 22:54:56.358966662,0.00018310547,0.0256958,0.008422852,9.829314662555237,0.027041673414695475,97.43769836425781,-8.68541145324707,5.085660457611084,34794630.0,50354.0,0.0728103028844,-0.008702455227000049,0.06781082359880526,0.003685170273601609,-0.00043318372425600875,0.0034622208065771282,34.79463057895191
1631,E,1551296409320666.0,1.4223785,9.620514,1.3518928136732982,163,1970-01-18 22:54:56.409320666,-0.0047302246,0.013671875,0.011154175,9.80848452529141,0.0182677533022727,97.44034576416016,-8.677372932434082,5.085822582244873,34844984.0,50354.0,0.0722202169469,-0.008776979147000045,0.06670671647620527,0.0036514333977926403,-0.00044007971923420037,0.0033867481064685408,34.84498458285816
1631,E,1551296459674670.0,1.4480133,9.690292,1.2942451136732982,163,1970-01-18 22:54:56.459674670,-0.010131836,-0.008621216,0.009155273,9.888270513634366,0.016149256631624906,97.4498519897461,-8.671354293823242,5.083829879760742,34895338.0,50354.0,0.0722678543486,-0.00728103733800005,0.06662181459680526,0.003637776171006804,-0.0004042926810428474,0.003356812426825186,34.89533858699724
1631,E,1551296510028674.0,1.5347748,9.613739,1.3952583136732981,163,1970-01-18 22:54:56.510028674,-0.0096588135,-0.024536133,0.006790161,9.813236789602156,0.027229043083211578,97.4460220336914,-8.679696083068848,5.0830888748168945,34945692.0,50354.0,0.07509765599370001,-0.0074516115130000326,0.06771362779030526,0.0037102214538880874,-0.0003709239001216291,0.0033821634329802824,34.94569259090349
1631,E,1551296560382678.0,1.5352478,9.635071,1.3912757136732983,163,1970-01-18 22:54:56.560382678,-0.0033721924,-0.02104187,0.0013275146,9.834709979603355,0.021351680722901674,97.44275665283203,-8.687156677246094,5.082517623901367,34996046.0,50354.0,0.0772939590002,-0.00884191063000002,0.07015656720650526,0.0038367636907014214,-0.0004102220069943124,0.003471157899434699,34.99604659504257
1631,E,1551296610736682.0,1.5232849,9.654999,1.4001258136732981,163,1970-01-18 22:54:56.610736682,-3.0517578e-05,-0.01411438,-0.0034484863,9.851270414637971,0.0145295805812919,97.43800354003906,-8.692097663879395,5.0825653076171875,35046400.0,50354.0,0.0770046777879,-0.007803107610000035,0.07027911625400525,0.0038847767784139942,-0.00041907162422848143,0.003535749202485273,35.04640059894882
1631,E,1551296661090686.0,1.5009918,9.618835,1.3624061136732981,163,1970-01-18 22:54:56.661090686,0.00044250488,-0.00680542,0.0023956299,9.817186769821282,0.007228318930636488,97.43953704833984,-8.694735527038574,5.081985950469971,35096754.0,50354.0,0.0761422144759,-0.008211881382000016,0.06955226633480525,0.0038557793065256934,-0.00040320937785158533,0.0035205347194384824,35.09675460285507
1631,E,1551296711444690.0,1.4764862,9.63562,1.3262580136732982,163,1970-01-18 22:54:56.711444690,0.0038604736,0.005859375,-0.0043792725,9.834642586871722,0.008271248964707701,97.4460678100586,-8.693053245544434,5.081343173980713,35147108.0,50354.0,0.07496396360600001,-0.008699786465000034,0.06769249673420527,0.0038044002455679972,-0.00042578506138392033,0.0034554113997884777,35.14710860699415
1631,E,1551296761798694.0,1.4412079,9.638443,1.3754371136732981,163,1970-01-18 22:54:56.761798694,0.0072784424,0.008636475,-0.0030822754,9.825784330987679,0.011707469659887568,97.44535827636719,-8.686491012573242,5.081950664520264,35197462.0,50354.0,0.07345878435570001,-0.008206115849000037,0.06802057822120526,0.0037368395254317216,-0.00042563990255957976,0.003416848088152371,35.1974626109004
1631,E,1551296812152697.0,1.3793335,9.649139,1.3309120136732981,163,1970-01-18 22:54:56.812152697,0.0035552979,-0.0018157959,-0.0013580322,9.833176404863494,0.0042168127020817585,97.45083618164062,-8.6708402633667,5.081068515777588,35247816.0,50354.0,0.0710127708278,-0.007865747986000026,0.06813775197920525,0.00363736034485498,-0.00040464131577379656,0.0034280582794557358,35.24781661387533
1631,E,1551296862506701.0,1.4611816,9.647858,1.380487813673298,163,1970-01-18 22:54:56.862506701,0.0034484863,-0.0121154785,-0.0046844482,9.837324875961928,0.0134395287113698,97.44905090332031,-8.667309761047363,5.0808000564575195,35298170.0,50354.0,0.07151564867270001,-0.0076287065310000545,0.06826491345310526,0.0035884380177640886,-0.000390103881374511,0.0034342099075892816,35.29817061801441
1631,E,1551296912860705.0,1.5054779,9.667206,1.3999275136732983,163,1970-01-18 22:54:56.912860705,0.00093078613,-0.011993408,-0.0036315918,9.860524775419554,0.012565693664740186,97.44397735595703,-8.669922828674316,5.0810065269470215,35348524.0,50354.0,0.0746915862315,-0.007173833672000047,0.07000251669660526,0.003681059553183044,-0.0003726835546909336,0.0034811590888792618,35.34852462192066
1631,E,1551296963214709.0,1.4710236,9.662659,1.3499397136732982,163,1970-01-18 22:54:56.963214709,0.0022735596,-0.008911133,-0.0005493164,9.857220556808798,0.009212986112317228,97.44645690917969,-8.667654037475586,5.0802178382873535,35398878.0,50354.0,0.07493937826550001,-0.00680118889500004,0.06923340718290527,0.00376725879314097,-0.0003518491431693612,0.003505542855514437,35.39887862605974
1631,E,1551297013568713.0,1.4913788,9.663361,1.3785804136732982,163,1970-01-18 22:54:57.013568713,-0.00019836426,-0.004760742,0.0036010742,9.857295011755575,0.005972583039532811,97.44453430175781,-8.668662071228027,5.080250263214111,35449232.0,50354.0,0.0745844052248,-0.006897994460000043,0.06869595124620526,0.0037645602969352838,-0.0003449043393288371,0.003472647457169716,35.44923262996599
1631,E,1551297063922717.0,1.4872437,9.605515,1.4030555136732983,163,1970-01-18 22:54:57.063922717,-0.0015716553,0.0014038086,0.0041656494,9.796874570231566,0.004668341663928681,97.44005584716797,-8.670455932617188,5.08095645904541,35499586.0,50354.0,0.07499277868250001,-0.008336708948000022,0.07003324774280527,0.0037659047592340927,-0.00038356412770321766,0.0034927850429463184,35.49958663387224
1631,E,1551297114276721.0,1.4901581,9.638245,1.4202064136732981,163,1970-01-18 22:54:57.114276721,0.0019989014,0.004989624,0.0060272217,9.827285840980505,0.008075850165106388,97.4327163696289,-8.672070503234863,5.082283973693848,35549940.0,50354.0,0.07496204511860001,-0.008969054480000037,0.07108126554480526,0.0037754125988402956,-0.00043570720582675757,0.003552840101042171,35.54994063801132
1631,E,1551297164630725.0,1.4638214,9.638428,1.3581184136732982,163,1970-01-18 22:54:57.164630725,0.0016326904,0.012878418,0.0016479492,9.831334256780513,0.01308568166702663,97.43453979492188,-8.669502258300781,5.082640171051025,35600294.0,50354.0,0.0743723418715,-0.008140403879000066,0.06994988417810526,0.0037597918612497483,-0.00043076483310454557,0.0035507412565737185,35.60029464191757
1631,E,1551297214984729.0,1.4832611,9.646027,1.3997444136732982,163,1970-01-18 22:54:57.214984729,0.006286621,0.013015747,0.0028839111,9.836410091557116,0.014739342481886809,97.43034362792969,-8.669816017150879,5.083940505981445,35650648.0,50354.0,0.0741986961025,-0.00794447646500005,0.06943471240410526,0.0037405730230713986,-0.00040496903242089093,0.0035092859881503146,35.65064864605665
1631,E,1551297265338733.0,1.4563904,9.657608,1.3168586136732983,163,1970-01-18 22:54:57.265338733,0.009689331,0.025253296,0.0030975342,9.854442591885457,0.02722511363082525,97.43819427490234,-8.665863037109375,5.084048271179199,35701002.0,50354.0,0.07401160581550001,-0.007461581605000039,0.06839591441950525,0.003731490771389486,-0.00038787832402839225,0.0034701616915380424,35.7010026499629
1631,E,1551297315692737.0,1.4377899,9.609894,1.3356422136732982,163,1970-01-18 22:54:57.315692737,0.007171631,0.011474609,0.00022888184,9.802446940279772,0.01353334141295947,97.44402313232422,-8.660162925720215,5.083785533905029,35751356.0,50354.0,0.07286677741310002,-0.008371302146000027,0.06678201333010526,0.0036979570545464632,-0.0003986245141989287,0.0034033746869519444,35.75135665386915
1631,E,1551297366046740.0,1.4919586,9.675156,1.3778327136732982,163,1970-01-18 22:54:57.366046740,0.0039520264,0.00680542,0.0027923584,9.869040566927007,0.00835042031737011,97.44216918945312,-8.66121768951416,5.084410667419434,35801710.0,50354.0,0.07376227798450001,-0.007929496150000036,0.06831715824580527,0.003691679727745376,-0.0004104051986983936,0.0034013918427666994,35.80171065707691
1631,E,1551297416400744.0,1.4846649,9.660629,1.3245185136732982,163,1970-01-18 22:54:57.416400744,0.004623413,0.002532959,0.0011291504,9.860604722562611,0.00539136436257745,97.44845581054688,-8.661253929138184,5.083615779876709,35852064.0,50354.0,0.07494244985950001,-0.006652141055000047,0.06803709685090525,0.0037439389329283887,-0.00036712187991028714,0.003432991080569881,35.85206466098316
1631,E,1551297466754748.0,1.4546356,9.681244,1.344644913673298,163,1970-01-18 22:54:57.466754748,0.01071167,0.0012207031,0.003967285,9.873698494861426,0.01148779093291981,97.45158386230469,-8.65672492980957,5.083259105682373,35902418.0,50354.0,0.0740027686885,-0.006498863479000045,0.06720152761030526,0.0037499937673829966,-0.0003311028411525203,0.0034049028480598975,35.90241866488941
1631,E,1551297517108752.0,1.4770203,9.6119995,1.410379713673298,163,1970-01-18 22:54:57.517108752,-0.0027770996,-0.008773804,0.0041656494,9.800773945818174,0.010101710436478395,97.44573974609375,-8.657151222229004,5.083661079406738,35952772.0,50354.0,0.07381030059430001,-0.007723208400500059,0.06936325504270525,0.0037214896453330562,-0.00035806910371017416,0.003438291532854846,35.95277266902849
1631,E,1551297567462756.0,1.5300903,9.662216,1.2995399136732981,163,1970-01-18 22:54:57.567462756,0.006149292,0.007446289,0.0041656494,9.87243073939182,0.010517302263247232,97.45556640625,-8.663880348205566,5.082562446594238,36003126.0,50354.0,0.0757100235762,-0.008202276356500027,0.06822764645770525,0.003764473201640679,-0.0004009559297269911,0.0034641261270758356,36.00312667293474
1631,E,1551297617816760.0,1.4703827,9.645737,1.3389534136732981,163,1970-01-18 22:54:57.617816760,0.0017700195,-0.013671875,0.0051879883,9.841970449257932,0.014729845812055949,97.459716796875,-8.662256240844727,5.081250190734863,36053480.0,50354.0,0.075542908721,-0.007352867319000004,0.06642934650260526,0.0038080950764466043,-0.0003916318523180643,0.0033902591117617384,36.05348067707382
1631,E,1551297668170764.0,1.5145416,9.674088,1.318857513673298,163,1970-01-18 22:54:57.668170764,-0.0035705566,-0.007751465,0.0021972656,9.879076373218348,0.00881260802469802,97.46578216552734,-8.66622543334961,5.0799126625061035,36103834.0,50354.0,0.07515143910110002,-0.007053965975000041,0.06691570571780527,0.003794031595117012,-0.00036272084184303915,0.0033572283797532764,36.10383468098007
1631,E,1551297718524768.0,1.5146942,9.613983,1.365610513673298,163,1970-01-18 22:54:57.718524768,0.003326416,-0.006362915,0.0030670166,9.81412546940179,0.0078075810291636785,97.46641540527344,-8.671643257141113,5.079514026641846,36154188.0,50354.0,0.07626706973660001,-0.00785343643300007,0.06758685152450525,0.0038122637970067737,-0.0003753236704262188,0.0033863708836896524,36.15418868488632
1631,E,1551297768878772.0,1.420227,9.620529,1.3837989136732982,163,1970-01-18 22:54:57.768878772,0.0077667236,0.0029754639,0.0030975342,9.804086724516518,0.008875252053838798,97.46435546875,-8.663254737854004,5.080005645751953,36204542.0,50354.0,0.0738925110524,-0.009201891376000068,0.06922188115230526,0.003780567765524653,-0.0004294019882471965,0.0034444334626040586,36.2045426890254
1631,E,1551297819232776.0,1.5144043,9.655624,1.3356575136732982,163,1970-01-18 22:54:57.819232776,-0.001449585,-0.014404297,0.0010223389,9.858758501501136,0.014513105992959853,97.46841430664062,-8.667536735534668,5.07867431640625,36254896.0,50354.0,0.0738852122401,-0.008153495919000062,0.06846775447130526,0.0037205997393352725,-0.00043695658592621825,0.0034666119560956424,36.25489669293165
1631,E,1551297869586780.0,1.5333557,9.62146,1.3811592136732982,163,1970-01-18 22:54:57.869586780,0.005645752,-0.0012207031,0.00831604,9.822359306089487,0.010125272983255988,97.46660614013672,-8.67577838897705,5.078872203826904,36305250.0,50354.0,0.07673345352000001,-0.008130056132000027,0.06840129474440526,0.0037921261478420384,-0.0004099709899880293,0.003445952052103944,36.30525069707073
1631,E,1551297919940783.0,1.4528809,9.654175,1.353571313673298,163,1970-01-18 22:54:57.919940783,0.006790161,0.0011444092,0.0030822754,9.845739921937994,0.007544294563735618,97.46830749511719,-8.67119026184082,5.0787034034729,36355604.0,50354.0,0.0751844788782,-0.008166537605000006,0.06885231048700527,0.0038248377839894816,-0.0004102993405164499,0.0034556340189112232,36.35560470004566
1631,E,1551297970294787.0,1.4880371,9.654083,1.3863166136732983,163,1970-01-18 22:54:57.970294787,-0.0037078857,-0.00079345703,-4.5776367e-05,9.846715537473793,0.003792108371143503,97.46469116210938,-8.671701431274414,5.079185962677002,36405958.0,50354.0,0.074043492486,-0.007345188334000027,0.06898215834680527,0.003757112635036464,-0.0003905387239662039,0.0034702584218288483,36.40595870395191
1631,E,1551298020648791.0,1.4664459,9.649887,1.3619789136732983,163,1970-01-18 22:54:58.020648791,0.003768921,0.009643555,0.0030975342,9.842461952476059,0.010807295529522436,97.46504974365234,-8.66933536529541,5.079607963562012,36456312.0,50354.0,0.074385018491,-0.007453147310000046,0.06919383649200526,0.003736984620867929,-0.0003725776965089899,0.0034788570220567333,36.45631270785816
1631,E,1551298071002795.0,1.4468536,9.667084,1.3257545136732982,163,1970-01-18 22:54:58.071002795,0.008544922,0.0071868896,0.0030059814,9.86114700346271,0.011563001266358926,97.47064971923828,-8.663727760314941,5.079165935516357,36506666.0,50354.0,0.0733481415115,-0.007125821133000067,0.06766906450030527,0.003719477769382943,-0.0003670546884894139,0.003445797258283402,36.50666671199724
1631,E,1551298121356799.0,1.4858398,9.625977,1.351709713673298,163,1970-01-18 22:54:58.121356799,-0.0046539307,-0.0041503906,7.6293945e-05,9.82326518976603,0.0062362355519186815,97.47252655029297,-8.664607048034668,5.078644275665283,36557020.0,50354.0,0.0738364217318,-0.007727803203000041,0.06741051685190526,0.0037056657487765637,-0.0003739696999074748,0.003400898619704605,36.55702071590349
1631,E,1551298171710803.0,1.4814911,9.635788,1.3153327136732982,163,1970-01-18 22:54:58.171710803,0.0016021729,-0.0030670166,0.0040740967,9.837011945124607,0.005345260774473109,97.47976684570312,-8.66472053527832,5.077384948730469,36607374.0,50354.0,0.0747084900693,-0.008515742595000025,0.06714812719330526,0.003739915244416295,-0.0004089637525562477,0.003387782981126265,36.60737472004257
1631,E,1551298222064807.0,1.4861145,9.647903,1.409998313673298,163,1970-01-18 22:54:58.222064807,0.0034332275,-0.0020446777,0.0018920898,9.83740536286334,0.004421285081839621,97.47286987304688,-8.665407180786133,5.0783371925354,36657728.0,50354.0,0.0747154061912,-0.007963711693000055,0.06861565927550525,0.003762045436150609,-0.000414903220608978,0.0034181248519252424,36.65772872394882
1631,E,1551298272418811.0,1.4862976,9.606293,1.3271125136732982,163,1970-01-18 22:54:58.272418811,-0.002090454,-0.0016479492,-0.0018310547,9.8072795425176,0.00323086610776255,97.47879791259766,-8.666592597961426,5.077363014221191,36708082.0,50354.0,0.07483641944170001,-0.008706307308000028,0.06891223930010525,0.003765266313959524,-0.0004197010683881791,0.003462539902438145,36.70808272785507
1631,E,1551298322772815.0,1.4557648,9.638702,1.3586830136732981,163,1970-01-18 22:54:58.322772815,0.0071411133,0.004272461,0.0039367676,9.830333637523374,0.00920584386660819,97.47972869873047,-8.663056373596191,5.077459335327148,36758436.0,50354.0,0.07407230504480002,-0.008937960885000007,0.06762027399200526,0.0037490749563966115,-0.00044422974029516196,0.0034374790871554667,36.75843673199415
1631,E,1551298373126819.0,1.4642181,9.650131,1.3334144136732982,163,1970-01-18 22:54:58.373126819,-0.0028533936,0.0033721924,0.0007171631,9.846085034253518,0.004475249661319503,97.4836196899414,-8.660344123840332,5.077013969421387,36808790.0,50354.0,0.0735164094733,-0.007834251559000027,0.06777893692830526,0.0037158410654222042,-0.00042227399270258883,0.0034089459333406587,36.8087907359004
1631,E,1551298423480822.0,1.4625854,9.609024,1.3302558136732983,163,1970-01-18 22:54:58.423480822,-0.0036468506,0.0040740967,-0.0015716553,9.805973440636455,0.005689277950820239,97.48863220214844,-8.65822982788086,5.076440811157227,36859144.0,50354.0,0.0736881317195,-0.008581454565000042,0.06706322531390527,0.0037061687336111264,-0.00041329823308394975,0.0033949211187721345,36.85914473887533
1631,E,1551298473834826.0,1.4826202,9.65802,1.4073585136732982,163,1970-01-18 22:54:58.473834826,-0.0020141602,0.001159668,0.0050354004,9.847127862823914,0.005545892928087252,97.48140716552734,-8.658523559570312,5.077536106109619,36909498.0,50354.0,0.0741514413912,-0.00838283321200003,0.06892491591960527,0.0037221569322080945,-0.0004271098733615308,0.0034237734318360953,36.90949874301441
1631,E,1551298524188830.0,1.4165344,9.651138,1.3742317136732982,163,1970-01-18 22:54:58.524188830,-0.0046844482,0.0014801025,0.0027770996,9.834807065709594,0.005643318220454137,97.47919464111328,-8.649240493774414,5.077887535095215,36959852.0,50354.0,0.07299201536420001,-0.007322529034000035,0.07003209715390525,0.0037046308107307065,-0.00039541390526754366,0.0034985207181517748,36.95985274692066
1631,E,1551298574542834.0,1.5083313,9.663193,1.3502143136732982,163,1970-01-18 22:54:58.574542834,-0.002532959,0.0048217773,0.0001373291,9.86334466867832,0.005448327900207833,97.48038482666016,-8.6529541015625,5.07792329788208,37010206.0,50354.0,0.0736393437289,-0.007192288413000055,0.06859337763050527,0.0036917377278869795,-0.00036543955886312126,0.0034901735786471034,37.01020675105974
1631,E,1551298624896838.0,1.4601135,9.643723,1.364618613673298,163,1970-01-18 22:54:58.624896838,-0.0004119873,0.0077667236,0.0019226074,9.83513708575276,0.008011750634455183,97.47993469238281,-8.650219917297363,5.078360557556152,37060560.0,50354.0,0.07473653472960001,-0.007378975868000054,0.06835134861180527,0.0037356594919496556,-0.00036686072080273976,0.003447857372602652,37.06056075496599
1631,E,1551298675250842.0,1.4847107,9.675858,1.3838142136732983,163,1970-01-18 22:54:58.675250842,0.0005493164,-0.0002746582,0.0009613037,9.867879678603137,0.0011407411791330626,97.47615814208984,-8.650346755981445,5.078909397125244,37110914.0,50354.0,0.07414183888340001,-0.00706010916300005,0.06919729329410526,0.0037483108124545016,-0.00036353284382548964,0.00346306215726511,37.11091475887224
1631,E,1551298725604846.0,1.4922485,9.656784,1.4195197136732982,163,1970-01-18 22:54:58.725604846,-0.0056610107,-0.0024261475,0.0009613037,9.845869767232566,0.006233565483806553,97.46734619140625,-8.652057647705078,5.080067157745361,37161268.0,50354.0,0.07495090177840001,-0.006731272366000039,0.07057953828880525,0.003753707931642139,-0.00034722561275563524,0.0035191612887629383,37.16126876301132
1631,E,1551298775958850.0,1.485733,9.6489105,1.4271339136732981,163,1970-01-18 22:54:58.775958850,0.0033721924,0.001953125,0.0012359619,9.83622880002185,0.004088273555731609,97.45820617675781,-8.65302562713623,5.0815558433532715,37211622.0,50354.0,0.0749766402255,-0.007409729573500048,0.07167019837570526,0.003774725725032191,-0.00035602800583079373,0.0035814216200023815,37.21162276691757
1631,E,1551298826312854.0,1.4846802,9.689163,1.3873847136732982,163,1970-01-18 22:54:58.826312854,0.0011901855,-0.00038146973,0.0027923584,9.880472513763806,0.0030593015728049896,97.45426177978516,-8.652892112731934,5.082123279571533,37261976.0,50354.0,0.0747860931364,-0.006594523490500033,0.07086113548070526,0.003770576337852556,-0.00035258507939233004,0.0035885113925028483,37.26197677105665
1631,E,1551298876666858.0,1.4953003,9.660706,1.3517707136732982,163,1970-01-18 22:54:58.876666858,0.00030517578,-0.0023345947,0.0009613037,9.858721699702507,0.002543141654253728,97.45610046386719,-8.654699325561523,5.081728458404541,37312330.0,50354.0,0.07502696904850001,-0.006297548187000036,0.06896371619430526,0.003771843466629228,-0.00032458368862441924,0.00352037029062174,37.3123307749629
1631,E,1551298927020862.0,1.5127869,9.675735,1.3824257136732983,163,1970-01-18 22:54:58.927020862,0.0042419434,0.0012664795,-0.00018310547,9.872197576507503,0.00443075408320838,97.45330810546875,-8.658697128295898,5.082242488861084,37362684.0,50354.0,0.07573461143440001,-0.006635624943000064,0.06883886345130526,0.0037957243118179737,-0.00032561849989401254,0.003469455547737536,37.36268477886915
1631,E,1551298977374865.0,1.4810638,9.633591,1.425989513673298,163,1970-01-18 22:54:58.977374865,-0.0014343262,-0.0023651123,-0.0043029785,9.820636253800721,0.005115336920583039,97.44475555419922,-8.658853530883789,5.083432197570801,37413038.0,50354.0,0.07537617907390001,-0.00731829929800007,0.07070747017890526,0.0038045163726274697,-0.0003513179506156604,0.0035133580418078105,37.41303878207691
1631,E,1551299027728869.0,1.5154724,9.643875,1.363489513673298,163,1970-01-18 22:54:59.027728869,0.0040893555,-0.0002746582,0.001373291,9.843801756958557,0.0043225216833335245,97.44561767578125,-8.663848876953125,5.083310604095459,37463392.0,50354.0,0.0754437919074,-0.00812043851800007,0.07023071347150525,0.0037971944093961904,-0.00038870110199343554,0.0035484006497663854,37.46339278598316
1631,E,1551299078082873.0,1.4805756,9.666183,1.3629707136732983,163,1970-01-18 22:54:59.078082873,0.0016937256,-0.0051879883,0.0021514893,9.860424018883435,0.0058662454105711205,97.44603729248047,-8.663220405578613,5.0829925537109375,37513746.0,50354.0,0.075431500496,-0.0072998697340000435,0.06864408914390525,0.003798587236840402,-0.0003882371008606069,0.0034964509054481907,37.51374678988941
1631,E,1551299128436877.0,1.4936981,9.639847,1.3909706136732982,163,1970-01-18 22:54:59.128436877,0.0030059814,-0.0014190674,-0.001373291,9.833030074812353,0.003596610158686888,97.44287872314453,-8.664999008178711,5.08342981338501,37564100.0,50354.0,0.07488328894490001,-0.007401282690000041,0.06933598079860526,0.0037844754537535398,-0.0003701309145790501,0.003473924220942587,37.56410079402849
1631,E,1551299178790881.0,1.508606,9.623138,1.3567298136732981,163,1970-01-18 22:54:59.178790881,0.0053253174,-0.006149292,0.0010070801,9.82330250221916,0.008196768133833162,97.4452896118164,-8.669238090515137,5.082799434661865,37614454.0,50354.0,0.0755890103257,-0.008485026655000024,0.06917885365930526,0.0037884410787358967,-0.00039996961037906664,0.0034873879871468133,37.61445479793474
1631,E,1551299229144885.0,1.4862213,9.642502,1.3169654136732982,163,1970-01-18 22:54:59.229144885,0.0069885254,-0.0025939941,-0.002609253,9.84408411193406,0.00789787907449139,97.45310974121094,-8.669449806213379,5.08156156539917,37664808.0,50354.0,0.0754007669321,-0.008418181720000006,0.06731562473890526,0.0038014696220196307,-0.0004255720772573758,0.0034365214826317467,37.66480880207382
1631,E,1551299279498889.0,1.5038147,9.668259,1.3855232136732982,163,1970-01-18 22:54:59.279498889,0.0034179688,-0.008026123,0.00012207031,9.863107819611288,0.008724451976455938,97.45011138916016,-8.671917915344238,5.081644535064697,37715162.0,50354.0,0.075280136372,-0.007282170303000006,0.06804055617070527,0.003793693102487326,-0.00039528776288307136,0.003407862566761265,37.71516280598007
1631,E,1551299329852893.0,1.5152283,9.6393585,1.4120277136732982,163,1970-01-18 22:54:59.329852893,0.003829956,-0.0043029785,0.0012207031,9.833218420689086,0.005888489024507718,97.44386291503906,-8.676759719848633,5.082397937774658,37765516.0,50354.0,0.076010445611,-0.007361314202500011,0.07043393969780526,0.003809042982585991,-0.000368679009394974,0.0034863723824814894,37.76551680988632
1631,E,1551299380206897.0,1.460968,9.660522,1.3617958136732982,163,1970-01-18 22:54:59.380206897,0.0066375732,-6.1035156e-05,0.0017852783,9.852098818159226,0.006873741476377844,97.44480895996094,-8.673125267028809,5.082291603088379,37815870.0,50354.0,0.0749316942451,-0.0075561086515000256,0.06983655494800525,0.0038002702551570297,-0.0003755759551951589,0.0035315902436975715,37.8158708140254
1631,E,1551299430560901.0,1.491272,9.639938,1.3605751136732982,163,1970-01-18 22:54:59.430560901,0.0023040771,-0.0057678223,0.0009613037,9.836621797376473,0.006284954269583462,97.44612121582031,-8.674304962158203,5.081821441650391,37866224.0,50354.0,0.07432854648,-0.0075415185800000095,0.06854113283780526,0.003757925080735843,-0.0003801129608074764,0.0034839350453833512,37.86622481793165
1631,E,1551299480914905.0,1.4574738,9.6523285,1.3713630136732982,163,1970-01-18 22:54:59.480914905,0.002319336,-0.0007171631,0.0015106201,9.842320540479626,0.002859303320639771,97.445556640625,-8.670411109924316,5.081878662109375,37916578.0,50354.0,0.0742405730066,-0.007747806329500031,0.06878200623220526,0.0037405247213141285,-0.00038493933324648254,0.0034573846723656553,37.91657882207073
1631,E,1551299531268908.0,1.4536133,9.632278,1.3800453136732982,163,1970-01-18 22:54:59.531268908,0.004135132,-0.0013580322,0.002243042,9.820978594863927,0.0048964074102779516,97.4442367553711,-8.666547775268555,5.082031726837158,37966932.0,50354.0,0.07329243991670001,-0.007940662149500064,0.06927220745760526,0.0037144386663699245,-0.0003949885708957854,0.00347579093806836,37.96693282504566
1631,E,1551299581622912.0,1.463913,9.610428,1.3560432136732983,163,1970-01-18 22:54:59.581622912,0.0034484863,-0.0026397705,0.00019836426,9.80416794360915,0.004347389381410789,97.44681549072266,-8.664556503295898,5.0815348625183105,38017286.0,50354.0,0.0734545596551,-0.008995591038000034,0.06888650085300525,0.003694649208219209,-0.00042640404650169,0.003478421799136241,38.01728682895191
1631,E,1551299631976916.0,1.4932251,9.650681,1.309931113673298,163,1970-01-18 22:54:59.631976916,0.005783081,0.0046691895,0.0015869141,9.85409330585203,0.007600240312006592,97.45536041259766,-8.6659517288208,5.08051061630249,38067640.0,50354.0,0.0744518659437,-0.008532258707000008,0.06712123563960526,0.003723840077300988,-0.0004412986730298661,0.003424266781674455,38.06764083285816
1631,E,1551299682330920.0,1.4460297,9.6332245,1.3422187136732981,163,1970-01-18 22:54:59.682330920,0.0038604736,0.003189087,0.0030975342,9.825666498610023,0.005887975070432584,97.45924377441406,-8.661049842834473,5.08009147644043,38117994.0,50354.0,0.0740016180996,-0.007958311226500005,0.06677317620310526,0.0037376133677581645,-0.00041518307921572985,0.0033710596069639227,38.11799483699724
1631,E,1551299732684924.0,1.4889526,9.649368,1.3887733136732983,163,1970-01-18 22:54:59.732684924,1.5258789e-05,0.0015563965,0.0021209717,9.841921600180472,0.002630802890384395,97.45574188232422,-8.662177085876465,5.080682754516602,38168348.0,50354.0,0.07389404936709999,-0.007991368627499997,0.06875818627250527,0.0037235692198091057,-0.0004015650896841581,0.003412273113048447,38.16834884090349
1631,E,1551299783038928.0,1.4847565,9.667236,1.367853513673298,163,1970-01-18 22:54:59.783038928,0.0027923584,0.0064697266,0.000869751,9.861459626090872,0.007100077078088598,97.45513153076172,-8.662195205688477,5.081106185913086,38218702.0,50354.0,0.0748690740107,-0.007135061091999994,0.06940359363210526,0.003745409157282871,-0.0003808381210478513,0.00347849913265838,38.21870284504257
1631,E,1551299833392932.0,1.4619141,9.674103,1.340052013673298,163,1970-01-18 22:54:59.833392932,0.003921509,-0.0019073486,0.0018615723,9.868370937846464,0.004741483201186128,97.45858001708984,-8.658700942993164,5.080511093139648,38269056.0,50354.0,0.0741883256962,-0.006512307997000001,0.06817693746200525,0.003752818152420622,-0.0003435998115537529,0.0034638650313564205,38.26905684894882
1631,E,1551299883746936.0,1.4763641,9.688202,1.345774013673298,163,1970-01-18 22:54:59.883746936,-0.00062561035,-0.00289917,0.00012207031,9.883596692865757,0.0029684130709034784,97.46060943603516,-8.656988143920898,5.080057621002197,38319410.0,50354.0,0.07397703024140001,-0.005984447015000011,0.06762104189050526,0.003730359166440955,-0.00031463080093712434,0.0034189857261581573,38.31941085285507
1631,E,1551299934100940.0,1.4879608,9.625931,1.3793129136732982,163,1970-01-18 22:54:59.934100940,6.1035156e-05,-0.0002593994,0.0027618408,9.819992527196254,0.002774667177074206,97.45891571044922,-8.65857982635498,5.0802836418151855,38369764.0,50354.0,0.07463280800730002,-0.0071972734590000365,0.06860951356980526,0.0037415498975875206,-0.00033187617637389926,0.003429876694824238,38.36976485699415
1631,E,1551299984454944.0,1.4693604,9.616028,1.3541816136732983,163,1970-01-18 22:54:59.984454944,-0.0002746582,-0.0023956299,0.0009765625,9.810713319258523,0.002601567616074489,97.46112823486328,-8.657490730285645,5.079824924468994,38420118.0,50354.0,0.0744564758524,-0.009014398257000046,0.06882119171500527,0.0037536208997356675,-0.0004081612587937341,0.003460092866955675,38.4201188609004
1631,E,1551300034808947.0,1.4880371,9.646576,1.346506513673298,163,1970-01-18 22:55:00.034808947,-0.0023651123,-0.0037841797,0.00030517578,9.844459323891396,0.00447290782938817,97.46371459960938,-8.658390045166016,5.079229831695557,38470472.0,50354.0,0.0744583968575,-0.008494619092000047,0.06799522498220525,0.0037492297502171525,-0.0004408245297957754,0.003444626923185669,38.47047286387533
1631,E,1551300085162951.0,1.4923706,9.665024,1.3285163136732983,163,1970-01-18 22:55:00.085162951,0.0015869141,0.0017089844,0.0023345947,9.865545817588764,0.0032998873395148295,97.46863555908203,-8.659571647644043,5.078566551208496,38520826.0,50354.0,0.0750377246629,-0.007261046800000028,0.06734904972410526,0.0037638638515191105,-0.00039668040016288585,0.0034075628042807794,38.52082686801441
1631,E,1551300135516955.0,1.4492493,9.649414,1.364878013673298,163,1970-01-18 22:55:00.135516955,0.003250122,0.002609253,0.00019836426,9.839077973499295,0.004172630179220098,97.46854400634766,-8.654867172241211,5.078734397888184,38571180.0,50354.0,0.07406116422230001,-0.007189594474000014,0.06781158897960526,0.003753862725462681,-0.00036382379535549906,0.0034029394006433204,38.57118087192066
1631,E,1551300185870959.0,1.471878,9.646652,1.4133247136732983,163,1970-01-18 22:55:00.185870959,0.0010070801,-0.0018463135,-0.00077819824,9.833626088369893,0.0022424710408023908,97.46133422851562,-8.653653144836426,5.079740524291992,38621534.0,50354.0,0.07354522203210001,-0.007652146318000043,0.06994681006640527,0.00371628598672703,-0.0003736705079201855,0.0034683432127814075,38.62153487605974
1631,E,1551300236224963.0,1.4868164,9.659195,1.4413398136732982,163,1970-01-18 22:55:00.236224963,0.00030517578,0.0010070801,0.0011138916,9.844758478413839,0.001532350182257691,97.44993591308594,-8.654540061950684,5.08150053024292,38671888.0,50354.0,0.0744910489088,-0.007405890081000037,0.07187188880500525,0.0037271091934790394,-0.00037911618241762504,0.003570569381485503,38.67188887996599
1631,E,1551300286578967.0,1.4397278,9.655212,1.367365213673298,163,1970-01-18 22:55:00.286578967,0.0024261475,0.00064086914,0.0022888184,9.84304821653227,0.0033964090764422284,97.4498062133789,-8.648564338684082,5.08155632019043,38722242.0,50354.0,0.0736816033234,-0.007190374961000012,0.07071476647350526,0.0037305428652500998,-0.00036749016496243525,0.003589904219947059,38.72224288387224
1631,E,1551300336932971.0,1.4724426,9.671539,1.3541206136732982,163,1970-01-18 22:55:00.336932971,0.00044250488,-0.0002746582,0.0017547607,9.865596313533072,0.001830418752612512,97.4511947631836,-8.647021293640137,5.081325054168701,38772596.0,50354.0,0.0733197141608,-0.0068795900730000414,0.06851884867510526,0.003701052170299704,-0.00035423950966101934,0.0035054847285965673,38.77259688801132
1631,E,1551300387286975.0,1.4781342,9.645752,1.3220314136732982,163,1970-01-18 22:55:00.387286975,0.0032653809,-0.0014801025,0.0027008057,9.845376894233604,0.004488626433748252,97.45787811279297,-8.646841049194336,5.080254077911377,38822950.0,50354.0,0.0742866720936,-0.007117764493000059,0.06737747959250526,0.0037162859867270292,-0.00035241139590818456,0.0034214618567936297,38.82295089191757
1631,E,1551300437640979.0,1.44841,9.657318,1.3308052136732982,163,1970-01-18 22:55:00.437640979,0.0040893555,0.002243042,0.00033569336,9.851135642832569,0.004676190313823031,97.4629135131836,-8.642072677612305,5.079637050628662,38873304.0,50354.0,0.0736816033234,-0.007475806610000037,0.06679046776670526,0.003725397270173809,-0.00036742233966023343,0.003377946410662843,38.87330489605665
1631,E,1551300487994983.0,1.4606781,9.669907,1.3648323136732983,163,1970-01-18 22:55:00.487994983,9.1552734e-05,-0.0037384033,-0.00044250488,9.860869062123813,0.003765614386176256,97.46246337890625,-8.638937950134277,5.079525947570801,38923658.0,50354.0,0.0732421110937,-0.006867656175000028,0.06786806602600526,0.003699098357879327,-0.00036112536253794667,0.003390297905299073,38.9236588999629
1631,E,1551300538348987.0,1.4817047,9.639542,1.3582557136732982,163,1970-01-18 22:55:00.538348987,0.0030212402,-0.0022277832,0.002029419,9.835086980446594,0.004267253426955011,97.46367645263672,-8.639671325683594,5.079240798950195,38974012.0,50354.0,0.0740803717556,-0.007315202527000017,0.06855918726450527,0.0037091381506968264,-0.00035708183354025513,0.003434828956095184,38.97401290386915
1631,E,1551300588702990.0,1.4904327,9.675293,1.3884223136732983,163,1970-01-18 22:55:00.588702990,0.00088500977,-0.0005187988,0.002029419,9.86760825114213,0.0022739692094304828,97.4596939086914,-8.640963554382324,5.079809188842773,39024366.0,50354.0,0.07482950331980001,-0.007179599205000026,0.06915311269450526,0.0037491039247733466,-0.00036493562320656506,0.003467182576068008,39.02436690707691
1631,E,1551300639056994.0,1.4868317,9.668396,1.3589118136732983,163,1970-01-18 22:55:00.639056994,-0.000869751,-0.0027770996,0.0015563965,9.864056005166967,0.003300169549513087,97.46016693115234,-8.641733169555664,5.079586982727051,39074720.0,50354.0,0.0749585857988,-0.00645314204700005,0.06916963132420527,0.0037712147197389934,-0.0003432315265016059,0.003482551726159075,39.07472091098316
1631,E,1551300689410998.0,1.4603424,9.647446,1.3524269136732983,163,1970-01-18 22:55:00.689410998,0.0038604736,-0.00491333,-0.0013885498,9.84039479192273,0.006400948261959082,97.46218872070312,-8.638946533203125,5.079074859619141,39125074.0,50354.0,0.0742010023157,-0.007154245966000037,0.06826337513840527,0.003755390949958767,-0.0003425932080033032,0.0034601508037091456,39.12507491488941
1631,E,1551300739765002.0,1.4568939,9.673294,1.3915809136732982,163,1970-01-18 22:55:00.739765002,0.0036010742,-0.008682251,-0.0034484863,9.860240520964032,0.010012056511136676,97.45801544189453,-8.635168075561523,5.079329013824463,39175428.0,50354.0,0.0734472583251,-0.007030929020000019,0.06908588506910526,0.003717340258153422,-0.00035714015062252345,0.003458042324244493,39.17542891902849
1631,E,1551300790119006.0,1.4795685,9.625961,1.357920013673298,163,1970-01-18 22:55:00.790119006,-0.005355835,-0.021133423,-0.0027008057,9.821497746639814,0.021968178979453586,97.45939636230469,-8.635627746582031,5.07806396484375,39225782.0,50354.0,0.0739313138448,-0.007571856865000024,0.06922418484780525,0.0037105503115215733,-0.0003676543402266461,0.0034822326302980564,39.22578292293474
1631,E,1551300840473010.0,1.4695892,9.60878,1.316263513673298,163,1970-01-18 22:55:00.840473010,-0.0017089844,-0.020477295,6.1035156e-05,9.808643133294465,0.0205485757045771,97.46734619140625,-8.635030746459961,5.075852870941162,39276136.0,50354.0,0.07425094341289999,-0.009196125843000046,0.06732791866800525,0.003730784690977113,-0.00042216750063931775,0.003437972310217561,39.27613692707382
1631,E,1551300890827014.0,1.4518127,9.670151,1.3613685136732983,163,1970-01-18 22:55:00.890827014,-0.00021362305,-0.015090942,0.0027008057,9.86024346705665,0.015332205212689002,97.46733856201172,-8.630863189697266,5.075092315673828,39326490.0,50354.0,0.0735521356363,-0.008083554213000036,0.06741474155250525,0.003721238121221708,-0.0004350505047699141,0.0033924159563717936,39.32649093098007
1631,E,1551300941181018.0,1.3835602,9.651291,1.3444007136732983,163,1970-01-18 22:55:00.941181018,-0.010864258,-0.0206604,-0.0030822754,9.83411183507662,0.023545374316243286,97.4697036743164,-8.6170015335083,5.073667049407959,39376844.0,50354.0,0.07138618350330002,-0.007013254766000008,0.06812315183690527,0.0036491120609777102,-0.00038009235966428415,0.003412437541865189,39.37684493488632
1631,E,1551300991535022.0,1.4066772,9.628159,1.289102913673298,163,1970-01-18 22:55:00.991535022,-0.00970459,-0.039138794,-0.011779785,9.822083478733495,0.042009375114238016,97.48069763183594,-8.606590270996094,5.070102214813232,39427198.0,50354.0,0.0702498070198,-0.00807048735000002,0.06630372082570525,0.0035659693334000897,-0.0003797633752545327,0.0033844653730265455,39.4271989390254
1631,E,1551301041889026.0,1.456253,9.676285,1.3163093136732982,163,1970-01-18 22:55:01.041889026,-0.0007171631,-0.042236328,-0.014526367,9.872799939359115,0.04467031524462609,97.48698425292969,-8.602487564086914,5.067181587219238,39477552.0,50354.0,0.0720799936454,-0.0074412134120000325,0.06559646364790525,0.0035834373913477408,-0.0003905380900848754,0.003320850944492092,39.47755294293165
1631,E,1551301092243030.0,1.443161,9.693375,1.3212379136732981,163,1970-01-18 22:55:01.092243030,-0.005996704,-0.048553467,-0.011306763,9.886978299090355,0.05021197572414249,97.4918212890625,-8.596379280090332,5.064104080200195,39527906.0,50354.0,0.07299854627800001,-0.005799270180000045,0.06640552654290525,0.003652642399651443,-0.000333355655395786,0.003323414107034036,39.52790694707073
1631,E,1551301142597033.0,1.4374542,9.634781,1.326548013673298,163,1970-01-18 22:55:01.142597033,-0.014389038,-0.057907104,-0.009170532,9.8279975066426,0.06036866542665395,97.49658966064453,-8.590897560119629,5.060506820678711,39578260.0,50354.0,0.0725252488904,-0.0068442163880000385,0.06666330629280526,0.0036638525909548077,-0.00031832506132253814,0.003350274004304684,39.57826095004566
1631,E,1551301192951037.0,1.4771118,9.586868,1.4287971136732982,163,1970-01-18 22:55:01.192951037,-0.01737976,-0.035461426,-0.0042877197,9.773864411550981,0.03972346072331619,97.48684692382812,-8.59299373626709,5.060122013092041,39628614.0,50354.0,0.073380028182,-0.00952574312700001,0.06937132427120526,0.003673457160851815,-0.0004121464707091562,0.003424943893710093,39.62861495395191
1631,E,1551301243305041.0,1.4795532,9.589386,1.441385613673298,163,1970-01-18 22:55:01.243305041,-0.0066223145,-0.017074585,0.007507324,9.775167070633108,0.01979283748986262,97.47584533691406,-8.596076011657715,5.06082820892334,39678968.0,50354.0,0.074439954705,-0.010668653042000034,0.07226259052640525,0.003721663709145999,-0.0005084343123469142,0.00356591707285944,39.67896895785816
1631,E,1551301293659045.0,1.4085541,9.688751,1.409647313673298,163,1970-01-18 22:55:01.293659045,0.008087158,-0.008636475,0.009063721,9.866141674978763,0.014904424286379867,97.46864318847656,-8.586771011352539,5.061485767364502,39729322.0,50354.0,0.0727138774921,-0.008103544751000056,0.07178045601180526,0.0037048920332263865,-0.0004726276238343633,0.003626571782692526,39.72932296199724
1631,E,1551301344013049.0,1.4500275,9.627457,1.3967231136732983,163,1970-01-18 22:55:01.344013049,-0.0032806396,-0.011688232,-0.004470825,9.813613159634814,0.01293698727105879,97.46406555175781,-8.584227561950684,5.061598300933838,39779676.0,50354.0,0.0719705089432,-0.007145031184000047,0.07065598824930526,0.0036427187972815486,-0.0003839133963154976,0.00358612235716198,39.77967696590349
1631,E,1551301394367053.0,1.494339,9.615173,1.4206184136732982,163,1970-01-18 22:55:01.394367053,-0.002822876,-0.0032806396,-0.002029419,9.805244250941131,0.0047801429449363915,97.45630645751953,-8.588655471801758,5.062587738037109,39830030.0,50354.0,0.07413031537050001,-0.008997504490000034,0.07093220763400526,0.0036783804537460258,-0.00040642062066430007,0.003564766007754109,39.83003097004257
1631,E,1551301444721057.0,1.5597076,9.563141,1.4960426136732983,163,1970-01-18 22:55:01.444721057,0.005065918,0.03627014,0.019042969,9.755413730523578,0.041277369697417556,97.43871307373047,-8.605134963989258,5.066911697387695,39880384.0,50354.0,0.07689173124820002,-0.010616788422000029,0.07343277468550527,0.0038022820677190107,-0.0004938290526454257,0.003634677159858317,39.88038497394882
1631,E,1551301495075061.0,1.7281036,9.642273,1.4346717136732983,163,1970-01-18 22:55:01.495075061,0.045578003,0.080947876,0.054000854,9.86834543137835,0.10745233929100241,97.43092346191406,-8.645343780517578,5.07204532623291,39930738.0,50354.0,0.08277722258240001,-0.009934491722000054,0.07378659461960527,0.004019985250593017,-0.0005174195801854901,0.003706542060994768,39.93073897785507
1631,E,1551301545429065.0,1.306427,9.771439,1.3398536136732981,163,1970-01-18 22:55:01.545429065,0.027877808,0.089035034,0.028182983,9.942211327648192,0.0974612230019935,97.43367004394531,-8.619949340820312,5.076024055480957,39981092.0,50354.0,0.07640037691620001,-0.0046901729760000285,0.06985422416660526,0.004007614422576253,-0.0003682051831015481,0.003616444894580423,39.98109298199415
1631,E,1551301595783069.0,1.3650513,9.669281,1.348001813673298,163,1970-01-18 22:55:01.595783069,0.002029419,0.034973145,-0.0014343262,9.848716962410906,0.03506132776032009,97.43622589111328,-8.603782653808594,5.077382564544678,40031446.0,50354.0,0.0672598091591,-0.0040101925600000195,0.06767213609430525,0.0036169325048178284,-0.00021904910309987323,0.0034625011722889446,40.0314469859004
1631,E,1551301646137072.0,1.5256653,9.643768,1.3728279136732982,163,1970-01-18 22:55:01.646137072,0.009109497,0.037475586,0.0053100586,9.844076088188354,0.03893069745036478,97.43592071533203,-8.612088203430176,5.079300403594971,40081800.0,50354.0,0.07277957183820001,-0.00722456532700005,0.06850233004540526,0.0035257714953690227,-0.00028285749932100074,0.0034284645339994918,40.08180098887533
1631,E,1551301696491076.0,1.4000549,9.639832,1.3070320136732982,163,1970-01-18 22:55:01.696491076,0.015716553,0.04472351,0.004486084,9.830155468030549,0.04761646075231721,97.4455795288086,-8.602006912231445,5.080135345458984,40132154.0,50354.0,0.0736608574754,-0.00796600280000004,0.06747083339080526,0.003686930688828508,-0.00038245293373348124,0.0034233963358334726,40.13215499301441
1631,E,1551301746845080.0,1.4695282,9.673462,1.323175813673298,163,1970-01-18 22:55:01.746845080,0.011962891,0.022537231,-0.0023956299,9.871090406591446,0.025627652737678027,97.45193481445312,-8.601022720336914,5.080391883850098,40182508.0,50354.0,0.0722474937087,-0.0072183969620000146,0.06622074246910525,0.003673534557762086,-0.0003822976328078754,0.003365952805424967,40.18250899692066
1631,E,1551301797199084.0,1.5127258,9.646774,1.3240303136732983,163,1970-01-18 22:55:01.797199084,0.0055389404,0.024612427,-0.00048828125,9.851365592840072,0.025232713729683984,97.45821380615234,-8.606961250305176,5.080705642700195,40232863.0,50355.0,0.075085700085,-0.007043758110000003,0.06665003227126892,0.0037094814867408813,-0.0003590854093252804,0.0033453539310257705,40.23286300105974
1631,E,1551301847553088.0,1.4617767,9.64798,1.2688545136732983,163,1970-01-18 22:55:01.847553088,0.015045166,0.025878906,0.0076904297,9.852313691465348,0.030906593223696367,97.4728012084961,-8.6056547164917,5.079850673675537,40283217.0,50354.0,0.0748890494425,-0.007685178542000009,0.06528106129810526,0.003775914268853868,-0.0003708304380874043,0.0033216291427961343,40.28321700496599
1631,E,1551301897907092.0,1.4585266,9.676514,1.3051857136732983,163,1970-01-18 22:55:01.897907092,0.009292603,0.012191772,0.0018615723,9.874844137661492,0.01544206030436743,97.48101806640625,-8.603033065795898,5.079281330108643,40333571.0,50354.0,0.07352447618409999,-0.006936414562000046,0.06480661080390528,0.003736607334700908,-0.00036812784957940937,0.0032752173205123198,40.33357100887224
1631,E,1551301948261096.0,1.5170746,9.656342,1.327280413673298,163,1970-01-18 22:55:01.948261096,0.0034637451,0.009841919,0.0014190674,9.860973864628182,0.010529703319945807,97.48589324951172,-8.60934066772461,5.079047679901123,40383925.0,50354.0,0.0749167114124,-0.006725884488000046,0.06627759968820526,0.0037373037801170803,-0.0003439757031818523,0.0033003071675598676,40.38392501301132
1631,E,1551301998615100.0,1.512619,9.658386,1.315500613673298,163,1970-01-18 22:55:01.998615100,0.010848999,0.018157959,0.007385254,9.863851848298545,0.02240433509373126,97.49266815185547,-8.615121841430664,5.078961372375488,40434279.0,50354.0,0.0762785957672,-0.007182293144000022,0.06653729792550526,0.0038066442488607897,-0.0003501661882408657,0.0033438806772203896,40.43427901691757
1631,E,1551302048969104.0,1.4627533,9.666077,1.2895149136732982,163,1970-01-18 22:55:02.048969104,0.0030822754,0.011413574,-0.00088500977,9.867356583334937,0.011855519195206788,97.50252532958984,-8.612903594970703,5.078069686889648,40484633.0,50354.0,0.07491094839710001,-0.006937195049000043,0.06558647593200527,0.003806499153424582,-0.00035548635423516265,0.003326480254410543,40.48463302105665
1631,E,1551302099323108.0,1.4921265,9.639679,1.2725776136732982,163,1970-01-18 22:55:02.099323108,-0.0014038086,-0.0062713623,-0.0039520264,9.848224236551504,0.007544479859446389,97.51505279541016,-8.615217208862305,5.075901031494141,40534987.0,50354.0,0.07439500872459999,-0.007408181188000066,0.06450580356100526,0.003759076082453041,-0.00036117353751895177,0.003275333320795526,40.5349870249629
1631,E,1551302149677112.0,1.5091858,9.616257,1.3432716136732983,163,1970-01-18 22:55:02.149677112,0.0014343262,-0.009475708,-0.004928589,9.818403107109477,0.010776702801886643,97.51758575439453,-8.620580673217773,5.075099945068359,40585341.0,50354.0,0.07556403977710001,-0.008662499328000077,0.06585923599690527,0.0037755189641273013,-0.0004046115233513356,0.003282200600949513,40.58534102886915
1631,E,1551302200031115.0,1.4924622,9.652298,1.2952827136732983,163,1970-01-18 22:55:02.200031115,-0.0024108887,-0.01399231,-0.0060424805,9.857531393560652,0.015430771012906904,97.52619171142578,-8.622386932373047,5.073147296905518,40635695.0,50354.0,0.07557249169600001,-0.008344790765000056,0.06643088229960527,0.0038051644528982395,-0.0004281925426714644,0.003330668308351246,40.63569503207691
1631,E,1551302250385119.0,1.4908295,9.654037,1.321329513673298,163,1970-01-18 22:55:02.250385119,-0.007797241,-0.018661499,-0.0060424805,9.85549952541711,0.021108294169163985,97.5304946899414,-8.623915672302246,5.071565628051758,40686049.0,50354.0,0.07511033513090001,-0.007393603705000019,0.06587844604790527,0.0037937415310208625,-0.00039624555757119195,0.0033311519598052727,40.68604903598316
1631,E,1551302300742684.0,1.4834595,9.662445,1.3606514136732981,163,1970-01-18 22:55:02.300742684,-0.016464233,-0.027359009,-0.0053100586,9.857491242588479,0.0323694773525277,97.52845001220703,-8.624259948730469,5.0704426765441895,40736406.0,50357.0,0.0748881355865,-0.00713855796300002,0.06752825677919627,0.0037767364949580565,-0.000365898032557739,0.003358980667132176,40.736406601034105
1631,E,1551302351096688.0,1.5197906,9.646286,1.351480813673298,163,1970-01-18 22:55:02.351096688,-0.022094727,-0.03186035,-0.0012969971,9.84837892023417,0.03879356988992425,97.52787780761719,-8.630314826965332,5.068813800811768,40786760.0,50354.0,0.0756128277677,-0.0073332796130000395,0.06828335308790526,0.0037891627543686934,-0.00036435745465095354,0.0034193289016240156,40.786760604940355
1631,E,1551302401450692.0,1.4819641,9.648407,1.2881721136732982,163,1970-01-18 22:55:02.401450692,-0.014907837,-0.03517151,0.0018615723,9.85310135538412,0.03824583861189079,97.53687286376953,-8.630683898925781,5.065616130828857,40837114.0,50354.0,0.07557517808190001,-0.007686714339000022,0.06645854175180525,0.00380646042327538,-0.00037815838772950553,0.0033923966863793915,40.837114609079435
1631,E,1551302451804696.0,1.4373322,9.665909,1.3015541136732982,163,1970-01-18 22:55:02.451804696,-0.01133728,-0.032699585,-0.00050354004,9.861828772851108,0.0346128636426186,97.54351043701172,-8.62419319152832,5.062936782836914,40887468.0,50354.0,0.07349912294510001,-0.007192666068000041,0.06520153722590526,0.00375324367695678,-0.0003746181605070406,0.003314805808421818,40.887468612985685
1631,E,1551302502158700.0,1.4875793,9.636307,1.3073524136732981,163,1970-01-18 22:55:02.502158700,-0.019088745,-0.038864136,-0.0033111572,9.839507106308586,0.043425395964857165,97.54934692382812,-8.625558853149414,5.060029983520508,40937822.0,50354.0,0.0736404968355,-0.007497307768000046,0.06568443963900526,0.003704534207216167,-0.0003698494712689742,0.0032953162395278524,40.937822616891935
1631,E,1551302552512704.0,1.5309143,9.649567,1.4123329136732983,163,1970-01-18 22:55:02.552512704,-0.02281189,-0.026031494,-0.00390625,9.845615016305183,0.034832166086917936,97.53923034667969,-8.633193969726562,5.060131072998047,40988176.0,50354.0,0.07599661336720001,-0.007908750302000042,0.06847351748660525,0.0037674135235733785,-0.00038787832402839225,0.0033776948865514964,40.988176621031016
1631,E,1551302602866708.0,1.5277557,9.587952,1.4031013136732982,163,1970-01-18 22:55:02.602866708,-0.018310547,-0.012481689,-0.0030975342,9.785892290434033,0.022375509152913135,97.53195190429688,-8.641671180725098,5.060492515563965,41038530.0,50354.0,0.07700813459000001,-0.009126184137000063,0.07088418754190526,0.0038522005393184255,-0.0004288885443707057,0.0035086089395028096,41.038530624937266
1631,E,1551302653220712.0,1.4864655,9.587021,1.3634285136732982,163,1970-01-18 22:55:02.653220712,-0.007843018,0.0023040771,0.0011901855,9.783667873198594,0.008260644294210874,97.53114318847656,-8.644180297851562,5.060663223266602,41088884.0,50354.0,0.0758890471524,-0.010700904779000046,0.06965292146310526,0.0038494923447284055,-0.0004991866176381347,0.00353830279341915,41.08888462907635
1631,E,1551302703574716.0,1.4883728,9.63916,1.3771614136732981,163,1970-01-18 22:55:02.703574716,-0.0057373047,0.0054626465,-0.0014801025,9.833296288248267,0.008059024470437512,97.52738189697266,-8.64568042755127,5.061458110809326,41139238.0,50354.0,0.0748975038791,-0.009411640963000026,0.06899983260080526,0.003796352995320076,-0.0005063735641463358,0.0034908603890670756,41.1392386329826
1631,E,1551302753928719.0,1.4913788,9.600479,1.328882613673298,163,1970-01-18 22:55:02.753928719,-0.0011901855,0.005203247,-0.0060424805,9.802121765362418,0.008062375050833315,97.53179168701172,-8.648062705993652,5.061083793640137,41189592.0,50354.0,0.0750212060332,-0.009072808897000026,0.06813007047650527,0.0037745033594619773,-0.0004653829941252213,0.0034525195697774477,41.189592635957524
1631,E,1551302804282723.0,1.4618683,9.667725,1.366602313673298,163,1970-01-18 22:55:02.804282723,0.002029419,0.01574707,-0.0038604736,9.858679081448786,0.016339890191759486,97.52934265136719,-8.64495849609375,5.062263011932373,41239946.0,50354.0,0.07435390223669999,-0.008353627892000016,0.06786422401580526,0.0037608171009112725,-0.0004387453990366541,0.003423928352432903,41.239946639863774
1631,E,1551302854636727.0,1.4235077,9.667252,1.333246613673298,163,1970-01-18 22:55:02.854636727,-0.005645752,0.0076141357,-0.0020141602,9.856926371664734,0.00969053246291361,97.53150939941406,-8.636373519897461,5.062282562255859,41290300.0,50354.0,0.072645111552,-0.006672484071000028,0.06797409644380525,0.0037009941701581003,-0.00037831242089245214,0.0034200013942116145,41.290300644002855
1631,E,1551302904990731.0,1.4349213,9.695847,1.3380073136732982,163,1970-01-18 22:55:02.904990731,-0.009796143,-0.004989624,-0.0042419434,9.88600037061094,0.01178366874732265,97.53226470947266,-8.628866195678711,5.061880111694336,41340654.0,50354.0,0.07196666693300001,-0.005964456477000035,0.06725416012880525,0.0036408907469168456,-0.0003181602521769976,0.0034046418157286148,41.340654647909105
1631,E,1551302955344735.0,1.47995,9.687897,1.3867744136732982,163,1970-01-18 22:55:02.955344735,-0.023666382,-0.015151978,-0.0066375732,9.878597943799287,0.028874512156359736,97.52542114257812,-8.628120422363281,5.062027931213379,41391008.0,50354.0,0.07338771472010001,-0.005444677312000034,0.06860182954940526,0.0036595872668800994,-0.00028724776140565475,0.003420446252128306,41.391008652048185
1631,E,1551303005698739.0,1.4216919,9.596359,1.352579513673298,163,1970-01-18 22:55:03.005698739,-0.021331787,-0.024124146,-0.0062408447,9.784604232694559,0.03280194657961937,97.52568054199219,-8.620813369750977,5.060685634613037,41441362.0,50354.0,0.0730546381163,-0.007949486688000057,0.06896871382880526,0.003686979117362043,-0.0003372248670280023,0.003463613570633206,41.441362655954435
1631,E,1551303056052743.0,1.4401398,9.6788025,1.3668159136732982,163,1970-01-18 22:55:03.056052743,-0.0050354004,-0.0065612793,-0.0069122314,9.86631994233043,0.010778895405748893,97.52297973632812,-8.614740371704102,5.060780048370361,41491716.0,50354.0,0.0720523367109,-0.008178458914500052,0.06846621867430526,0.0036533583052244145,-0.0004060532864341453,0.0034601992956308134,41.491716659860685
1631,E,1551303106406747.0,1.4460297,9.649902,1.4550727136732982,163,1970-01-18 22:55:03.106406747,-0.01638794,-0.0022735596,-0.00019836426,9.827909234481519,0.01654608712288188,97.50736999511719,-8.610881805419922,5.062883377075195,41542070.0,50354.0,0.07266508950150001,-0.006830406803500021,0.07104668997070526,0.0036435506397495955,-0.0003778782121820878,0.0035125165009554306,41.542070663999766
1631,E,1551303156760751.0,1.4165344,9.664597,1.389643113673298,163,1970-01-18 22:55:03.156760751,0.0026855469,0.0029296875,0.0031738281,9.846064579142304,0.00508610025541234,97.50237274169922,-8.602580070495605,5.063775062561035,41592424.0,50354.0,0.07207077634570001,-0.007188058677,0.07162141038510526,0.003644014894434955,-0.000352942905402549,0.0035919547626582413,41.592424667906016
1631,E,1551303207114755.0,1.3628387,9.733536,1.3504737136732983,163,1970-01-18 22:55:03.207114755,-0.018493652,-0.025772095,-0.012252808,9.91118535946199,0.03400510768797818,97.50103759765625,-8.584328651428223,5.062653541564941,41642778.0,50354.0,0.0699762765387,-0.005082405459000001,0.06898792136210526,0.003576318650470539,-0.00030893347555207206,0.0035401211453995195,41.6427786720451
1631,E,1551303257468758.0,1.053894,9.818253,1.0949348136732981,163,1970-01-18 22:55:03.257468758,-0.051696777,-0.0987854,-0.0493927,9.992979371768774,0.12194568798706137,97.53369140625,-8.518052101135254,5.052887916564941,41693132.0,50354.0,0.0608460791879,-0.0012138083470000058,0.061568050493005254,0.0032937144501286085,-0.00015851977499366219,0.003287007703396117,41.693132675020024
1631,E,1551303307822762.0,1.198822,9.689026,1.3951667136732981,163,1970-01-18 22:55:03.307822762,-0.10562134,-0.18751526,-0.06967163,9.840463908711266,0.2262122371206299,97.52265930175781,-8.475361824035645,5.044991970062256,41743486.0,50354.0,0.05671663073200001,-0.002334436617000024,0.06269328615400525,0.0029598763476533225,-8.933416345862876e-05,0.0031285276727617837,41.743486678926274
1631,E,1551303358176766.0,1.7566833,9.554443,1.5516304136732981,163,1970-01-18 22:55:03.358176766,-0.0887146,-0.15496826,-0.057785034,9.774061809938013,0.18768205032705912,97.49211883544922,-8.518481254577637,5.041629314422607,41793840.0,50354.0,0.07441075693810001,-0.008976380987000055,0.07419151127520526,0.0033013942393701084,-0.00028477245481591,0.003446348544875233,41.793840683065355
1631,E,1551303408530770.0,1.4552917,9.651184,1.512674713673298,163,1970-01-18 22:55:03.408530770,-0.042877197,-0.08892822,-0.03781128,9.823827505765047,0.10571837697478906,97.46810913085938,-8.516066551208496,5.0407490730285645,41844194.0,50354.0,0.080867894575,-0.009929129021000042,0.07715001019120526,0.0039094506091453185,-0.0004759840254714185,0.003810325485959818,41.844194686971605
1631,E,1551303458884774.0,1.5283356,9.66098,1.5743049136732983,163,1970-01-18 22:55:03.458884774,-0.03237915,-0.078308105,-0.015426636,9.837733722342602,0.08613100348707207,97.43603515625,-8.525374412536621,5.04152250289917,41894548.0,50354.0,0.07511878453210001,-0.007246846972000011,0.07772088607770526,0.003927276619879457,-0.00043243954757576236,0.003899184555362361,41.894548690877855
1631,E,1551303509238778.0,1.3454742,9.67572,1.5470985136732982,163,1970-01-18 22:55:03.509238778,-0.03540039,-0.049865723,-0.004776001,9.828458859400323,0.06133993909368374,97.4080810546875,-8.508423805236816,5.04298734664917,41944902.0,50354.0,0.07235390933460001,-0.006629104100000025,0.07858757409030526,0.0037129200134819068,-0.0003493548201397449,0.003935378101650002,41.944902695016935
1631,E,1551303559592782.0,1.3938751,9.624603,1.520121013673298,163,1970-01-18 22:55:03.559592782,-0.03112793,-0.014465332,-6.1035156e-05,9.78793510650435,0.034324882829303176,97.3855972290039,-8.50031852722168,5.045372009277344,41995256.0,50354.0,0.0689685973261,-0.007544967829000022,0.07722338604000525,0.0035580767501964443,-0.0003568606089564342,0.003922852543200828,41.995256698923185
1631,E,1551303609946786.0,1.1616669,9.691635,1.4982856136732983,163,1970-01-18 22:55:03.609946786,-0.021881104,-0.036895752,-0.00831604,9.826185866151942,0.04369480231315757,97.36629486083984,-8.45691967010498,5.046299457550049,42045610.0,50354.0,0.064340880934,-0.00714427587400003,0.07599442365670527,0.003356332734154538,-0.00036983108871043233,0.0038575647947340806,42.045610703062266
1631,E,1551303660300790.0,1.2446594,9.636429,1.6004432136732982,163,1970-01-18 22:55:03.660300790,-0.039474487,-0.037719727,-0.019958496,9.770680192770083,0.058132215607610505,97.33253479003906,-8.427286148071289,5.049243450164795,42095964.0,50354.0,0.060584077255100004,-0.00684653267200005,0.07801669568610527,0.003145235672326971,-0.000352246586762644,0.003877537951693941,42.095964706968516
1631,E,1551303710654794.0,1.4853668,9.64328,1.5653022136732981,163,1970-01-18 22:55:03.710654794,-0.0036010742,-0.026901245,0.0031433105,9.814727748235532,0.027322611859837646,97.3064956665039,-8.434235572814941,5.051693439483643,42146318.0,50354.0,0.06873386963740001,-0.008063966507000026,0.07970397262430527,0.003255837948912473,-0.00037540163782968494,0.0039709332660512065,42.146318710874766
1631,E,1551303761008798.0,1.2459869,9.679245,1.670801513673298,163,1970-01-18 22:55:03.761008798,0.011077881,0.026626587,0.012512207,9.805959810333379,0.03143644233576025,97.26532745361328,-8.406757354736328,5.059032917022705,42196672.0,50354.0,0.0687672921049,-0.00698598807500002,0.08147538354340526,0.0034618667491858874,-0.0003789127065110152,0.0040580126502344485,42.19667271501385
1631,E,1551303811362801.0,1.0795746,9.715515,1.4459022136732982,163,1970-01-18 22:55:03.811362801,0.01411438,0.0103302,0.005340576,9.846547749207962,0.018287988047791807,97.25774383544922,-8.354297637939453,5.060714244842529,42247026.0,50354.0,0.058550661885500004,-0.005167327480000042,0.07846924974340526,0.003205484127616301,-0.0003059840257282366,0.004026926032262029,42.247026717988774
1631,E,1551303861716805.0,1.178833,9.718445,1.5234169136732982,163,1970-01-18 22:55:03.861716805,0.0074005127,-0.0181427,-0.015014648,9.851818621061607,0.024685315596053563,97.23886108398438,-8.316410064697266,5.062708854675293,42297380.0,50354.0,0.0568599281452,-0.004180389080000061,0.07475854766920527,0.002905692425202934,-0.0002353474598311226,0.0038578162554572955,42.297380721895024
1631,E,1551303912070809.0,1.2973785,9.66066,1.5430549136732983,163,1970-01-18 22:55:03.912070809,0.008804321,0.0074768066,-0.017715454,9.807601496821315,0.021148428207102308,97.21844482421875,-8.297727584838867,5.066198825836182,42347734.0,50354.0,0.0623435769355,-0.005561473415000058,0.07720456119710527,0.003001186647416784,-0.00024527087203661795,0.0038259751919271006,42.347734726034105
1631,E,1551303962424813.0,1.2891998,9.690674,1.5870765136732983,163,1970-01-18 22:55:03.962424813,0.024261475,0.011505127,0.0036621094,9.83133271232786,0.027099781580657113,97.19236755371094,-8.278949737548828,5.070675373077393,42398088.0,50354.0,0.0651222818591,-0.006260663882000046,0.07880731894630527,0.0032092079268716445,-0.00029764595072657166,0.003927911106370648,42.398088729940355
1631,E,1551304012778817.0,1.237793,9.683044,1.5061592136732982,163,1970-01-18 22:55:04.012778817,0.02394104,0.015731812,-0.0025939941,9.826108670037456,0.0287644243897871,97.1788330078125,-8.252875328063965,5.073579788208008,42448442.0,50354.0,0.0636220977256,-0.005697101914000031,0.07787839590740525,0.003241397244803992,-0.000301060669445894,0.00394487624287187,42.448442734079435
1631,E,1551304063132821.0,1.3150482,9.703629,1.5149787136732982,163,1970-01-18 22:55:04.063132821,0.011398315,0.020050049,-0.0017852783,9.855404248938205,0.023132515391761376,97.16338348388672,-8.238306045532227,5.076875686645508,42498796.0,50354.0,0.06427288289239999,-0.005370933879000035,0.07606318959680526,0.003220011927019386,-0.00027865993716036266,0.003875787298239508,42.498796737985685
1631,E,1551304113486825.0,1.3427582,9.676086,1.4521125136732982,163,1970-01-18 22:55:04.113486825,0.01109314,0.034851074,0.005584717,9.83934872491735,0.03699789423714767,97.15785217285156,-8.228933334350586,5.079422950744629,42549150.0,50354.0,0.06691559173280001,-0.0055461154450000575,0.07470245583090526,0.0033029322256386607,-0.00027485855083035036,0.0037958266549334685,42.549150741891935
1631,E,1551304163840829.0,1.2653809,9.746353,1.2859138136732982,163,1970-01-18 22:55:04.163840829,0.030136108,0.03933716,0.008895874,9.919388797054978,0.0503461392410296,97.17620849609375,-8.207135200500488,5.078890800476074,42599504.0,50354.0,0.0656651181207,-0.0044704532970000635,0.06893528884360527,0.00333798453198157,-0.00025218715121733706,0.0036163674976701513,42.599504746031016
1631,E,1551304214194833.0,1.3651123,9.723648,1.5740455136732983,163,1970-01-18 22:55:04.214194833,0.0030517578,0.019454956,-0.0099487305,9.875427553489244,0.022063222275846905,97.15148162841797,-8.200255393981934,5.083458423614502,42649858.0,50354.0,0.06622792729640001,-0.003272984823000039,0.07200519598460527,0.003320671204466327,-0.00019495654154724258,0.003548458586519857,42.649858749937266
1631,E,1551304264548837.0,1.4117126,9.647903,1.523081213673298,163,1970-01-18 22:55:04.264548837,0.005706787,0.039138794,-0.009246826,9.81306355313742,0.040619163023283486,97.13605499267578,-8.201826095581055,5.087678909301758,42700212.0,50354.0,0.06991212050730002,-0.005751660473000031,0.07797635961440527,0.003427597983553756,-0.00022721349461739376,0.003776085625316289,42.70021275407635
1631,E,1551304314902841.0,1.2650146,9.651779,1.4250587136732982,163,1970-01-18 22:55:04.314902841,0.017471313,0.048965454,-0.0017852783,9.808394851792986,0.05201970474712958,97.13580322265625,-8.182252883911133,5.090254306793213,42750566.0,50354.0,0.06739196071440001,-0.007561106286000064,0.07422531895080525,0.0034569048529187415,-0.0003351755286913454,0.0038319816612363057,42.7505667579826
1631,E,1551304365256844.0,1.2268677,9.763077,1.5716651136732982,163,1970-01-18 22:55:04.365256844,-0.0049438477,0.025512695,-0.0007171631,9.896418969171538,0.025997183677387476,97.11132049560547,-8.155881881713867,5.094954013824463,42800920.0,50354.0,0.0627381206671,-0.004661370488000072,0.07544851580110526,0.003276285058942026,-0.00030772529773900143,0.003768338137548851,42.800920760957524
1631,E,1551304415610848.0,1.2812805,9.656891,1.4370216136732983,163,1970-01-18 22:55:04.415610848,-0.005996704,0.03074646,-0.0059509277,9.814076148779245,0.03188602831783606,97.10880279541016,-8.139421463012695,5.096814155578613,42851274.0,50354.0,0.0631476472314,-0.004532665664000061,0.07574970573440526,0.003169425978380534,-0.00023147824819890739,0.0038067176235995486,42.851274764863774
1631,E,1551304465964852.0,1.2761993,9.700241,1.478449213673298,163,1970-01-18 22:55:04.465964852,-0.004699707,0.01940918,0.0056762695,9.851154730887732,0.020761106656314816,97.09970092773438,-8.122430801391602,5.098989486694336,42901628.0,50354.0,0.0643896689246,-0.006114687636000036,0.07340280902010526,0.0032110070088596124,-0.0002680684140341024,0.0037552128639743118,42.901628769002855
1631,E,1551304516318856.0,1.2693787,9.664444,1.5079444136732982,163,1970-01-18 22:55:04.516318856,0.0016174316,0.02722168,0.004699707,9.811612314110977,0.02767170383060876,97.0873794555664,-8.105615615844727,5.102048873901367,42951982.0,50354.0,0.064090017306,-0.005924525755000043,0.07518843235570527,0.0032347330602278167,-0.000303111275545209,0.003741081684118782,42.951982772909105
1631,E,1551304566672860.0,1.3108826,9.726929,1.4612831136732982,163,1970-01-18 22:55:04.566672860,0.0044403076,0.019195557,0.0049743652,9.883987958931563,0.020320680334719055,97.08129119873047,-8.093878746032715,5.103849411010742,43002336.0,50354.0,0.0649632387501,-0.0052526019790000425,0.07475624145600526,0.0032491738277244304,-0.00028140654495892016,0.003775157052557436,43.002336777048185
1631,E,1551304617026864.0,1.2107849,9.710236,1.553751313673298,163,1970-01-18 22:55:04.617026864,0.0002746582,0.01977539,-0.0073242188,9.844241374119886,0.021089942337740062,97.06194305419922,-8.06793212890625,5.107588291168213,43052690.0,50354.0,0.0634880226475,-0.00409969679500003,0.07590952177730526,0.003234017408207375,-0.00023546282623299985,0.003793311920925059,43.052690780954435
1631,E,1551304667380868.0,1.3316498,9.728943,1.4920600136732982,163,1970-01-18 22:55:04.667380868,-0.0016326904,-0.00036621094,0.0052337646,9.88516060308535,0.0054947320483387544,97.05182647705078,-8.060044288635254,5.108945369720459,43103044.0,50354.0,0.06401087844190001,-0.0040489903170000535,0.07668439178860527,0.0032100398327278242,-0.00020515949541882614,0.0038418569618489293,43.103044784860685
1631,E,1551304717734872.0,1.2868805,9.699249,1.5950721136732982,163,1970-01-18 22:55:04.717734872,0.0008544922,0.039154053,-0.004776001,9.838638735279176,0.03945351959963358,97.02726745605469,-8.046468734741211,5.114346027374268,43153398.0,50354.0,0.06592673736310001,-0.004325610016000055,0.07772472557020527,0.003271439353122486,-0.00021084731258394376,0.0038875583477427727,43.153398788999766
1631,E,1551304768088876.0,1.2601471,9.700134,1.4359840136732982,163,1970-01-18 22:55:04.768088876,0.007659912,0.019088745,-0.0015411377,9.854030163150227,0.020625943443467753,97.02699279785156,-8.029026985168457,5.115383148193359,43203752.0,50354.0,0.06412651388519999,-0.005050934209000029,0.07631290011820525,0.0032743507066784494,-0.00023607325395282717,0.0038782053019571117,43.203752792906016
1631,E,1551304818442880.0,1.245697,9.725693,1.5362342136732983,163,1970-01-18 22:55:04.818442880,0.0045928955,0.022506714,0.0016937256,9.865759933051699,0.02303292362162936,97.01151275634766,-8.009878158569336,5.118669509887695,43254106.0,50354.0,0.0630896369057,-0.004385153621000037,0.07483153830990526,0.003202921028462489,-0.0002375723832959117,0.0038053635263045386,43.2541067970451
1631,E,1551304868796883.0,1.4125061,9.541992,1.6621192636732982,163,1970-01-18 22:55:04.868796883,0.0066070557,0.061584473,0.0077209473,9.694228454712372,0.06241725343941376,96.9806900024414,-8.019888877868652,5.125993728637695,43304460.0,50354.0,0.0669255794487,-0.008366694755000032,0.08052494549915526,0.003273393102154729,-0.00032105328656255376,0.0039114101928607176,43.304460800020024
1631,E,1551304919150887.0,1.3070526,9.722549,1.2590889136732981,163,1970-01-18 22:55:04.919150887,0.035461426,0.039276123,0.034454346,9.90508789097577,0.06314450514615125,97.00811767578125,-8.010940551757812,5.124139308929443,43354814.0,50354.0,0.06847032938990001,-0.008445851243000005,0.07354725828105525,0.003408862796829433,-0.0004232894705916469,0.0038790758745743605,43.354814803926274
1631,E,1551304969504891.0,1.0340729,9.750351,1.6411689136732983,163,1970-01-18 22:55:04.969504891,0.0031585693,0.06213379,-0.028457642,9.854585206954905,0.06841360835380024,96.97698974609375,-7.960269927978516,5.131709098815918,43405168.0,50354.0,0.0589425167135,-0.003199996700000011,0.07301979131910526,0.0032078732263453023,-0.0002932075136609114,0.0036901186077832413,43.405168808065355
1631,E,1551305019858895.0,1.4351044,9.624741,1.3474220136732982,163,1970-01-18 22:55:05.019858895,0.019989014,-0.019989014,-0.00579834,9.815065689447383,0.028857271321800194,96.99317932128906,-7.9710540771484375,5.12865686416626,43455522.0,50354.0,0.06216647688210001,-0.005662508716000025,0.07524375377780526,0.0030491611317564216,-0.0002231312988586329,0.003732831274904917,43.455522811971605
1631,E,1551305070212899.0,1.245285,9.728592,1.5879768136732981,163,1970-01-18 22:55:05.070212899,0.013870239,0.0069122314,-0.004180908,9.862974573043196,0.01605124495323434,96.97154235839844,-7.952971935272217,5.13211727142334,43505876.0,50354.0,0.06748416392380001,-0.006210335059000011,0.07390453627610526,0.0032642141835701453,-0.0002989225877231759,0.003755106498687305,43.505876815877855
1631,E,1551305120566903.0,1.2970734,9.705795,1.4730934136732983,163,1970-01-18 22:55:05.120566903,0.008377075,-0.013366699,-0.0061798096,9.859974117013019,0.01694207999049934,96.96742248535156,-7.942739486694336,5.132123947143555,43556230.0,50354.0,0.0640089574368,-0.004169638501000011,0.07706856511390527,0.0033106023164958267,-0.0002613365943201206,0.0038010497736962953,43.556230820016935
1631,E,1551305170920907.0,1.2580872,9.71521,1.4748329136732983,163,1970-01-18 22:55:05.170920907,-0.0066375732,-0.031921387,-0.0071105957,9.863990410313896,0.03337053936030981,96.96237182617188,-7.926818370819092,5.131249904632568,43606584.0,50354.0,0.0643312784262,-0.004506557115000012,0.07421994114360526,0.003231222118322751,-0.0002184405770240326,0.0038089907220453427,43.606584823923185
1631,E,1551305221274911.0,1.303299,9.645157,1.4519599136732981,163,1970-01-18 22:55:05.221274911,0.003768921,-0.015136719,-0.0064849854,9.803629137504968,0.01689319576715475,96.96241760253906,-7.919222354888916,5.130564212799072,43656938.0,50354.0,0.0644880203574,-0.006033240041000034,0.07368786301410526,0.003243283485474697,-0.0002653604729966132,0.0037238747852786787,43.656938828062266
1631,E,1551305271628915.0,1.2195282,9.7569275,1.4047493136732982,163,1970-01-18 22:55:05.271628915,0.008117676,-0.03942871,-0.00579834,9.908666661158545,0.04067112713781948,96.96772003173828,-7.897459506988525,5.127986907958984,43707292.0,50354.0,0.0635172204144,-0.0049829185435000594,0.07192336821690526,0.003222787946911609,-0.00027735382468195883,0.0036660539687031523,43.707292831968516
1631,E,1551305321982919.0,1.2807465,9.662735,1.4209236136732981,163,1970-01-18 22:55:05.321982919,-0.0048065186,-0.033599854,-0.01701355,9.82172267102565,0.03796727134619977,96.97154235839844,-7.886292934417725,5.125879287719727,43757646.0,50354.0,0.06294941612190001,-0.004540357237500052,0.07114196729180526,0.0031840505080744257,-0.00023976751433823983,0.0036019559521028055,43.757646835874766
1631,E,1551305372336923.0,1.295105,9.647125,1.4380897136732982,163,1970-01-18 22:55:05.372336923,0.0030822754,-0.029342651,-0.00015258789,9.806153244544266,0.029504489021391658,96.97342681884766,-7.87868070602417,5.124200344085693,43808000.0,50354.0,0.0648522132155,-0.007304854780000024,0.07198137854260525,0.0032176616218277205,-0.00029822690296459943,0.0036034164780729535,43.80800084001385
1631,E,1551305422690926.0,1.2693939,9.708923,1.5236305136732982,163,1970-01-18 22:55:05.422690926,0.008132935,-0.0022277832,0.005279541,9.853658430497601,0.009948929734956834,96.9617691040039,-7.867011547088623,5.1257123947143555,43858354.0,50354.0,0.06456638880530001,-0.006141979504000005,0.07456723016390526,0.0032583721430776823,-0.0003385509467682688,0.0036896543214038156,43.858354842988774
1631,E,1551305473044930.0,1.2888794,9.697922,1.4152931136732982,163,1970-01-18 22:55:05.473044930,-0.00044250488,0.0030670166,-0.0002593994,9.85809336704602,0.003109612426367591,96.9659194946289,-7.858157634735107,5.1252970695495605,43908708.0,50354.0,0.0644096468741,-0.004863063435000022,0.07399328016570526,0.0032472296503002545,-0.0002770739660752037,0.0037403079685686047,43.908708846895024
1631,E,1551305523398934.0,1.2502899,9.662003,1.4214424136732982,163,1970-01-18 22:55:05.523398934,0.0008239746,0.008224487,0.0048828125,9.817013363094537,0.009600155127120103,96.9697265625,-7.844921588897705,5.1251540184021,43959062.0,50354.0,0.0639286654661,-0.006044368275000024,0.07142049037200526,0.0032311736897892153,-0.0002746164081626712,0.0036610825008279385,43.959062851034105
1631,E,1551305573752938.0,1.3157196,9.684631,1.4719642136732982,163,1970-01-18 22:55:05.573752938,0.0030059814,0.026931763,0.0026245117,9.841749803981273,0.027225793728167996,96.96566009521484,-7.841160774230957,5.12703800201416,44009416.0,50354.0,0.0646044211815,-0.006378995782000039,0.07284729865670526,0.0032360775225266252,-0.0003127830368630906,0.003632230124375845,44.009416854940355
1631,E,1551305624106942.0,1.318161,9.662704,1.4386848136732981,163,1970-01-18 22:55:05.624106942,0.005874634,0.022918701,0.008453369,9.824474777138889,0.025124442831862322,96.96710205078125,-7.83845853805542,5.127955913543701,44059770.0,50354.0,0.0663132118662,-0.006361346705000054,0.07328141056150526,0.003296113247241943,-0.00032076360279520135,0.0036790825119868867,44.059770859079435
1631,E,1551305674460946.0,1.3258057,9.703445,1.4831184136732982,163,1970-01-18 22:55:05.674460946,0.010269165,0.04093933,0.012542725,9.860313390731635,0.044031857115862716,96.96142578125,-7.836552143096924,5.130738735198975,44110124.0,50354.0,0.0665671496059,-0.005887666627000035,0.07356223985490526,0.003345528860783062,-0.0003083934086597663,0.0036970825865339676,44.110124862985685
1631,E,1551305724814950.0,1.2014313,9.684097,1.4219459136732981,163,1970-01-18 22:55:05.724814950,0.008102417,0.026626587,0.00793457,9.832608072336532,0.02894100374201555,96.96513366699219,-7.816656112670898,5.131551742553711,44160478.0,50354.0,0.06362824594900002,-0.005349055066000041,0.07314080456960526,0.0032779294738857177,-0.0002829069420646629,0.0036935425494759016,44.160478866891935
1631,E,1551305775168954.0,1.2920685,9.6874695,1.4373420136732982,163,1970-01-18 22:55:05.775168954,-0.0014648438,0.013458252,0.0113220215,9.845537581898785,0.017648186453581138,96.96604919433594,-7.810405254364014,5.132010459899902,44210832.0,50354.0,0.06277884446460001,-0.005751270229500033,0.07198829214680526,0.0031825513153432086,-0.00027947288996480537,0.0036539152680290675,44.210832871031016
1631,E,1551305825522958.0,1.2508545,9.699478,1.411127413673298,163,1970-01-18 22:55:05.825522958,0.0036010742,0.02633667,0.009185791,9.855239037690762,0.028124129824378327,96.97071838378906,-7.798058032989502,5.13264274597168,44261186.0,50354.0,0.06402317237100001,-0.005364022792500042,0.07171591477230525,0.003192494377869902,-0.00027984973241489586,0.0036180408176024457,44.261186874937266
1631,E,1551305875876962.0,1.2826385,9.684402,1.4407295136732983,163,1970-01-18 22:55:05.875876962,0.0068206787,0.009170532,0.012023926,9.840876541059943,0.01658900574311594,96.97149658203125,-7.79098653793335,5.132961273193359,44311540.0,50354.0,0.063785753261,-0.005441253240000048,0.07180120185980526,0.0032178453206368647,-0.00027204443467025475,0.003613330445446647,44.31154087907635
1631,E,1551305926230966.0,1.2886658,9.707306,1.485544513673298,163,1970-01-18 22:55:05.926230966,0.0071105957,0.007797241,0.017166138,9.858908340333747,0.02015028119545689,96.9653549194336,-7.784881114959717,5.134121894836426,44361894.0,50354.0,0.0647377283611,-0.005244167684000004,0.07367480118650527,0.003235835696799612,-0.0002690268426035493,0.0036626493286969603,44.3618948829826
1631,E,1551305976584969.0,1.3383484,9.664185,1.393885013673298,163,1970-01-18 22:55:05.976584969,0.006011963,0.0059509277,0.016082764,9.834182296196733,0.0181717510846834,96.97345733642578,-7.78663969039917,5.133261680603027,44412248.0,50354.0,0.06614033651340001,-0.005753171093000019,0.07249539721000525,0.003295117039345287,-0.00027687999838852957,0.0036801270850289457,44.412248885957524
1631,E,1551306026938973.0,1.340805,9.673645,1.3776497136732981,163,1970-01-18 22:55:06.026938973,0.0008392334,0.0048828125,0.01373291,9.845862121683709,0.01459928038219459,96.98328399658203,-7.78835916519165,5.1320929527282715,44462602.0,50354.0,0.0674530451518,-0.006600654090000028,0.06977892983040526,0.003363480570184741,-0.00031103225663239224,0.0035820407318964157,44.462602889863774
1631,E,1551306077292977.0,1.3553162,9.733231,1.4466651136732982,163,1970-01-18 22:55:06.077292977,-1.5258789e-05,0.006072998,0.009979248,9.897911593032614,0.01168190601674871,96.98169708251953,-7.7909369468688965,5.132545471191406,44512956.0,50354.0,0.06788024345240001,-0.004862282948000025,0.07110777440810526,0.003407286207187944,-0.0002886023658057274,0.0035471045526129794,44.512956894002855
1631,E,1551306127646981.0,1.3289642,9.697418,1.4385017136732983,163,1970-01-18 22:55:06.127646981,0.0014801025,0.0046691895,0.0116119385,9.860091529632452,0.012602743737980185,96.98206329345703,-7.79041862487793,5.132665634155273,44563310.0,50354.0,0.0675821276308,-0.0042637501270000175,0.07263984521210526,0.0034105361167617275,-0.00022976613472927608,0.00361913381917804,44.563310897909105
1631,E,1551306178000985.0,1.3486786,9.699951,1.3814643136732982,163,1970-01-18 22:55:06.178000985,-0.00016784668,-0.0040893555,0.013031006,9.87229925756079,0.013658627979610663,96.99063110351562,-7.792581081390381,5.131222724914551,44613664.0,50354.0,0.06741501277560001,-0.005101640687000006,0.07099828467050527,0.003398823004011933,-0.0002357924445240786,0.003616377196054486,44.613664902048185
1631,E,1551306228354989.0,1.3452759,9.697601,1.4450325136732982,163,1970-01-18 22:55:06.228354989,-0.0032043457,0.0012817383,0.009185791,9.86169758025378,0.009812718315047894,96.98960876464844,-7.7942399978637695,5.13134765625,44664018.0,50354.0,0.06782569244650001,-0.005097033296000011,0.07116271062210526,0.0034049552353768125,-0.0002567720148699914,0.0035791873784820558,44.664018905954435
1631,E,1551306278708993.0,1.4076843,9.63475,1.4566902136732982,163,1970-01-18 22:55:06.278708993,-9.1552734e-05,-0.004180908,0.0121154785,9.807261578621667,0.0128169104269137,96.98822021484375,-7.806270599365234,5.131257057189941,44714372.0,50354.0,0.06931127895540001,-0.006738598873000012,0.07305667310640526,0.0034526975289856368,-0.0002979857111189136,0.0036310114241327094,44.714372909860685
1631,E,1551306329062997.0,1.3613739,9.655136,1.4526313136732982,163,1970-01-18 22:55:06.329062997,0.0015869141,0.0050354004,0.010101318,9.821248063216965,0.01139781465396867,96.98710632324219,-7.810838222503662,5.131604194641113,44764726.0,50354.0,0.0697165783014,-0.007807740178000012,0.07324798809400526,0.003500304362154454,-0.0003662331782870276,0.003683512455042736,44.764726913999766
1631,E,1551306379417001.0,1.3707733,9.671051,1.4594520136732982,163,1970-01-18 22:55:06.379417001,-0.002105713,-0.00021362305,0.0046844482,9.837386882255815,0.005140400469257579,96.9845962524414,-7.816043853759766,5.131892204284668,44815080.0,50354.0,0.06878727005440001,-0.006893789901000013,0.07331752193260527,0.003487111390053977,-0.0003701404227989837,0.0036900798459399736,44.815080917906016
1631,E,1551306429771005.0,1.3710632,9.64946,1.4574836136732983,163,1970-01-18 22:55:06.429771005,0.00039672852,0.0023651123,0.003921509,9.816436793161468,0.004596670811280016,96.98291778564453,-7.82157039642334,5.132214546203613,44865434.0,50354.0,0.0690312175605,-0.007036694553000042,0.07343968828970526,0.003469856062680338,-0.00035072780709835945,0.0036949062817671122,44.8654349220451
1631,E,1551306480125008.0,1.3471985,9.659332,1.4297889136732982,163,1970-01-18 22:55:06.480125008,0.0025482178,0.0024108887,0.0067749023,9.826178737499806,0.007629226661632869,96.98527526855469,-7.823388576507568,5.131989479064941,44915788.0,50354.0,0.0684376748209,-0.007331743816000071,0.07269286042100526,0.003461054303486508,-0.00036175417281631583,0.003679179178889559,44.915788925020024
1631,E,1551306530479012.0,1.368866,9.693909,1.4399208136732982,163,1970-01-18 22:55:06.530479012,0.0002746582,0.011352539,0.0067749023,9.861928540896725,0.013223270399106778,96.98528289794922,-7.82767391204834,5.132506847381592,44966142.0,50354.0,0.0683823559165,-0.006212651343000066,0.07225068180540527,0.0034447179138755203,-0.00034100723691814645,0.0036492435626343384,44.966142928926274
1631,E,1551306580833016.0,1.4160614,9.680618,1.406397213673298,163,1970-01-18 22:55:06.580833016,0.0005187988,0.01361084,0.010772705,9.859632701174837,0.017365923261304206,96.99042510986328,-7.839038372039795,5.132415294647217,45016496.0,50354.0,0.0701161171498,-0.005676733721000023,0.07166174897450525,0.0034869760563902355,-0.0002993390477563303,0.003623283269745807,45.016496933065355
1631,E,1551306631187020.0,1.3862,9.69426,1.4272254136732982,163,1970-01-18 22:55:06.631187020,0.0058288574,0.012832642,0.008422852,9.866231713574281,0.016419400570776108,96.99242401123047,-7.845478534698486,5.132762432098389,45066850.0,50354.0,0.0705525352678,-0.005667896594000018,0.07134211688870526,0.0035416146619179157,-0.00028562375744075604,0.0036004083308380512,45.066850936971605
1631,E,1551306681541024.0,1.3313293,9.664963,1.4483589136732982,163,1970-01-18 22:55:06.681541024,0.0062713623,0.010665894,-0.005203247,9.827305533822713,0.013422557850875752,96.9918441772461,-7.843794822692871,5.133439540863037,45117204.0,50354.0,0.0684192351861,-0.006062042529000034,0.07239858660960526,0.003498892264717841,-0.00029532467729977233,0.0036189596919769646,45.117204940877855
1631,E,1551306731895028.0,1.3666077,9.668945,1.4149727136732981,163,1970-01-18 22:55:06.731895028,0.01133728,0.0016937256,-0.0026855469,9.840121693822963,0.011773478090971885,96.99639129638672,-7.8471550941467285,5.132995128631592,45167558.0,50354.0,0.067925959849,-0.0066993982840000115,0.07209010038170527,0.003432762975398713,-0.00032129479534890215,0.003637791672380225,45.167558945016935
1631,E,1551306782249032.0,1.3632507,9.728806,1.4100593136732982,163,1970-01-18 22:55:06.782249032,0.007949829,0.0018615723,-0.0007019043,9.899088125204354,0.008194992507850558,97.00028991699219,-7.848846435546875,5.132614612579346,45217912.0,50354.0,0.06872964493680002,-0.005092023073000004,0.07112583135250526,0.0034405781616920874,-0.0002968726155051894,0.0036057475132722193,45.217912948923185
1631,E,1551306832603036.0,1.3808594,9.702835,1.388544413673298,163,1970-01-18 22:55:06.832603036,0.0029907227,0.0008087158,-0.0002746582,9.878688440977266,0.003110286263399588,97.0074462890625,-7.853499412536621,5.131699562072754,45268266.0,50354.0,0.06908845998770001,-0.0042387745430000155,0.07046044604340526,0.0034698464276841376,-0.0002349214915780325,0.003564717705996839,45.268266953062266
1631,E,1551306882957040.0,1.3986053,9.684113,1.425012913673298,163,1970-01-18 22:55:06.882957040,-0.00088500977,-0.0047912598,0.0012359619,9.858283895076756,0.005026630539669999,97.00929260253906,-7.861095428466797,5.131195545196533,45318620.0,50354.0,0.06997858275190001,-0.0053640102040000285,0.07083693283060526,0.00350129093505491,-0.00024176931157522013,0.0035574441079109626,45.318620956968516
1631,E,1551306933311044.0,1.4004364,9.662659,1.366480213673298,163,1970-01-18 22:55:06.933311044,0.00032043457,0.004135132,0.002960205,9.844800494811372,0.0050955675457303165,97.02002716064453,-7.869199752807617,5.129913806915283,45368974.0,50354.0,0.07047147288090001,-0.006375521356000046,0.07028142246720526,0.0035361110506670064,-0.0002955661860861219,0.003552936831332976,45.368974960874766
1631,E,1551306983665048.0,1.3585205,9.663315,1.3623146136732982,163,1970-01-18 22:55:06.983665048,0.0014190674,-0.0023956299,0.00032043457,9.84010463950867,0.0028027617125199666,97.03118896484375,-7.870865345001221,5.1282758712768555,45419328.0,50354.0,0.0694622578713,-0.006899152602000026,0.06870286736810526,0.0035231115391481395,-0.00033421646624056783,0.0034992074651836133,45.41932896501385
1631,E,1551307034019051.0,1.3895111,9.689606,1.389917713673298,163,1970-01-18 22:55:07.034019051,-0.002319336,-0.010345459,-0.0019989014,9.866737465799686,0.010789042969999654,97.03742980957031,-7.876327037811279,5.126910209655762,45469682.0,50354.0,0.0691871915932,-0.006220707983000029,0.06929295330560525,0.0034907771891677167,-0.00033031872994854645,0.00347432077710201,45.469682967988774
1631,E,1551307084373055.0,1.3833618,9.704117,1.4068855136732983,163,1970-01-18 22:55:07.084373055,-0.0017242432,-0.004425049,0.00036621094,9.878013257366659,0.00476321149202121,97.04076385498047,-7.88067102432251,5.126221179962158,45520036.0,50354.0,0.06981262100330002,-0.005193436029000046,0.07041511485490526,0.003499598281742081,-0.0002873739037901259,0.003517430032077173,45.520036971895024
1631,E,1551307134727059.0,1.3734131,9.707352,1.4160407136732982,163,1970-01-18 22:55:07.134727059,-0.0032196045,0.00050354004,0.0018615723,9.87867587521752,0.003752979767655395,97.04252624511719,-7.883540630340576,5.12597131729126,45570390.0,50354.0,0.0694073216573,-0.004746644987000028,0.07107281362590527,0.0035051404963659266,-0.00025026141973983387,0.0035622415753613673,45.570390976034105
1631,E,1551307185081063.0,1.4126892,9.685562,1.3995155136732982,163,1970-01-18 22:55:07.185081063,-0.00289917,0.0054016113,0.0035705566,9.864858213747011,0.007094467263931187,97.04702758789062,-7.892495632171631,5.1255784034729,45620744.0,50354.0,0.0701456976071,-0.005213804222000054,0.07088725913590527,0.003513526366019799,-0.0002507742297349951,0.0035741287519241043,45.620744979940355
1631,E,1551307235435067.0,1.3914948,9.685684,1.408396113673298,163,1970-01-18 22:55:07.235435067,0.0008392334,0.015182495,0.0025787354,9.860862747011378,0.015422786498811222,97.05022430419922,-7.89821195602417,5.125874042510986,45671098.0,50354.0,0.07060094056800001,-0.005759339458000054,0.07069479104170526,0.0035435781093344936,-0.0002762708384313627,0.0035646112773217004,45.671098984079435
1631,E,1551307285789071.0,1.3755798,9.687027,1.4056495136732983,163,1970-01-18 22:55:07.285789071,-0.0019378662,0.0070495605,0.00044250488,9.860289131413271,0.007324441222447382,97.05364990234375,-7.901304244995117,5.125733852386475,45721452.0,50354.0,0.06966663720420001,-0.005722455153000019,0.07084922675970526,0.0035315168055706798,-0.00028907714292114887,0.003563653736186113,45.721452987985685
1631,E,1551307336143075.0,1.3774109,9.649643,1.3500465136732982,163,1970-01-18 22:55:07.336143075,-0.0025177002,0.002609253,-0.00018310547,9.830895458548607,0.003630501773616556,97.06578826904297,-7.905142784118652,5.124176502227783,45771806.0,50354.0,0.0693120468539,-0.006629859410000041,0.06938015888050526,0.0034990663285307836,-0.0003109942237526525,0.003530555242263581,45.771806991891935
1631,E,1551307386497079.0,1.3802185,9.647293,1.4091743136732982,163,1970-01-18 22:55:07.386497079,-0.002105713,0.0028381348,0.0024414063,9.82146879305125,0.004295288244462731,97.0690689086914,-7.909616470336914,5.123837471008301,45822160.0,50354.0,0.0694288354038,-0.007630242328000068,0.06946890277010527,0.0034930791926021127,-0.00035902658145762876,0.0034958028251774217,45.822160996031016
1631,E,1551307436851083.0,1.3907471,9.661377,1.452188813673298,163,1970-01-18 22:55:07.436851083,-0.0038909912,-0.0033721924,0.0019836426,9.831548557430484,0.005517819502813585,97.06566619873047,-7.915258884429932,5.1240997314453125,45872515.0,50355.0,0.069765986394,-0.007334961075000052,0.07204197013876892,0.0035045776258141098,-0.0003767864086790355,0.00356289000266318,45.872514999937266
1631,E,1551307487205087.0,1.406311,9.672638,1.4192451136732982,163,1970-01-18 22:55:07.487205087,-0.00340271,-0.0006866455,0.0031433105,9.848815616424899,0.0046829817729925555,97.06697082519531,-7.922761917114258,5.123845100402832,45922869.0,50354.0,0.0704215317837,-0.00669670434500006,0.07229409198880526,0.003529501145159953,-0.00035327524027934287,0.0036339490361859354,45.92286900407635
1631,E,1551307537559091.0,1.4186859,9.679581,1.436563813673298,163,1970-01-18 22:55:07.537559091,-0.0054473877,-0.0023345947,0.0023040771,9.855298879511258,0.006358705564037684,97.06549072265625,-7.931707859039307,5.1238813400268555,45973223.0,50354.0,0.07112494695130002,-0.00623838223700004,0.07190070136380526,0.003563715695111096,-0.0003256666748750165,0.003630392312238676,45.9732230079826
1631,E,1551307587913094.0,1.4390259,9.66748,1.4541114136732982,163,1970-01-18 22:55:07.587913094,-0.0066375732,-0.001083374,-6.1035156e-05,9.844257760588052,0.0067256823073575354,97.0616455078125,-7.943544387817383,5.124313831329346,46023577.0,50354.0,0.0719486099886,-0.006368245203000034,0.07277853019890526,0.0036021629430758634,-0.00031739705905688186,0.0036425890130543626,46.023577010957524
1631,E,1551307638267098.0,1.3940125,9.71962,1.4026130136732982,163,1970-01-18 22:55:07.638267098,-0.011016846,-0.003692627,0.0066223145,9.89526691581661,0.013373908900757297,97.06424713134766,-7.947726249694824,5.123655796051025,46073931.0,50354.0,0.07132740779680001,-0.00536018330000003,0.07192375090730525,0.003607260299783016,-0.00029528664442003265,0.0036431693314110626,46.073931014863774
1631,E,1551307688621102.0,1.3727417,9.690887,1.408274013673298,163,1970-01-18 22:55:07.688621102,-0.012313843,-0.005874634,0.006378174,9.863361004132516,0.015060649309936176,97.06643676757812,-7.94931697845459,5.122939109802246,46124285.0,50354.0,0.0696585704934,-0.004770865261000015,0.07076970268750525,0.003549603975412366,-0.00025506940962029815,0.0035925930811565444,46.124285019002855
1631,E,1551307738975106.0,1.4087982,9.647034,1.4436592136732982,163,1970-01-18 22:55:07.738975106,-0.010757446,-0.002090454,0.004837036,9.821052675583177,0.011978712770340894,97.06425476074219,-7.956995010375977,5.12303352355957,46174639.0,50354.0,0.0700308300623,-0.006598362983000044,0.07180312286490527,0.0035169600377908594,-0.0002862430594991895,0.00358955602893304,46.174639022909105
1631,E,1551307789329110.0,1.389267,9.636826,1.4897865136732982,163,1970-01-18 22:55:07.789329110,-0.002105713,0.0039367676,0.007949829,9.802776460602008,0.009117672263468332,97.05596160888672,-7.962179660797119,5.124314308166504,46224993.0,50354.0,0.0704468875404,-0.007959456780000065,0.07385536307740526,0.0035368074960831783,-0.0003665222281730538,0.003667243700569552,46.224993027048185
1631,E,1551307839683114.0,1.3873138,9.6633,1.4620002136732981,163,1970-01-18 22:55:07.839683114,0.009414673,0.00970459,0.004776001,9.831784701942098,0.014339641568638668,97.05200958251953,-7.9662184715271,5.125375270843506,46275347.0,50354.0,0.0699059748016,-0.007549927698000067,0.07431713443440527,0.0035336640151845343,-0.00039047977300260935,0.003730538969854854,46.275347030954435
1631,E,1551307890037118.0,1.4221802,9.711426,1.4968513136732982,163,1970-01-18 22:55:07.890037118,0.010818481,0.011001587,0.0014343262,9.879995165688989,0.015496184669586783,97.04230499267578,-7.974111557006836,5.127328872680664,46325701.0,50354.0,0.070734630438,-0.005671723498000061,0.07449500490400526,0.00354090851811741,-0.00033288151216169526,0.0037466432321231623,46.325701034860685
1631,E,1551307940391122.0,1.3807831,9.731659,1.5049079136732981,163,1970-01-18 22:55:07.940391122,0.03816223,0.013580322,-0.007080078,9.893103526416382,0.04112065720149263,97.03265380859375,-7.975069999694824,5.129641056060791,46376055.0,50354.0,0.07057020700410001,-0.0039506489550000376,0.07557529206690526,0.003557631892279752,-0.00024226247124918353,0.0037783198668366142,46.376055038999766
1631,E,1551307990745126.0,1.4206085,9.777008,1.3789924136732983,163,1970-01-18 22:55:07.990745126,0.08244324,-0.017456055,-0.004257202,9.958337855602808,0.08437846553907832,97.0431137084961,-7.980416297912598,5.127930641174316,46426409.0,50354.0,0.0705306363132,-0.002299490941000014,0.07260795854160526,0.003552495932199662,-0.00015735977216159333,0.003730809700570469,46.426409042906016
1631,E,1551308041099130.0,1.4677277,9.659012,1.2102607136732981,163,1970-01-18 22:55:08.041099130,0.07925415,-0.018005371,0.0062713623,9.872246099617874,0.08151529710531638,97.0798568725586,-7.994904041290283,5.122451305389404,46476763.0,50354.0,0.0727196405074,-0.004128524460000012,0.06518962598720526,0.003606612219512246,-0.00016183814375097765,0.0034693297856818626,46.4767630470451
1631,E,1551308091453133.0,1.3908844,9.592499,1.1516517136732982,163,1970-01-18 22:55:08.091453133,0.072006226,0.014907837,0.0018310547,9.8046286633502,0.07355605310303183,97.12510681152344,-7.9991841316223145,5.1173787117004395,46527117.0,50354.0,0.07197127684170002,-0.008773907553000018,0.059465869183305264,0.003642883226098291,-0.0003248445307913018,0.0031384514019079436,46.527117050020024
1631,E,1551308141807137.0,1.3793945,9.611664,1.2085517136732982,163,1970-01-18 22:55:08.141807137,0.049850464,0.007019043,-0.006790161,9.81336685602603,0.05079805126239653,97.1594467163086,-8.000968933105469,5.1133317947387695,46577471.0,50354.0,0.0697473118653,-0.00996598814900005,0.05942284169030527,0.0035680489078761396,-0.0004718143540892558,0.0029932610736648924,46.577471053926274
1631,E,1551308192161141.0,1.4368896,9.5811615,1.2704109136732982,163,1970-01-18 22:55:08.192161141,0.03024292,0.006072998,-0.013168335,9.782988009196897,0.03353983544245005,97.18354797363281,-8.011503219604492,5.11056661605835,46627825.0,50354.0,0.0709055847857,-0.010251432386500045,0.06241284206870525,0.0035412179789822275,-0.000509013996822286,0.003067457010000608,46.627825058065355
1631,E,1551308242515145.0,1.4554443,9.600357,1.3017829136732981,163,1970-01-18 22:55:08.242515145,0.028182983,0.008728027,-0.007751465,9.800230187097247,0.030504822499684264,97.20193481445312,-8.02441692352295,5.108675956726074,46678179.0,50354.0,0.0728202906003,-0.010536108725500011,0.06476012399110526,0.0036185863645933226,-0.0005233679225768254,0.0032018337664878496,46.678179061971605
1631,E,1551308292869149.0,1.420044,9.645493,1.2695869136732982,163,1970-01-18 22:55:08.292869149,0.024841309,0.008255005,0.0031585693,9.84367032361178,0.02636687885219653,97.22349548339844,-8.031393051147461,5.106223106384277,46728533.0,50354.0,0.0723961689291,-0.008916434550000017,0.06473937814310526,0.0036561148015717038,-0.0004897566820472642,0.0032604089652330183,46.728533065877855
1631,E,1551308343223153.0,1.4123535,9.708527,1.322946913673298,163,1970-01-18 22:55:08.343223153,0.004623413,0.012832642,0.014205933,9.897165352906129,0.019694191551551995,97.23448944091797,-8.036504745483398,5.10526180267334,46778887.0,50354.0,0.0713112718575,-0.006193038460000031,0.06527222417110526,0.0036181222366842283,-0.00038041120197277123,0.0032733021114648786,46.778887070016935
1631,E,1551308393577157.0,1.3828125,9.64151,1.2260231136732982,163,1970-01-18 22:55:08.393577157,-0.011474609,0.0025024414,0.019897461,9.840576194433364,0.02310493061902234,97.2599105834961,-8.03857707977295,5.101624965667725,46829241.0,50354.0,0.07037389438200001,-0.006293318451000026,0.06417541837850525,0.0035672074304118916,-0.00031436900794824845,0.0032591032964715437,46.829241073923185
1631,E,1551308443931161.0,1.4563599,9.593689,1.1679176136732983,163,1970-01-18 22:55:08.443931161,-1.5258789e-05,-0.009262085,0.0234375,9.812860432608742,0.025201247144295592,97.2947998046875,-8.05214786529541,5.0961384773254395,46879595.0,50354.0,0.0714818435148,-0.009184594777000043,0.06027224569240526,0.003571501913027734,-0.0003896874213413578,0.0031332188383133143,46.879595078062266
1631,E,1551308494285165.0,1.4528656,9.664108,1.2264350136732982,163,1970-01-18 22:55:08.494285165,-0.0012207031,0.016799927,0.011642456,9.872725120516577,0.02047619215029041,97.31856536865234,-8.063114166259766,5.093550682067871,46929949.0,50354.0,0.0732455704135,-0.008615644931000034,0.06028261609870526,0.003643802100472809,-0.000448156635128318,0.00303520975531479,46.929949081968516
1631,E,1551308544639169.0,1.4588776,9.659927,1.2447456136732982,163,1970-01-18 22:55:08.544639169,-0.010955811,0.0071105957,0.0067749023,9.866935414486221,0.014713587837476104,97.33873748779297,-8.074505805969238,5.090948104858398,46980303.0,50354.0,0.0733089585464,-0.006947970805000029,0.06221691465470526,0.003689803375623403,-0.0003918451533852736,0.003084170685778617,46.980303085874766
1631,E,1551308594993173.0,1.4602509,9.643143,1.1927589136732981,163,1970-01-18 22:55:08.594993173,0.00038146973,0.022232056,0.0056610107,9.858143028271341,0.022944648075042616,97.36678314208984,-8.08606243133545,5.088067054748535,47030657.0,50354.0,0.0734948982445,-0.007475806610000037,0.06136905148500526,0.00369608070242449,-0.00036314744397745666,0.0031115238694994917,47.03065709001385
1631,E,1551308645347176.0,1.397934,9.666214,1.2896217136732981,163,1970-01-18 22:55:08.645347176,0.0053253174,0.035842896,0.004638672,9.858075917236386,0.03653203357330581,97.37972259521484,-8.088188171386719,5.088013172149658,47081011.0,50354.0,0.0719605212273,-0.007317518811000028,0.06249889705470525,0.0036621310960415093,-0.0003724515541245186,0.0031186233403842916,47.081011092988774
1631,E,1551308695701180.0,1.3623962,9.645355,1.2289833136732982,163,1970-01-18 22:55:08.695701180,-0.005126953,0.0015106201,0.006149292,9.841075055153253,0.00814747888932503,97.40132904052734,-8.085259437561035,5.0849738121032715,47131365.0,50354.0,0.06949683344540002,-0.0072618272870000255,0.06341091877350526,0.0035614718185945685,-0.00036706419670934733,0.003170031433106856,47.131365096895024
1631,E,1551308746055184.0,1.4420929,9.585358,1.204019913673298,163,1970-01-18 22:55:08.746055184,-0.0076904297,-0.0008087158,0.004501343,9.797293628835712,0.008947559388987633,97.42716217041016,-8.094985961914062,5.0812153816223145,47181719.0,50354.0,0.07060862207070001,-0.009297538799000043,0.06125572225490525,0.003527435053528851,-0.0004169151599472237,0.0031387320211722913,47.181719101034105
1631,E,1551308796409188.0,1.3855743,9.589661,1.177606913673298,163,1970-01-18 22:55:08.796409188,-0.019165039,-0.014755249,0.0066070557,9.79722344791828,0.025073278165138768,97.45565795898438,-8.096139907836914,5.076298713684082,47232073.0,50354.0,0.07119217709440001,-0.010699746637000063,0.05996221863210526,0.0035701187205797237,-0.0005034716554221748,0.003051904097712264,47.232073104940355
1631,E,1551308846763192.0,1.5003052,9.611267,1.2628425136732981,163,1970-01-18 22:55:08.846763192,-0.027954102,-0.01802063,0.013931274,9.823010008691504,0.036059053225041555,97.47013092041016,-8.113958358764648,5.07309103012085,47282427.0,50354.0,0.0726577881715,-0.010047435744000053,0.061443195232305264,0.0036217105754995644,-0.00052235181080644,0.0030566241048642644,47.282427109079435
1631,E,1551308897117196.0,1.6118011,9.595551,1.3051399136732982,163,1970-01-18 22:55:08.897117196,-0.09013367,-0.018463135,0.021774292,9.819518658074877,0.09454673772160724,97.4752426147461,-8.148255348205566,5.07068395614624,47332781.0,50354.0,0.0783535003151,-0.009899143214000032,0.06465409357330526,0.0038020112102271283,-0.0005021950184255681,0.0031747514402588562,47.332781112985685
1631,E,1551308947471200.0,1.4304352,9.565018,1.3525337136732982,163,1970-01-18 22:55:08.947471200,-0.13174438,-0.015487671,0.024642944,9.755152337315039,0.13492117811365187,97.4718246459961,-8.156469345092773,5.06931734085083,47383135.0,50354.0,0.0765943833251,-0.01106355428700002,0.06691224891570526,0.0039011228664093157,-0.0005277778349826784,0.0033124458048458174,47.383135116891935
1631,E,1551308997825204.0,1.5228729,9.622986,1.5238594136732981,163,1970-01-18 22:55:08.997825204,-0.043563843,0.02909851,0.010040283,9.805127922945264,0.05334171898119555,97.44636535644531,-8.176644325256348,5.073988437652588,47433489.0,50354.0,0.07435543803370001,-0.010372823292000052,0.07241894976720527,0.0038004636523505087,-0.0005397036783064849,0.0035079415892396385,47.433489121031016
1631,E,1551309048179208.0,1.4891663,9.69075,1.3888801136732982,163,1970-01-18 22:55:09.048179208,-0.0037078857,-3.0517578e-05,0.011703491,9.88251613935078,0.012276850136493173,97.44222259521484,-8.189476013183594,5.074472904205322,47483843.0,50354.0,0.0758341109384,-0.007207268728000069,0.07333404308000525,0.0037813222744705623,-0.0004426139767875431,0.0036696231009142196,47.483843124937266
1631,E,1551309098533212.0,1.4623413,9.7083435,1.501535713673298,163,1970-01-18 22:55:09.098533212,-0.0017242432,0.00093078613,0.0004119873,9.882292816324657,0.002002276446424895,97.42157745361328,-8.197526931762695,5.077445983886719,47534197.0,50354.0,0.07431010684520001,-0.005058222950500053,0.07277199928510526,0.0037801809711376978,-0.0003088082839895976,0.0036785118286263878,47.53419712907635
1631,E,1551309148887216.0,1.5774384,9.6145935,1.4545387136732981,163,1970-01-18 22:55:09.148887216,-0.0017242432,-0.014480591,-0.005554199,9.813570332048464,0.015604795956808542,97.41007995605469,-8.223471641540527,5.078402042388916,47584551.0,50354.0,0.07653253350690001,-0.006975615151000047,0.07442508585730526,0.003797765156144822,-0.00030297594188146803,0.00370598101263047,47.5845511329826
1631,E,1551309199241219.0,1.5278473,9.6788025,1.4974769136732982,163,1970-01-18 22:55:09.199241219,0.019165039,0.0071411133,0.004837036,9.863672392861078,0.0210164491839191,97.39234924316406,-8.240957260131836,5.081396579742432,47634905.0,50354.0,0.07818177806889999,-0.0077193689080000474,0.07432289744970526,0.003895242222543917,-0.00036997561365344537,0.0037450279757206034,47.634905135957524
1631,E,1551309249595223.0,1.4504089,9.692841,1.4290718136732983,163,1970-01-18 22:55:09.249595223,0.006362915,0.0012817383,0.004470825,9.87384028517789,0.007881485681490318,97.38417053222656,-8.246342658996582,5.082650661468506,47685259.0,50354.0,0.07498355634739999,-0.005749331600500052,0.07368171730840527,0.003856243624599185,-0.00033910147270250704,0.003726312185764949,47.685259139863774
1631,E,1551309299949227.0,1.4978027,9.629974,1.388941113673298,163,1970-01-18 22:55:09.299949227,0.0098724365,-0.018234253,-0.006500244,9.82423200003227,0.02173030503637897,97.38348388671875,-8.258979797363281,5.0819621086120605,47735613.0,50354.0,0.07422712345320001,-0.006978686745000029,0.07094911147180526,0.0037566772853397062,-0.00032045331788465556,0.0036413703761993604,47.735613144002855
1631,E,1551309350303231.0,1.5221252,9.694611,1.339197513673298,163,1970-01-18 22:55:09.350303231,0.02734375,0.00021362305,-0.01008606,9.89766805816332,0.02914540967620101,97.38960266113281,-8.273168563842773,5.081356525421143,47785967.0,50354.0,0.0760327247383,-0.006934123455000016,0.06868634622070525,0.003783092197917396,-0.00035028282240540115,0.0035156019183243373,47.785967147909105
1631,E,1551309400657235.0,1.4197235,9.712265,1.3272193136732982,163,1970-01-18 22:55:09.400657235,0.017745972,0.001159668,0.005874634,9.901323882024293,0.01872900629315298,97.39646911621094,-8.272735595703125,5.0805134773254395,47836321.0,50354.0,0.0740669247199,-0.004862282948000025,0.06713237646210526,0.0037790588744091016,-0.00029699812400833206,0.003419507980985121,47.836321152048185
1631,E,1551309451011239.0,1.3548431,9.676773,1.332987213673298,163,1970-01-18 22:55:09.451011239,0.002243042,-0.0035858154,0.0005187988,9.856625664635889,0.00426127465572481,97.40230560302734,-8.263439178466797,5.079514503479004,47886675.0,50354.0,0.0698552632882,-0.0053113902740000085,0.06697601973900526,0.0036235289274799344,-0.0002561425707102949,0.00337644709115536,47.886675155954435
1631,E,1551309501365243.0,1.4153595,9.649063,1.4118904136732982,163,1970-01-18 22:55:09.501365243,0.015853882,-7.6293945e-05,-0.0095825195,9.827869997300235,0.01852501215124697,97.39762878417969,-8.263382911682129,5.080355167388916,47937029.0,50354.0,0.06974539086020001,-0.006902627028000019,0.06910778402370525,0.003514725669494267,-0.00030751231361245466,0.0034261819273337627,47.937029159860685
1631,E,1551309551719247.0,1.4471588,9.670456,1.4037727136732983,163,1970-01-18 22:55:09.551719247,0.013397217,0.0116119385,-0.0042419434,9.854499994280504,0.018229553556839365,97.39369201660156,-8.267779350280762,5.081617832183838,47987383.0,50354.0,0.0720696232391,-0.007061670137000045,0.07088995055720526,0.003570476609978077,-0.0003515791097232066,0.0035247229635435844,47.987383163999766
1631,E,1551309602073251.0,1.4705048,9.665497,1.3522132136732983,163,1970-01-18 22:55:09.602073251,0.006713867,0.030044556,-0.0037384033,9.85963068987385,0.031011723824455096,97.39697265625,-8.275527000427246,5.0826921463012695,48037737.0,50354.0,0.0734580164572,-0.006647911319000038,0.06938745769280527,0.0036639493846337455,-0.0003451661323177141,0.0035317643075105155,48.037737167906016
1631,E,1551309652427255.0,1.5087891,9.59845,1.3601936136732982,163,1970-01-18 22:55:09.652427255,0.009399414,0.032058716,-0.0029907227,9.79869817090397,0.03354183473485533,97.400390625,-8.29013442993164,5.083855152130127,48088091.0,50354.0,0.0750096825203,-0.008460806381000038,0.06829026669210525,0.003737971257156518,-0.00038039218553290193,0.0034663120668388925,48.0880911720451
1631,E,1551309702781258.0,1.5454559,9.659531,1.3279518136732982,163,1970-01-18 22:55:09.702781258,0.02017212,0.060516357,-6.1035156e-05,9.868413047323436,0.06378987078789325,97.40760040283203,-8.30851936340332,5.085930824279785,48138445.0,50354.0,0.076896726365,-0.008611012363000058,0.06767943742430527,0.003824547656505198,-0.00042981718051769046,0.0034233092405388677,48.138445175020024
1631,E,1551309753135262.0,1.4639893,9.594788,1.3060249136732982,163,1970-01-18 22:55:09.753135262,0.009780884,0.058547974,-0.0023956299,9.795474737238411,0.059407659387859295,97.41861724853516,-8.31595516204834,5.087297439575195,48188799.0,50354.0,0.0757688018004,-0.008703210537000065,0.06631563206440526,0.0038436600026202764,-0.00043592018995330316,0.0033735938645172653,48.188799178926274
1631,E,1551309803489266.0,1.4315338,9.659988,1.2721199136732981,163,1970-01-18 22:55:09.803489266,0.016311646,0.057540894,-0.0009613037,9.859186893976444,0.059815954245938316,97.43331909179688,-8.317111015319824,5.0881171226501465,48239153.0,50354.0,0.07290058508870001,-0.008691704648000044,0.06490995231810527,0.0037430491537068715,-0.0004379517796127478,0.0033038665379984677,48.239153183065355
1631,E,1551309853843270.0,1.4267883,9.700348,1.3267463136732982,163,1970-01-18 22:55:09.853843270,0.009918213,0.029144287,-0.0016479492,9.8907135981303,0.03082979322696665,97.43880462646484,-8.316644668579102,5.088836193084717,48289507.0,50354.0,0.0719639755117,-0.006034020528000031,0.06543165500590525,0.003647255042236271,-0.0003707495827561539,0.003281610647596613,48.289507186971605
1631,E,1551309904197274.0,1.3839722,9.691391,1.3364967136732981,163,1970-01-18 22:55:09.904197274,0.006088257,0.011169434,0.005874634,9.874557907634287,0.014011939687722075,97.44286346435547,-8.310513496398926,5.088804244995117,48339861.0,50354.0,0.0707665171085,-0.005243387197000051,0.06705246969950526,0.003593525612698775,-0.00028393129429232707,0.0033355528077081207,48.339861190877855
1631,E,1551309954551278.0,1.4324341,9.68988,1.375284513673298,163,1970-01-18 22:55:09.954551278,-0.008666992,-0.003982544,0.00869751,9.874988520023882,0.01290829528791854,97.44058227539062,-8.311670303344727,5.088819980621338,48390215.0,50354.0,0.07090866141510001,-0.0055069400330000386,0.06827451596090525,0.0035669559696886776,-0.0002706609886697123,0.003407127517972156,48.390215195016935
1631,E,1551310004905282.0,1.4108124,9.683502,1.3434852136732982,163,1970-01-18 22:55:10.004905282,-0.008377075,-0.015975952,0.007965088,9.869703787242049,0.019719255937019353,97.44319152832031,-8.309625625610352,5.087545871734619,48440569.0,50354.0,0.07158441713050001,-0.005705561386000006,0.06845046542540525,0.0035875482385425714,-0.00028229714822616413,0.0034423248563631398,48.440569198923185
1631,E,1551310055259286.0,1.4331512,9.689148,1.3819068136732982,163,1970-01-18 22:55:10.055259286,-0.008132935,-0.02684021,0.008804321,9.873536217558481,0.029394856230799394,97.44013977050781,-8.310796737670898,5.086554050445557,48490923.0,50354.0,0.0716024715572,-0.005723990950000033,0.06861719507250526,0.003605016296490224,-0.000287761839163473,0.0034509524883558937,48.490923203062266
1631,E,1551310105613290.0,1.4360504,9.654617,1.3580879136732982,163,1970-01-18 22:55:10.105613290,-0.016052246,-0.052642822,0.00793457,9.843120110473448,0.05560484431102294,97.44108581542969,-8.312807083129883,5.0836687088012695,48541277.0,50354.0,0.07223788868320001,-0.006451228595000051,0.06898484725040527,0.003621468749772551,-0.00030653550248446715,0.003464406619563918,48.541277206968516
1631,E,1551310155967294.0,1.5804901,9.640671,1.351343513673298,163,1970-01-18 22:55:10.155967294,-0.02166748,-0.064590454,0.007843018,9.852451836105317,0.06857783438418598,97.44306182861328,-8.335733413696289,5.080008029937744,48591631.0,50354.0,0.07594744016850001,-0.007671734024000053,0.06821535504630526,0.0037308620244992517,-0.00035557382985856563,0.0034542894932242814,48.591631210874766
1631,E,1551310206321298.0,1.6108551,9.595261,1.3911994136732981,163,1970-01-18 22:55:10.206321298,-0.01701355,-0.04827881,0.004852295,9.807854911741074,0.05141837361669099,97.44013214111328,-8.363593101501465,5.077908515930176,48641985.0,50354.0,0.0803484981004,-0.009166140036000036,0.06904900328180526,0.003935062837796096,-0.0004239271552086223,0.0034559047496268386,48.64198521501385
1631,E,1551310256675301.0,1.6409149,9.632034,1.427011813673298,163,1970-01-18 22:55:10.256675301,-0.0047912598,-0.023345947,0.008605957,9.84436359647223,0.025338743214369453,97.43180847167969,-8.394659996032715,5.077886581420898,48692339.0,50354.0,0.08186981329000001,-0.009383593784999996,0.07095410407090526,0.004084170425876101,-0.0004670266484113178,0.003524858233819193,48.692339217988774
1631,E,1551310307029305.0,1.5582886,9.617264,1.3737587136732983,163,1970-01-18 22:55:10.307029305,-0.0018615723,0.0075531006,0.0029144287,9.823116220793224,0.008307146005050793,97.43165588378906,-8.413178443908691,5.078248500823975,48742693.0,50354.0,0.08054634651950002,-0.008829624254000003,0.07051499956700527,0.004089151655523782,-0.00045855419056790305,0.003561767622291674,48.742693221895024
1631,E,1551310357383309.0,1.5504303,9.613831,1.3317817136732981,163,1970-01-18 22:55:10.357383309,0.008377075,0.005432129,0.00048828125,9.823962477397961,0.009996090716243402,97.43822479248047,-8.42992115020752,5.077610015869141,48793047.0,50354.0,0.0782682157453,-0.00928792118500004,0.06811739133930526,0.00399847423414087,-0.0004561454415177041,0.0034903477058481802,48.793047226034105
1631,E,1551310407737313.0,1.5207672,9.663666,1.368219713673298,163,1970-01-18 22:55:10.407737313,0.010986328,0.023544312,-0.0026855469,9.863401173907905,0.02611984289058852,97.43834686279297,-8.440927505493164,5.07884407043457,48843401.0,50354.0,0.0773235394575,-0.008119658031000072,0.06797793593630526,0.003917333620740896,-0.0004382706219212349,0.0034264720548180462,48.843401229940355
1631,E,1551310458091317.0,1.5379333,9.633575,1.3677467136732981,163,1970-01-18 22:55:10.458091317,0.004837036,0.018173218,-0.0017852783,9.83665123641389,0.018890473481341617,97.43885040283203,-8.45480728149414,5.079708099365234,48893755.0,50354.0,0.07700890248850001,-0.007622563343000045,0.06888342674130525,0.003885627890874443,-0.00039634190753320097,0.0034457585281342,48.893755234079435
1631,E,1551310508445321.0,1.4632568,9.621002,1.3348182136732982,163,1970-01-18 22:55:10.508445321,0.0099487305,0.024337769,0.00035095215,9.817209087278345,0.02629500724226143,97.44461059570312,-8.457911491394043,5.080126762390137,48944109.0,50354.0,0.0755609631477,-0.008696714871000008,0.06804247717580526,0.0038412515071226077,-0.0004108704675938794,0.0034473834829210916,48.944109237985685
1631,E,1551310558799325.0,1.4953613,9.592438,1.3888191136732981,163,1970-01-18 22:55:10.558799325,0.007888794,0.012741089,-0.0038757324,9.787083161653161,0.015478686033277074,97.4428482055664,-8.466068267822266,5.081094264984131,48994463.0,50354.0,0.0744891279037,-0.009732421120000029,0.06857301699060525,0.0037778111424010977,-0.000463990356845408,0.0034395682966277172,48.994463241891935
1631,E,1551310609153329.0,1.4741364,9.651871,1.2988075136732982,163,1970-01-18 22:55:10.609153329,0.008926392,0.008407593,-0.0038909912,9.853879084278049,0.012864987629601143,97.45321655273438,-8.469378471374512,5.08007287979126,49044817.0,50354.0,0.0747630435929,-0.00895523230700005,0.06766637559670526,0.0037577219217698986,-0.000470499050331581,0.0034300991871707167,49.044817246031016
1631,E,1551310659507333.0,1.474472,9.686554,1.3597663136732983,163,1970-01-18 22:55:10.659507333,0.00035095215,0.008300781,0.0014038086,9.879892649939206,0.008425960550998597,97.45333099365234,-8.472336769104004,5.080453872680664,49095171.0,50354.0,0.0742371136868,-0.006585673775000059,0.06693491325110526,0.0037513769598310075,-0.00039127339242651677,0.003388856649321326,49.095171249937266
1631,E,1551310709861337.0,1.507721,9.597626,1.2859596136732983,163,1970-01-18 22:55:10.709861337,-0.004760742,-0.001159668,-0.0027770996,9.807609952701922,0.005632208842817191,97.46578216552734,-8.481470108032227,5.078543663024902,49145525.0,50354.0,0.07508267316100001,-0.007951400140000056,0.06661144167280526,0.003759424273467061,-0.00036599990995795793,0.0033622965779192956,49.14552525407635
1631,E,1551310760215341.0,1.5212555,9.628998,1.366739613673298,163,1970-01-18 22:55:10.760215341,0.004562378,0.0019073486,0.00039672852,9.82970304728017,0.004960913748029424,97.46595001220703,-8.49203872680664,5.078644752502441,49195879.0,50354.0,0.0762605413405,-0.009400487552000054,0.06678700844690526,0.003810368111504266,-0.00043686847642148677,0.003358572778663952,49.1958792579826
1631,E,1551310810569344.0,1.5033417,9.667877,1.3303321136732982,163,1970-01-18 22:55:10.810569344,0.00024414063,-0.0012512207,0.0013885498,9.869767004834028,0.0018850009109826252,97.470458984375,-8.498831748962402,5.077909469604492,49246233.0,50354.0,0.07615028370440001,-0.007631778125000036,0.06790417487940527,0.0038372473421554474,-0.0004288213529498313,0.0033911199226065204,49.246233260957524
1631,E,1551310860923348.0,1.5400848,9.634842,1.3708442136732981,163,1970-01-18 22:55:10.860923348,-0.009048462,-0.0030975342,-0.001739502,9.837832290419232,0.009720866725432339,97.46914672851562,-8.511418342590332,5.077896595001221,49296587.0,50354.0,0.0766243489905,-0.007484643736999998,0.06800751639360526,0.0038464069273594975,-0.0003805861532195749,0.0034218486511805864,49.296587264863774
1631,E,1551310911277352.0,1.5112305,9.623871,1.308084813673298,163,1970-01-18 22:55:10.911277352,-0.0026550293,0.0073394775,-0.0005950928,9.830837795150138,0.00782759516055069,97.47749328613281,-8.519723892211914,5.0770063400268555,49346941.0,50354.0,0.0768229653081,-0.00859258279900003,0.06744739612150526,0.003863343032095852,-0.0004047763324968728,0.003410348332392938,49.346941269002855
1631,E,1551310961631356.0,1.4908905,9.636459,1.3545478136732982,163,1970-01-18 22:55:10.961631356,0.00015258789,0.007247925,0.0013122559,9.833933340603854,0.0073673411361823374,97.47872161865234,-8.524843215942383,5.077169418334961,49397295.0,50354.0,0.075584400417,-0.008551871590000043,0.06703710165870526,0.003837160246860843,-0.00043164592815185483,0.00338591620061236,49.397295272909105
1631,E,1551311011985360.0,1.4908295,9.612839,1.3262275136732982,163,1970-01-18 22:55:11.011985360,-0.005630493,0.005508423,-0.0015716553,9.814496226740813,0.008032140172581408,97.48426818847656,-8.530110359191895,5.076588153839111,49447649.0,50354.0,0.07507076444,-0.008829624254000046,0.06749388041660527,0.0037930450856046892,-0.0004376139208643903,0.0033870865357100936,49.447649277048185
1631,E,1551311062339364.0,1.4521637,9.637375,1.3515266136732982,163,1970-01-18 22:55:11.062339364,0.0002746582,0.009490967,0.0012512207,9.829426720475773,0.00957702693752214,97.48575592041016,-8.529376029968262,5.076827049255371,49498003.0,50354.0,0.07409573979640001,-0.008806562122000044,0.06741781566420527,0.0037555650771598434,-0.0004440262643885543,0.0033966717722265674,49.498003280954435
1631,E,1551311112693368.0,1.4464722,9.640259,1.3945259136732981,163,1970-01-18 22:55:11.112693368,-0.0024719238,-0.009735107,-0.0015716553,9.825924230318218,0.010166258700056453,97.48087310791016,-8.527632713317871,5.0770649909973145,49548357.0,50354.0,0.07297895605430002,-0.008116208782000015,0.06913736448100526,0.003702899617433075,-0.0004260646030500095,0.003438049770515965,49.548357284860685
1631,E,1551311163047372.0,1.4816895,9.692505,1.348490113673298,163,1970-01-18 22:55:11.163047372,-0.010467529,-0.032180786,0.0005645752,9.88825933414553,0.033845101508196015,97.4815902709961,-8.529706001281738,5.075298309326172,49598711.0,50354.0,0.07372232712090002,-0.006728200772000013,0.06906091452050525,0.0036934982065020116,-0.0003737376993410587,0.00347941807042103,49.598711288999766
1631,E,1551311213401376.0,1.4867096,9.669235,1.3315528136732981,163,1970-01-18 22:55:11.213401376,-0.012512207,-0.033309937,0.0027160645,9.868417431928586,0.03568591085180506,97.48512268066406,-8.533002853393555,5.073031425476074,49649065.0,50354.0,0.07473538414070001,-0.0059986720200000095,0.06747544078180526,0.003737719796433304,-0.00032042447628418454,0.0034375758174462717,49.649065292906016
1631,E,1551311263755380.0,1.4931793,9.653763,1.4119514136732982,163,1970-01-18 22:55:11.263755380,-0.013290405,-0.04374695,0.004547119,9.843980165038976,0.045946782156824496,97.4771728515625,-8.537734031677246,5.071937561035156,49699419.0,50354.0,0.0750246628353,-0.0069740793540000335,0.06907320593190526,0.0037705087027147524,-0.00032661496134319914,0.0034378852783110902,49.6994192970451
1631,E,1551311314109383.0,1.4979248,9.652298,1.356211013673298,163,1970-01-18 22:55:11.314109383,-0.011444092,-0.041152954,0.003768921,9.850307098603796,0.04288050407976591,97.4776611328125,-8.54288101196289,5.06973934173584,49749773.0,50354.0,0.07530702792570002,-0.007400502203000044,0.06969402543330526,0.0037849009782896974,-0.00036190883986059094,0.0034937425840819054,49.749773300020024
1631,E,1551311364463387.0,1.5496216,9.676437,1.4090827136732982,163,1970-01-18 22:55:11.364463387,-0.012298584,-0.034103394,0.0055999756,9.875270495857649,0.03668318930307025,97.46988677978516,-8.555071830749512,5.069095134735107,49800127.0,50354.0,0.0767280757128,-0.006829638905000037,0.06962180017340526,0.0038277878043065155,-0.00035827226267611803,0.003507554541300151,49.800127303926274
1631,E,1551311414817391.0,1.5655212,9.623169,1.396494213673298,163,1970-01-18 22:55:11.414817391,-0.010604858,-0.030197144,0.004119873,9.827171376068533,0.032269240345769355,97.46519470214844,-8.570367813110352,5.068208694458008,49850481.0,50354.0,0.07842995027560001,-0.0075630197380000186,0.07063601029980526,0.003906413620309948,-0.0003623639666548124,0.0035312708942840214,49.850481308065355
1631,E,1551311465171395.0,1.554718,9.645859,1.393488313673298,163,1970-01-18 22:55:11.465171395,-0.004272461,-0.012710571,-0.0007019043,9.848056490403888,0.013427777470189193,97.4608154296875,-8.583074569702148,5.068212509155273,49900835.0,50354.0,0.0785582623384,-0.008332882044000024,0.07024339009100525,0.003952492228982679,-0.0004002111191654151,0.0035469206636394362,49.900835311971605
1631,E,1551311515525399.0,1.4305573,9.646042,1.3602088136732982,163,1970-01-18 22:55:11.515525399,-0.005859375,-0.016784668,-0.001449585,9.833635177358234,0.017837002324748236,97.46134185791016,-8.577438354492188,5.067276477813721,49951189.0,50354.0,0.07516027622810001,-0.007757008523000054,0.06932983257520525,0.0038701716454887713,-0.000405095174805361,0.003514035027067182,49.951189315877855
1631,E,1551311565879403.0,1.4733429,9.606674,1.3731178136732982,163,1970-01-18 22:55:11.565879403,0.0017700195,-0.006729126,-0.0064849854,9.799699743185974,0.009511526764535198,97.46102142333984,-8.578810691833496,5.067049026489258,50001543.0,50354.0,0.0731114953354,-0.008743569268000049,0.06881696449670525,0.0037330383926542404,-0.00041543504704400955,0.0034781219098794914,50.001543320016935
1631,E,1551311616233407.0,1.4164581,9.659882,1.3545326136732982,163,1970-01-18 22:55:11.616233407,0.0019378662,-0.004180908,-0.008682251,9.845905795177547,0.009829384494492392,97.46237182617188,-8.570666313171387,5.066709041595459,50051897.0,50354.0,0.07275651977700001,-0.008395119588000047,0.06867405480930526,0.003672519016484895,-0.0004315007693275144,0.003461611393067427,50.051897323923185
1631,E,1551311666587411.0,1.4631958,9.646423,1.2523139136732981,163,1970-01-18 22:55:11.666587411,-0.0050964355,-0.015594482,-0.006210327,9.85329571009714,0.0175422257738553,97.47862243652344,-8.569503784179688,5.063529014587402,50102251.0,50354.0,0.0725010462403,-0.007394359015000035,0.06563257501900527,0.0036571497396175622,-0.00039753170278773313,0.003381438019187375,50.102251328062266
1631,E,1551311716941415.0,1.5295715,9.730194,1.2925056136732982,163,1970-01-18 22:55:11.716941415,-0.0038757324,0.0012969971,-0.0065307617,9.939834014613515,0.007704177535337893,97.4868392944336,-8.576253890991211,5.062379837036133,50152605.0,50354.0,0.07534890231210001,-0.005624113791000048,0.06407092124000525,0.0037224181547037757,-0.0003277660898366641,0.003265544925313108,50.152605331968516
1631,E,1551311767295419.0,1.4888611,9.715332,1.3455146136732983,163,1970-01-18 22:55:11.767295419,-0.023803711,0.017807007,-0.0034942627,9.912094797035186,0.029931856398930243,97.48636627197266,-8.577762603759766,5.063167572021484,50202959.0,50354.0,0.0759950775702,-0.003889191898000056,0.06641743526390527,0.003810387381496668,-0.00023951649733195562,0.0032853053516989556,50.202959335874766
1631,E,1551311817649423.0,1.4926758,9.558456,1.3610481136732981,163,1970-01-18 22:55:11.817649423,-0.039382935,0.013549805,-0.0013427734,9.756935726785793,0.04167032307477346,97.48592376708984,-8.583340644836426,5.063612937927246,50253313.0,50354.0,0.0750661545313,-0.008213039524000043,0.06814312978640526,0.003803268640619466,-0.00030469788051169653,0.0033878313462716685,50.25331334001385
1631,E,1551311868003426.0,1.4886627,9.579086,1.3596900136732981,163,1970-01-18 22:55:11.868003426,-0.0077056885,0.0012664795,-0.0012359619,9.776711179978008,0.007906276456158368,97.48697662353516,-8.587662696838379,5.063470840454102,50303667.0,50354.0,0.07506115941449999,-0.01164330506600004,0.06850002383220526,0.0037797553832134064,-0.000499923187742432,0.003440264678655757,50.303667342988774
1631,E,1551311918357430.0,1.4263763,9.656723,1.3872322136732982,163,1970-01-18 22:55:11.918357430,0.020858765,0.004852295,-0.008850098,9.840061436458765,0.023172334338643012,97.48384857177734,-8.580931663513184,5.064385414123535,50354021.0,50354.0,0.07339193690300001,-0.009169236807000044,0.06915926091790527,0.0037376036059856978,-0.0005239973667365232,0.003465847812153533,50.354021346895024
1631,E,1551311968711434.0,1.3988342,9.729416,1.4047645136732982,163,1970-01-18 22:55:11.968711434,0.012390137,-0.008880615,-0.010101318,9.905302991785476,0.01828708404842385,97.47659301757812,-8.568816184997559,5.065188884735107,50404375.0,50354.0,0.0711303247585,-0.005384378397000036,0.07029410160440526,0.003638636981851586,-0.00036641636999111,0.003511017308224212,50.404375351034105
1631,E,1551312019065438.0,1.484726,9.69043,1.4583381136732982,163,1970-01-18 22:55:12.019065438,-0.008132935,-0.024871826,-0.0020141602,9.87306353711022,0.026245174825094326,97.46155548095703,-8.570570945739746,5.066164493560791,50454729.0,50354.0,0.0725993951554,-0.004535737258000043,0.07208433484870526,0.00361868315827226,-0.000249758751845937,0.0035846618945799638,50.454729354940355
1631,E,1551312069419442.0,1.5179291,9.658035,1.4332374136732982,163,1970-01-18 22:55:12.069419442,-0.010101318,-0.014373779,0.008834839,9.849347464362067,0.01966460089180266,97.45097351074219,-8.57829475402832,5.06690788269043,50505083.0,50354.0,0.07559784745270001,-0.006332896695000058,0.07280119705200526,0.0037311619771441345,-0.0002736395970346836,0.003647783036664189,50.505083359079435
1631,E,1551312119773446.0,1.468689,9.61673,1.4244331136732982,163,1970-01-18 22:55:12.119773446,-0.016418457,-0.004135132,0.0113220215,9.802426167976037,0.020367945840578407,97.44227600097656,-8.57979965209961,5.067804336547852,50555437.0,50354.0,0.0751940839037,-0.008188441595000026,0.07194757086700526,0.003796488455760083,-0.00036560373412733216,0.0036443397298969284,50.555437362985685
1631,E,1551312170127450.0,1.490097,9.603027,1.358927113673298,163,1970-01-18 22:55:12.170127450,-0.009963989,-0.010269165,0.0067596436,9.800486158797511,0.01582496787321753,97.44404602050781,-8.584210395812988,5.066921710968018,50605791.0,50354.0,0.074493355122,-0.009573378011000003,0.07007666044390526,0.0037686806523500494,-0.00044718933222026276,0.0035757440717147943,50.605791366891935
1631,E,1551312220481454.0,1.4665375,9.620209,1.4260810136732982,163,1970-01-18 22:55:12.220481454,0.0068206787,0.0002593994,-0.00018310547,9.805315106815003,0.006828065142520095,97.43633270263672,-8.58464241027832,5.068134784698486,50656145.0,50354.0,0.0744391868065,-0.009485787228000036,0.07011814962220526,0.0037496746081338446,-0.000479852603222304,0.0035296847330344647,50.656145371031016
1631,E,1551312270819380.0,1.5297241,9.615295,1.437158913673298,163,1970-01-18 22:55:12.270819380,0.009643555,0.0076141357,-0.0011901855,9.808796757674248,0.012344624620475494,97.42741394042969,-8.594326972961426,5.069925308227539,50706483.0,50338.0,0.0754129082104,-0.009173999824000065,0.07206488573138647,0.003771627379480356,-0.0004696481803117906,0.00357860481681455,50.70648329705
1631,E,1551312321173384.0,1.5851135,9.651688,1.434564913673298,163,1970-01-18 22:55:12.321173384,0.016281128,0.016555786,0.0030975342,9.853547173324928,0.023425710173874122,97.41868591308594,-8.611165046691895,5.072144508361816,50756837.0,50354.0,0.0784222662552,-0.008384369009000043,0.07230139080110524,0.003873108187520412,-0.00044206705210844373,0.0036347097442585444,50.75683730095625
1631,E,1551312371527388.0,1.5196991,9.748169,1.425012913673298,163,1970-01-18 22:55:12.371527388,0.0104522705,0.040008545,0.010604858,9.939009215262578,0.042689537884853704,97.40933227539062,-8.616551399230957,5.075512886047363,50807191.0,50354.0,0.0781698668302,-0.005039000311000016,0.07199559095910527,0.003942520134691116,-0.0003379601693696415,0.0036329651097768197,50.8071913048625
1631,E,1551312421881391.0,1.3733215,9.671951,1.4691108136732982,163,1970-01-18 22:55:12.421881391,-0.0010070801,0.029327393,0.01889038,9.837484336774196,0.03489923562269903,97.3946762084961,-8.602893829345703,5.079017162322998,50857545.0,50354.0,0.0728375796462,-0.004528838760000018,0.07286535308340526,0.003801914479936323,-0.00024088948429056787,0.003647163988158288,50.85754530807026
1631,E,1551312472235395.0,1.296524,9.608719,1.289591213673298,163,1970-01-18 22:55:12.472235395,-0.01210022,-0.013717651,0.020874023,9.787762011031596,0.027754533129035513,97.40763092041016,-8.579078674316406,5.0761871337890625,50907899.0,50354.0,0.06721870015350001,-0.00803977141000002,0.06945584094250526,0.003526196956517047,-0.00031643989825009096,0.0035832207019903498,50.90789931197651
1631,E,1551312522589399.0,1.522934,9.623978,1.3182472136732981,163,1970-01-18 22:55:12.522589399,-0.005493164,-0.012039185,-0.0063934326,9.831389227717121,0.014696693730423309,97.41600799560547,-8.586992263793945,5.074345111846924,50958253.0,50354.0,0.07098549406600001,-0.009247587631000038,0.06565754808530526,0.0034795669978643527,-0.00043524383857525853,0.0034017497955531853,50.95825331588276
1631,E,1551312572943403.0,1.5326233,9.592163,1.340448713673298,163,1970-01-18 22:55:12.572943403,0.003921509,-0.007873535,0.017028809,9.79881557273617,0.01916640608439117,97.42202758789062,-8.598074913024902,5.0729804039001465,51008607.0,50354.0,0.07692976614210001,-0.009664418043000072,0.06693798736280526,0.0037240625062593346,-0.00047614756685430076,0.003338357795977079,51.00860732002184
1631,E,1551312623297407.0,1.4941559,9.620773,1.4682411136732982,163,1970-01-18 22:55:12.623297407,-0.0087890625,0.000579834,0.010986328,9.80496006143465,0.014081307823495879,97.40792083740234,-8.602813720703125,5.074982643127441,51058961.0,50354.0,0.0762052199184,-0.009745110328000059,0.07071438378310527,0.0038554795440452093,-0.0004886736957966703,0.0034656737483405894,51.05896132392809
1631,E,1551312673651411.0,1.5923767,9.588318,1.4401954136732982,163,1970-01-18 22:55:12.673651411,-0.0015716553,0.014343262,-0.001159668,9.791977421581596,0.014475637984313026,97.39912414550781,-8.621758460998535,5.076998233795166,51109315.0,50354.0,0.0777096312702,-0.00984191589300006,0.07322570644900527,0.0038751142083753823,-0.0004931425591661201,0.0036239796517738465,51.10931532806717
1631,E,1551312724005415.0,1.5188751,9.728729,1.3977455136732981,163,1970-01-18 22:55:12.724005415,0.007827759,0.030151367,0.01071167,9.923161174185383,0.032941138673696,97.39453125,-8.627052307128906,5.079156875610352,51159669.0,50354.0,0.07833198656859999,-0.007123907681000068,0.07145083872780526,0.003928659812327468,-0.0004271485401226013,0.003642521377916559,51.15966933197342
1631,E,1551312774359419.0,1.4150543,9.678284,1.3468269136732982,163,1970-01-18 22:55:12.774359419,-0.014968872,0.030715942,0.008865356,9.864757224864215,0.03530057731690069,97.3972396850586,-8.618196487426758,5.080087184906006,51210023.0,50354.0,0.07386754050380001,-0.0048588336990000565,0.06910010000330526,0.003831927493101815,-0.00030168947972426314,0.00353865098443317,51.21002333587967
1631,E,1551312824713423.0,1.5027161,9.562866,1.2763923136732982,163,1970-01-18 22:55:12.824713423,-0.015594482,0.008758545,0.0007324219,9.774144555932718,0.01790073800727078,97.41261291503906,-8.623947143554688,5.078091144561768,51260377.0,50354.0,0.07346070536080002,-0.009034766450000054,0.06604479048690526,0.0037092832461330352,-0.0003497991709513758,0.00340254290787203,51.26037734001875
1631,E,1551312875067427.0,1.5175476,9.576706,1.2893013136732983,163,1970-01-18 22:55:12.875067427,0.0061035156,0.0073394775,0.006439209,9.788199763477015,0.011514523229301793,97.42650604248047,-8.631699562072754,5.076371192932129,51310731.0,50354.0,0.07604117917490001,-0.011592195756000052,0.06459646845570527,0.0037640089469553194,-0.0005193250274604646,0.0032891549763981055,51.310731343925
1631,E,1551312925421430.0,1.5219879,9.688065,1.4205268136732982,163,1970-01-18 22:55:12.925421430,-0.0055389404,0.0013427734,0.007843018,9.880965833363103,0.009695144790400179,97.418212890625,-8.637825965881348,5.077591419219971,51361085.0,50354.0,0.07652638528350002,-0.008440060533000044,0.06822534276220527,0.003841193570369138,-0.0005043521165881555,0.0033440547410333336,51.36108534689993
1631,E,1551312975775434.0,1.5843964,9.598831,1.3953498136732982,163,1970-01-18 22:55:12.975775434,-0.018859863,0.001739502,0.005935669,9.806515586276463,0.019848235842621735,97.4147720336914,-8.654627799987793,5.078012943267822,51411439.0,50354.0,0.0782094375211,-0.007883019408000024,0.07089532584670526,0.003895783810751415,-0.0004109661836745587,0.003502641073566541,51.41143935103901
1631,E,1551313026129438.0,1.5900726,9.613449,1.3899024136732983,163,1970-01-18 22:55:13.026129438,0.0010070801,0.031295776,0.0052490234,9.822427048688192,0.031748890569967,97.41273498535156,-8.671629905700684,5.079830646514893,51461793.0,50354.0,0.07992360601300001,-0.00976162644000004,0.07012429532790526,0.0039813156370580366,-0.0004442392485150977,0.0035504510023131697,51.46179335494526
1631,E,1551313076483442.0,1.466156,9.690475,1.3843788136732982,163,1970-01-18 22:55:13.076483442,0.0001373291,0.030441284,0.0019836426,9.879370919811898,0.03050615460550375,97.41002655029297,-8.668496131896973,5.081716060638428,51512147.0,50354.0,0.0769466674622,-0.007454305452000073,0.06984807846090527,0.0039495228752851105,-0.00043344551724488686,0.0035240844548808828,51.51214735885151
1631,E,1551313126837446.0,1.4600677,9.682053,1.3701271136732982,163,1970-01-18 22:55:13.126837446,-0.0058898926,0.0022277832,-0.014694214,9.872013694895072,0.015986675010881187,97.40953826904297,-8.663701057434082,5.081948757171631,51562501.0,50354.0,0.0736735340949,-0.005727062544000059,0.06935019573280526,0.0037921648146031065,-0.00033186730203529533,0.00350459494937505,51.56250136299059
1631,E,1551313177191450.0,1.5820923,9.685486,1.4704689136732982,163,1970-01-18 22:55:13.177191450,-0.0032653809,-0.002105713,-0.0077819824,9.88190055910574,0.008698045167413399,97.39457702636719,-8.677037239074707,5.0841264724731445,51612855.0,50354.0,0.07659246232,-0.005852670597000062,0.07151768618050527,0.003783246991737938,-0.00029154294129096005,0.0035466306629314197,51.61285536689684
1631,E,1551313227545454.0,1.529068,9.659744,1.4831947136732981,163,1970-01-18 22:55:13.227545454,-0.008850098,-0.0038909912,0.0073242188,9.846811814200626,0.012128818085796937,97.37831115722656,-8.683796882629395,5.086277484893799,51663209.0,50354.0,0.0783296828731,-0.00641434429000006,0.07436438914570527,0.0039004748495266787,-0.0003088466338100021,0.0036728730104880034,51.66320937103592
1631,E,1551313277899458.0,1.5602112,9.640533,1.4767555136732982,163,1970-01-18 22:55:13.277899458,-0.013153076,-0.0033111572,0.0013122559,9.833611870134476,0.013626781931621737,97.36351776123047,-8.694985389709473,5.0882439613342285,51713563.0,50354.0,0.0777787824184,-0.00754612597100005,0.07452266687390526,0.003930342830644096,-0.0003514827597611998,0.0037485294094057346,51.71356337494217
1631,E,1551313328253462.0,1.5780334,9.630539,1.5016120136732982,163,1970-01-18 22:55:13.328253462,-0.01109314,-0.009429932,0.00050354004,9.823779040536156,0.014568284907843723,97.34577178955078,-8.708683013916016,5.090378284454346,51763917.0,50354.0,0.07901158429420001,-0.008281420256000031,0.07498635923600526,0.00394751106272313,-0.00039849013135718114,0.003764188750369217,51.76391737908125
1631,E,1551313378607466.0,1.5594482,9.650452,1.491114013673298,163,1970-01-18 22:55:13.378607466,-0.005844116,-0.011444092,0.0031280518,9.841546118138416,0.01322518966175545,97.32994079589844,-8.718992233276367,5.092151641845703,51814271.0,50354.0,0.0789923742432,-0.00803168959300003,0.07534786319050527,0.00397806566409612,-0.00041071516666827464,0.0037849647180322552,51.8142713829875
1631,E,1551313428961470.0,1.546875,9.714371,1.489389713673298,163,1970-01-18 22:55:13.428961470,-0.0011138916,-0.011291504,-0.0034484863,9.902458177932488,0.011858788928042116,97.31387329101562,-8.725462913513184,5.094046115875244,51864625.0,50354.0,0.0782078992064,-0.0059210513290000495,0.07504014234340525,0.00395783128464058,-0.00035128815819319607,0.0037863188153272652,51.86462538689375
1631,E,1551313479315473.0,1.5499878,9.678848,1.4294075136732982,163,1970-01-18 22:55:13.479315473,0.01927185,-0.02003479,-0.014251709,9.875202537919883,0.03123952980099542,97.30864715576172,-8.732253074645996,5.0940937995910645,51914979.0,50354.0,0.0779697147156,-0.0052061252370000305,0.07348655779290526,0.0039320837857141945,-0.000280148924402184,0.0037394567293318904,51.91497938986868
1631,E,1551313529669477.0,1.5699768,9.63179,1.4379829136732982,163,1970-01-18 22:55:13.529669477,0.036071777,-0.038024902,-0.013793945,9.831214762223379,0.05419722489860858,97.30412292480469,-8.74275016784668,5.093276500701904,51965333.0,50354.0,0.07855134873420001,-0.007285267074000014,0.07219228878930527,0.003940730814475615,-0.00031449578421404817,0.0036677563204003147,51.96533339400776
1631,E,1551313580023481.0,1.5699615,9.651535,1.3970893136732982,163,1970-01-18 22:55:13.580023481,0.04081726,-0.033493042,-0.011260986,9.855582194341368,0.05398742799961451,97.3055419921875,-8.75256061553955,5.091801643371582,52015687.0,50354.0,0.0790542265791,-0.007972926475000001,0.07137861346790526,0.003968035569662954,-0.0003841555389831734,0.0036146846061297895,52.01568739791401
1631,E,1551313630377485.0,1.5353394,9.641632,1.3266243136732982,163,1970-01-18 22:55:13.630377485,0.03904724,-0.010574341,-0.011459351,9.84948686827617,0.04204545593215849,97.3171157836914,-8.757311820983887,5.089890003204346,52066041.0,50354.0,0.0781821607593,-0.007725134441000026,0.06857493799570527,0.003958740524018897,-0.0003952300796821327,0.003523610565199323,52.06604140205309
1631,E,1551313680731489.0,1.4837189,9.6302185,1.3173164136732982,163,1970-01-18 22:55:13.680731489,0.03817749,-0.0059051514,-0.010269165,9.831627698919887,0.0399730822623706,97.32994079589844,-8.754836082458496,5.088006973266602,52116395.0,50354.0,0.07601083081910001,-0.008261819961500053,0.06656649569240526,0.0038821169489693767,-0.00040250355099174454,0.0034024558759655596,52.11639540595934
1631,E,1551313731085493.0,1.4847717,9.632797,1.3264869136732982,163,1970-01-18 22:55:13.731085493,0.044692993,-0.005569458,-0.01399231,9.833094101220638,0.047162137619576924,97.3413314819336,-8.75235652923584,5.086424827575684,52166749.0,50354.0,0.07473768783620001,-0.00848425875650004,0.06656303637260526,0.003795395454184489,-0.0004216160238830884,0.00335180222880077,52.16674940986559
1631,E,1551313781439497.0,1.4978943,9.627991,1.3475288136732981,163,1970-01-18 22:55:13.781439497,0.043670654,0.00038146973,-0.01777649,9.827612884263782,0.04715161860066654,97.34938049316406,-8.751846313476562,5.08566427230835,52217103.0,50354.0,0.07509458188200001,-0.008540340524000042,0.06732369396740526,0.003772327054695122,-0.0004286283360851506,0.003370866209770445,52.21710341400467
1631,E,1551313831793501.0,1.480133,9.650558,1.3402961136732983,163,1970-01-18 22:55:13.831793501,0.034591675,-0.001739502,-0.017791748,9.847980395963772,0.038937849753281614,97.3573989868164,-8.748263359069824,5.084733009338379,52267457.0,50354.0,0.0749777933321,-0.008093171827000038,0.06767136819580526,0.003778372190765396,-0.000418781940461129,0.003398770680083151,52.26745741791092
1631,E,1551313882147505.0,1.4491577,9.662567,1.3534034136732982,163,1970-01-18 22:55:13.882147505,0.028182983,0.0072631836,-0.016723633,9.853442235190014,0.03356656472599314,97.36271667480469,-8.740208625793457,5.0846052169799805,52317811.0,50354.0,0.0737507519539,-0.007222651875000051,0.06781927300000526,0.003744538584665622,-0.0003856064933452563,0.003411247873386921,52.31781142205
1631,E,1551313932501509.0,1.4311371,9.665039,1.3533882136732982,163,1970-01-18 22:55:13.932501509,0.026016235,0.012588501,-0.014022827,9.853234790531364,0.03212404890536302,97.36768341064453,-8.729874610900879,5.084752559661865,52368165.0,50354.0,0.0725171821796,-0.006858063738000051,0.06814889280170526,0.00368258777767913,-0.0003545101769885036,0.0034232705103896654,52.36816542595625
1631,E,1551313982855513.0,1.4145508,9.657135,1.2777046136732981,163,1970-01-18 22:55:13.982855513,0.025543213,0.0013580322,-0.011917114,9.853172289853784,0.028219099700532647,97.38378143310547,-8.717409133911133,5.08264684677124,52418519.0,50354.0,0.0716458842583,-0.006994825202000026,0.06624302411410526,0.0036295935237070087,-0.00034877418484238195,0.0033835852921893623,52.4185194298625
1631,E,1551314033209516.0,1.4010773,9.668625,1.2243446136732983,163,1970-01-18 22:55:14.033209516,0.023208618,-0.004501343,-0.014663696,9.869959027771548,0.027819525852429423,97.40692901611328,-8.702765464782715,5.079190731048584,52468873.0,50354.0,0.07088906867370001,-0.006904540480000018,0.06299409339690526,0.003588602509968965,-0.0003499443297757151,0.003253802907574712,52.46887343307026
1631,E,1551314083563520.0,1.4248352,9.655289,1.237894413673298,163,1970-01-18 22:55:14.083563520,0.013977051,-0.012771606,-0.013885498,9.858380463259396,0.023479329828251932,97.42739868164062,-8.6921968460083,5.075663089752197,52519227.0,50354.0,0.0711479990125,-0.00695101722200003,0.061991791991505264,0.0035760672531354575,-0.0003488413762632552,0.003146769636424012,52.51922743697651
1631,E,1551314133917524.0,1.4550934,9.627594,1.2598060136732983,163,1970-01-18 22:55:14.133917524,0.006072998,-0.009109497,-0.0084991455,9.832615143562615,0.013860004131715951,97.4443130493164,-8.687182426452637,5.072760581970215,52569581.0,50354.0,0.0725079623622,-0.007984054709000037,0.06288460365930526,0.003616826139530822,-0.00037602030600678867,0.0031440130133004564,52.56958144088276
1631,E,1551314184271528.0,1.4431763,9.661316,1.3404640136732981,163,1970-01-18 22:55:14.184271528,-0.012420654,-0.012496948,0.001083374,9.853020182183013,0.01765276336232648,97.44749450683594,-8.68053913116455,5.071568965911865,52619935.0,50354.0,0.0729697362369,-0.007832312930000047,0.06546699847850526,0.003662692017629541,-0.0003982086880471051,0.003231508287023656,52.61993544502184
1631,E,1551314234625532.0,1.4391022,9.616425,1.287104013673298,163,1970-01-18 22:55:14.234625532,-0.023406982,-0.006866455,0.007385254,9.815556004853821,0.025486800255423686,97.45867919921875,-8.6746244430542,5.0693206787109375,52670289.0,50354.0,0.0725671257945,-0.008113514843000064,0.06615428022450526,0.0036641815753645584,-0.00040146810584082383,0.003313828933905696,52.67028944892809
1631,E,1551314284979536.0,1.3713989,9.564407,1.1834968136732982,163,1970-01-18 22:55:14.284979536,0.0010681152,0.0035247803,0.001159668,9.769633383275025,0.0038613179244868104,97.48700714111328,-8.659615516662598,5.065223217010498,52720643.0,50354.0,0.0707599861947,-0.010553392736000068,0.06220231703010526,0.003608546698552089,-0.00046997673211648635,0.0032316340490793293,52.72064345306717
1631,E,1551314335333540.0,1.3671417,9.622284,1.236124413673298,163,1970-01-18 22:55:14.335333540,0.013702393,-0.0042266846,-0.00390625,9.818108519427325,0.014862006112797364,97.50638580322266,-8.643031120300293,5.062232971191406,52770997.0,50354.0,0.0689482366862,-0.010405880693000044,0.06091880364090525,0.00351743392747242,-0.0005276916271219359,0.0030998204551340317,52.77099745697342
1631,E,1551314385687544.0,1.3899994,9.669815,1.2530921136732982,163,1970-01-18 22:55:14.385687544,-0.0016784668,-0.012832642,-0.0014343262,9.865510497415526,0.013021184398773896,97.52108764648438,-8.629301071166992,5.059391021728516,52821351.0,50354.0,0.06941654147470001,-0.007752023477000028,0.06267100450900526,0.0034836100197569797,-0.00045716155328809187,0.003111620599790297,52.82135146087967
1631,E,1551314436041548.0,1.4261627,9.645813,1.2290443136732982,163,1970-01-18 22:55:14.436041548,-0.0077819824,-0.009490967,0.002243042,9.850545139152079,0.012476736034827489,97.53909301757812,-8.621748924255371,5.056153774261475,52871705.0,50354.0,0.07090251319169999,-0.00715963384400003,0.06249274883130526,0.003532812839335953,-0.00037543079637081847,0.003151247817848998,52.87170546501875
1631,E,1551314486395552.0,1.445755,9.653351,1.3193916136732982,163,1970-01-18 22:55:14.486395552,-0.0015716553,0.007797241,-0.0033721924,9.848366860055958,0.008639372036017251,97.54349517822266,-8.6171293258667,5.055884838104248,52922059.0,50354.0,0.0723062719329,-0.007574147972000009,0.06416197134280525,0.0036055675830820545,-0.00037095242478143303,0.0031887858898235802,52.922059468925
1631,E,1551314536749555.0,1.451767,9.653671,1.2923988136732982,163,1970-01-18 22:55:14.536749555,0.0008239746,0.00091552734,-0.006881714,9.853187935769721,0.00699107373938572,97.55189514160156,-8.613190650939941,5.054723262786865,52972413.0,50354.0,0.072950911394,-0.007376307106000039,0.06575704758930526,0.003657140104621362,-0.00037640760749880727,0.003270971139653746,52.97241347189993
1631,E,1551314587103559.0,1.4868469,9.652405,1.3039039136732982,163,1970-01-18 22:55:14.587103559,-0.0021972656,-0.0013122559,-0.0053863525,9.855625448278392,0.005963454109682108,97.55828857421875,-8.614510536193848,5.053720474243164,53022767.0,50354.0,0.0739854821603,-0.007400124548000058,0.06536711376640526,0.0036994175805166113,-0.00037202621975276044,0.0033013130104527244,53.02276747603901
1631,E,1551314637457563.0,1.540863,9.6604,1.3882850136732983,163,1970-01-18 22:55:14.637457563,-0.03614807,-0.01234436,0.004257202,9.86077764332158,0.03843422898151209,97.55047607421875,-8.624030113220215,5.053988933563232,53073121.0,50354.0,0.0762286521523,-0.007230708515000059,0.06778124062380526,0.0037819412595883305,-0.00036836048402715395,0.0033522761184823307,53.07312147994526
1631,E,1551314687811567.0,1.6114655,9.600815,1.3766273136732983,163,1970-01-18 22:55:14.687811567,-0.14849854,-0.017150879,0.038497925,9.815236275520636,0.15436340000761148,97.5401382446289,-8.646463394165039,5.0533366203308105,53123475.0,50354.0,0.0793661746445,-0.008529589945000037,0.06961219766560527,0.003917410954263034,-0.0003967970343274224,0.003459154595812489,53.12347548385151
1631,E,1551314738165571.0,1.4514618,9.711304,1.4762825136732982,163,1970-01-18 22:55:14.738165571,-0.0974884,0.06359863,0.009796143,9.886508135425606,0.11681069424549,97.51538848876953,-8.642278671264648,5.059374809265137,53173829.0,50354.0,0.07711532063210001,-0.007247979937000013,0.07182771072310526,0.003939734606578959,-0.0003972318769191153,0.003561032573502565,53.17382948799059
1631,E,1551314788519575.0,1.5018768,9.544586,1.3461860136732982,163,1970-01-18 22:55:14.788519575,-0.016021729,0.051620483,0.015563965,9.746705799221578,0.05624595160386173,97.51759338378906,-8.648934364318848,5.0613555908203125,53224183.0,50354.0,0.0743562059322,-0.008663657470000015,0.07106129011300526,0.0038135986243093816,-0.0004006072949960397,0.003597516374050754,53.22418349189684
1631,E,1551314838873579.0,1.2635498,9.74173,1.403559113673298,163,1970-01-18 22:55:14.838873579,0.019180298,0.034698486,0.0093688965,9.899372045786803,0.04073874057563282,97.50944519042969,-8.616739273071289,5.064360618591309,53274537.0,50354.0,0.06962514550820001,-0.007897622068000008,0.06923033307120526,0.003625018485214952,-0.00041696333492822666,0.003532122196908868,53.27453749603592
1631,E,1551314889227583.0,1.3923187,9.698776,1.4025062136732982,163,1970-01-18 22:55:14.889227583,0.00630188,0.016433716,-0.010940552,9.874567970020356,0.020723812177487037,97.50194549560547,-8.603531837463379,5.066406726837158,53324891.0,50354.0,0.0668668012245,-0.004015580438000012,0.07064830674660526,0.0034364577428891885,-0.00029993869949356255,0.0035217245146930156,53.32489149994217
1631,E,1551314939581587.0,1.4373779,9.631439,1.3433174136732982,163,1970-01-18 22:55:14.939581587,0.0024261475,-0.014846802,-0.0015869141,9.82250242285565,0.015127194640108888,97.50460052490234,-8.598633766174316,5.065311908721924,53375245.0,50354.0,0.0712432712982,-0.006792376945000016,0.06913160146570527,0.0034771972959040187,-0.0002721119430317917,0.003519238749061342,53.37524550408125
1631,E,1551314989935591.0,1.3311768,9.678833,1.3868660136732982,163,1970-01-18 22:55:14.989935591,0.0018157959,-0.033996582,0.0035705566,9.84848767817072,0.03423176269003663,97.50003814697266,-8.577831268310547,5.0643181800842285,53425599.0,50354.0,0.06970390168190001,-0.007294481856000051,0.06873782815030527,0.0035486269741199783,-0.00035466484403277865,0.0034711386294422977,53.4255995079875
1631,E,1551315040289595.0,1.3643951,9.657669,1.398096413673298,163,1970-01-18 22:55:15.040289595,-0.003616333,-0.059280396,-0.00340271,9.830832074045732,0.059487995844773635,97.49423217773438,-8.562272071838379,5.06226921081543,53475953.0,50354.0,0.0678664137263,-0.006634089146000051,0.07011699903330526,0.003463607831032252,-0.00035067963211735657,0.0034959479840017626,53.47595351189375
1631,E,1551315090643598.0,1.5134888,9.657394,1.394861613673298,163,1970-01-18 22:55:15.090643598,-0.0072021484,-0.06021118,-0.0030212402,9.852765633126054,0.06071560780321744,97.48890686035156,-8.568580627441406,5.0600762367248535,53526307.0,50354.0,0.07245648295030001,-0.007173858849000028,0.07031830425450526,0.0035329095696267593,-0.000347642706670117,0.0035357396308772055,53.52630751486868
1631,E,1551315140997602.0,1.5325623,9.667053,1.4417671136732981,163,1970-01-18 22:55:15.140997602,-0.0051116943,-0.040878296,-0.00024414063,9.859424184857138,0.04119737985755266,97.47667694091797,-8.577654838562012,5.0598602294921875,53576661.0,50354.0,0.0766904285447,-0.006937597881000054,0.07141780146840526,0.0037550717907096154,-0.0003552841460912121,0.0035684899337857182,53.57666151900776
1631,E,1551315191351606.0,1.5056458,9.673599,1.4331001136732981,163,1970-01-18 22:55:15.191351606,-1.5258789e-05,-0.019714355,0.0042266846,9.862743619239405,0.020162363170138163,97.46598815917969,-8.582828521728516,5.060462474822998,53627015.0,50354.0,0.0764929653337,-0.006529604596000071,0.07238053218290526,0.0038566983076764767,-0.00033906375676343215,0.003620410646339045,53.62701552291401
1631,E,1551315241705610.0,1.5089874,9.706833,1.4224342136732981,163,1970-01-18 22:55:15.241705610,-0.0032043457,-0.007797241,0.006500244,9.897145129783539,0.01064509138695979,97.45628356933594,-8.587783813476562,5.061465740203857,53677369.0,50354.0,0.0758994200764,-0.005528063536000062,0.07189378775960527,0.003836783087470088,-0.0003035759105593674,0.003632394553192588,53.67736952705309
1631,E,1551315292059614.0,1.4789124,9.578232,1.3575996136732982,163,1970-01-18 22:55:15.292059614,-0.0017852783,0.0015869141,-0.001083374,9.774665932289992,0.0026228256124084387,97.45866394042969,-8.590601921081543,5.061178207397461,53727723.0,50354.0,0.0752263532646,-0.00792911849500005,0.06999291167110526,0.003804893595406358,-0.00033881147199448983,0.0035722814315669992,53.72772353095934
1631,E,1551315342413618.0,1.4269562,9.656784,1.3204444136732982,163,1970-01-18 22:55:15.342413618,0.01260376,0.00491333,0.0023498535,9.848850861706605,0.013730163484021675,97.46560668945312,-8.584254264831543,5.060462474822998,53778077.0,50354.0,0.0731610537422,-0.00918920216800004,0.06742511447650526,0.003735949746210204,-0.00043098795933235333,0.00345977364431839,53.77807753486559
1631,E,1551315392767622.0,1.2985687,9.676178,1.3328193136732982,163,1970-01-18 22:55:15.392767622,-0.0005493164,-0.025405884,0.011703491,9.848485684870088,0.027977354984269797,97.46977233886719,-8.559484481811523,5.0585174560546875,53828431.0,50354.0,0.0686205404073,-0.006723215726000031,0.06680122086340526,0.003569635195901962,-0.0004006269453172398,0.003379416444852927,53.82843153900467
1631,E,1551315443121626.0,1.3140259,9.70668,1.307337113673298,163,1970-01-18 22:55:15.443121626,-0.0118255615,-0.057861328,0.0071258545,9.883872542126511,0.05948575447171395,97.47662353515625,-8.536476135253906,5.054529666900635,53878785.0,50354.0,0.06577729424420001,-0.005466984134000021,0.06647121837130526,0.003383734283020816,-0.00030691266187522136,0.003355400202612307,53.87878554291092
1631,E,1551315493475630.0,1.4373016,9.66008,1.3731025136732982,163,1970-01-18 22:55:15.493475630,-0.020690918,-0.081329346,0.004638672,9.846736023391509,0.08404816408699255,97.4743423461914,-8.532597541809082,5.05069637298584,53929139.0,50354.0,0.06927017246750002,-0.005872283480000009,0.06748542849770525,0.003400090069400472,-0.0002854887407176788,0.0033726264982210778,53.92913954705
1631,E,1551315543829634.0,1.5402985,9.621841,1.4076637136732981,163,1970-01-18 22:55:15.543829634,-0.014190674,-0.07128906,0.007888794,9.820489436315444,0.07311455651942582,97.46805572509766,-8.544808387756348,5.047980308532715,53979493.0,50354.0,0.07496703771770001,-0.008008274983000023,0.07001135130590526,0.0036314602408327812,-0.0003494708204229518,0.0034617564251155026,53.97949355095625
1631,E,1551315594183638.0,1.6114197,9.630661,1.4214729136732982,163,1970-01-18 22:55:15.594183638,-0.008071899,-0.024642944,0.005645752,9.838823898276955,0.026538740702958027,97.45970916748047,-8.566971778869629,5.047917366027832,54029847.0,50354.0,0.0793508091214,-0.008748957146000042,0.07122917286670526,0.0038852604298680207,-0.00042189683331183463,0.0035560126770938154,54.0298475548625
1631,E,1551315644537641.0,1.5783386,9.644379,1.4322303136732981,163,1970-01-18 22:55:15.644537641,0.0012359619,0.021331787,0.010467529,9.84558294703074,0.0237937366085586,97.44986724853516,-8.584080696105957,5.05037260055542,54080201.0,50354.0,0.0803085447191,-0.00818151792000002,0.07184768615490525,0.004019743551642269,-0.00042625857073668355,0.0036022460795870877,54.08020155807026
1631,E,1551315694891645.0,1.4373169,9.660324,1.301371013673298,163,1970-01-18 22:55:15.694891645,0.0129852295,0.050430298,0.007858276,9.856377204474414,0.0526648235849001,97.45941162109375,-8.579826354980469,5.0514655113220215,54130555.0,50354.0,0.0759251585235,-0.007434692569000038,0.06882388061860525,0.0039334959465389405,-0.00039316933148155446,0.003541688036656674,54.13055556197651
1631,E,1551315745245649.0,1.345459,9.665619,1.2561744136732982,163,1970-01-18 22:55:15.745245649,0.005004883,0.039855957,0.0024719238,9.854788688405677,0.04024495706920986,97.47489166259766,-8.56190013885498,5.051135063171387,54180909.0,50354.0,0.0700619488343,-0.006899933089000067,0.06439132122430527,0.0036755174019473314,-0.0003609028701914687,0.0033539591367989586,54.18090956588276
1631,E,1551315795599653.0,1.3484802,9.7061615,1.2725166136732982,163,1970-01-18 22:55:15.795599653,0.0059661865,0.022460938,-0.003692627,9.892714652707653,0.02353135379347638,97.4869384765625,-8.543684959411621,5.050512313842773,54231263.0,50354.0,0.06782530723840001,-0.00574588235150004,0.06366485399550526,0.0034715874461423686,-0.0003183836953454712,0.00322407032350917,54.23126357002184
1631,E,1551315845953657.0,1.4199066,9.708374,1.3712867136732982,163,1970-01-18 22:55:15.845953657,0.0068206787,0.008743286,-0.0041046143,9.891837571715811,0.01182432097662247,97.48445129394531,-8.536269187927246,5.05138635635376,54281617.0,50354.0,0.06969967446360001,-0.004669439716500049,0.06656303637260526,0.0034624664643112544,-0.0002622265637060383,0.003278747595797918,54.28161757392809
1631,E,1551315896307661.0,1.4612427,9.685211,1.4597724136732981,163,1970-01-18 22:55:15.896307661,-0.0010070801,-0.0006866455,-0.00390625,9.864265168211569,0.004092002130129732,97.4692611694336,-8.53564739227295,5.053625106811523,54331971.0,50354.0,0.0725386959261,-0.00519691045500004,0.07127757564920525,0.003581135451301477,-0.0002484050982678577,0.003470413088873124,54.33197157806717
1631,E,1551315946661665.0,1.6157379,9.639252,1.4728492136732982,163,1970-01-18 22:55:15.946661665,0.0007171631,0.017913818,0.002243042,9.841777577647784,0.01806793944153261,97.45335388183594,-8.558723449707031,5.05686092376709,54382325.0,50354.0,0.0774691405662,-0.006937195048999999,0.07383461471170526,0.003776747299366637,-0.000305500374274209,0.0036534896167166437,54.38232558197342
1631,E,1551315997015669.0,1.5352631,9.640244,1.4091896136732982,163,1970-01-18 22:55:15.997015669,0.003250122,0.034698486,0.005355835,9.837544601250476,0.03525951208190926,97.44709777832031,-8.569707870483398,5.059483051300049,54432679.0,50354.0,0.079332752177,-0.008069329208000037,0.07256109155610525,0.003947801253595546,-0.0003778192612184899,0.0036858046967046653,54.43267958587967
1631,E,1551316047369673.0,1.4783173,9.660202,1.2985633136732981,163,1970-01-18 22:55:16.047369673,-0.000869751,0.029190063,0.008392334,9.862698166748258,0.03038498831188727,97.45658874511719,-8.571588516235352,5.059438705444336,54483033.0,50354.0,0.07587291373080002,-0.007541871058000059,0.06817309545180525,0.003907613050560681,-0.00039304318909708444,0.0035432646262981635,54.48303359001875
1631,E,1551316097723677.0,1.459671,9.641556,1.3560890136732981,163,1970-01-18 22:55:16.097723677,-0.005340576,0.0041503906,0.0034942627,9.834046291082073,0.007612973529505776,97.4577865600586,-8.570897102355957,5.059401988983154,54533387.0,50354.0,0.0739697314291,-0.007508838834000048,0.06683618164560526,0.003772588277190803,-0.00037893172295088676,0.0033991285694815044,54.533387593925
1631,E,1551316148077680.0,1.526535,9.623291,1.3822578136732981,163,1970-01-18 22:55:16.148077680,0.0012817383,-0.0019683838,-0.00022888184,9.822951192243439,0.0023600370231144927,97.45584106445312,-8.580108642578125,5.059605598449707,54583741.0,50354.0,0.07518370846200001,-0.008438147081000045,0.06894335807210526,0.0037552361561382255,-0.00040149726438195736,0.0034185214714727978,54.58374159689993
1631,E,1551316198431684.0,1.5467529,9.683456,1.4010566136732983,163,1970-01-18 22:55:16.198431684,0.0025482178,-0.0004119873,0.0011749268,9.882692222119882,0.0028361241998467505,97.45014190673828,-8.590774536132812,5.06044864654541,54634095.0,50354.0,0.0773761694583,-0.007383230781000045,0.07007550733730526,0.0038410000463993937,-0.0003983348304315763,0.003500077974412729,54.63409560103901
1631,E,1551316248785688.0,1.4571381,9.666916,1.3865150136732982,163,1970-01-18 22:55:16.248785688,-0.0069274902,0.0017547607,0.0061798096,9.854656643135128,0.009447716775899492,97.44651794433594,-8.588900566101074,5.060983657836914,54684449.0,50354.0,0.07562896370700001,-0.006284884156000033,0.07018269086170527,0.0038522102377027585,-0.000344122129768851,0.003531280656056488,54.68444960494526
1631,E,1551316299139692.0,1.4710388,9.646713,1.3249305136732983,163,1970-01-18 22:55:16.299139692,-0.008132935,0.0038909912,0.0029754639,9.84487154607843,0.009494094461975069,97.4522705078125,-8.589188575744629,5.060235500335693,54734803.0,50354.0,0.07372270981130001,-0.007209962667000021,0.06826606404200526,0.0037602270841702403,-0.0003397597584626724,0.0034857243022107204,54.73480360885151
1631,E,1551316349493696.0,1.454834,9.655365,1.3798927136732981,163,1970-01-18 22:55:16.349493696,0.0005187988,-0.0006866455,0.0025024414,9.843822716377108,0.002646289326204837,97.45016479492188,-8.587053298950195,5.06050443649292,54785157.0,50354.0,0.0736646994856,-0.00750078219400004,0.06809933439490526,0.003710772803868052,-0.00037037242336539856,0.0034332716364460967,54.78515761299059
1631,E,1551316399847700.0,1.454834,9.654419,1.369699813673298,163,1970-01-18 22:55:16.399847700,-0.0033111572,-0.0002593994,0.0005950928,9.844192700352641,0.003374194050798507,97.44941711425781,-8.584871292114258,5.060575008392334,54835511.0,50354.0,0.073256711236,-0.007306768232000023,0.06922649106100526,0.0036990403577377234,-0.0003728096970754036,0.003457452307503459,54.83551161689684
1631,E,1551316450201704.0,1.502243,9.664886,1.3634132136732982,163,1970-01-18 22:55:16.450201704,0.0019073486,-0.0039978027,0.0023040771,9.862372931587775,0.004992912616178422,97.44969177246094,-8.589372634887695,5.060336589813232,54885865.0,50354.0,0.074450327629,-0.007067058015000038,0.06881158668950527,0.0037188201175041053,-0.0003618898234207206,0.003475384683524604,54.88586562103592
1631,E,1551316500555708.0,1.4642029,9.685532,1.4061836136732981,163,1970-01-18 22:55:16.500555708,-0.0032806396,-0.0034484863,-0.001373291,9.871509737613211,0.004953845185011018,97.44307708740234,-8.587798118591309,5.061139106750488,54936219.0,50354.0,0.0746862084243,-0.00628372601400005,0.06973013932210527,0.0037548105682139346,-0.00033613268949813524,0.0034880650357943183,54.93621962494217
1631,E,1551316550909712.0,1.5240021,9.621124,1.512308513673298,163,1970-01-18 22:55:16.550909712,-0.00088500977,-0.01625061,-0.0057373047,9.80478387758524,0.017256367893787428,97.42249298095703,-8.596285820007324,5.063449382781982,54986573.0,50354.0,0.075234037285,-0.007385521888000029,0.07347887629020525,0.003774542026223047,-0.000344150654428656,0.0036055733860711424,54.98657362908125
1631,E,1551316601263716.0,1.5508423,9.62706,1.4431861136732982,163,1970-01-18 22:55:16.601263716,0.004257202,-0.012313843,-0.0011138916,9.822912775499692,0.013076515315404314,97.41267395019531,-8.608345031738281,5.064352035522461,55036927.0,50354.0,0.0774153574588,-0.008857671432000032,0.07441048823270525,0.0038432538114646533,-0.00040895487821764157,0.0037234105305933183,55.0369276329875
1631,E,1551316651617720.0,1.5187988,9.677673,1.4570564136732982,163,1970-01-18 22:55:16.651617720,-0.0054626465,-0.008850098,0.0063934326,9.865882811113039,0.012208223531878379,97.399658203125,-8.614794731140137,5.065784931182861,55087281.0,50354.0,0.0772843539747,-0.007433937259000022,0.07301940611100526,0.0038948746347612297,-0.0004101738320133084,0.0037118424498915996,55.08728163689375
1631,E,1551316701971723.0,1.5101318,9.582245,1.3737281136732982,163,1970-01-18 22:55:16.701971723,-0.011123657,-0.009719849,0.001663208,9.781287039330133,0.014865310978506774,97.40064239501953,-8.621479034423828,5.065066337585449,55137635.0,50354.0,0.0762593857162,-0.008562244514000018,0.07127066204500526,0.00386577073419779,-0.00040273586849882205,0.0036327910459638775,55.13763563986868
1631,E,1551316752325727.0,1.4707794,9.621643,1.3516944136732982,163,1970-01-18 22:55:16.752325727,-0.0010375977,-0.0046081543,0.0014343262,9.816752568743283,0.004936495385155366,97.404541015625,-8.621402740478516,5.064239978790283,55187989.0,50354.0,0.07505040128240001,-0.009972911824000012,0.06861796297100527,0.003809526507263753,-0.00046665963112182675,0.003521975912028097,55.18798964400776
1631,E,1551316802679731.0,1.4346008,9.685806,1.3788398136732982,163,1970-01-18 22:55:16.802679731,-0.0068969727,-0.00440979,-0.0027160645,9.870854953116465,0.008625049949815104,97.4028549194336,-8.6146240234375,5.064241409301758,55238343.0,50354.0,0.07314875729539999,-0.007365556527000034,0.06874666024190526,0.003731210215513271,-0.00043653061767312816,0.0034584291186314487,55.23834364791401
1631,E,1551316853033735.0,1.4780579,9.615051,1.316507713673298,163,1970-01-18 22:55:16.853033735,0.0023651123,-0.00440979,-0.0028381348,9.81602540834779,0.005752826538205575,97.41215515136719,-8.6156005859375,5.062670707702637,55288697.0,50354.0,0.0733320080899,-0.007531523311000066,0.06786076469600527,0.0036879462301056976,-0.00037506377908132855,0.0034393651376617737,55.28869765205309
1631,E,1551316903387739.0,1.3724823,9.666901,1.4032234136732982,163,1970-01-18 22:55:16.903387739,0.0035858154,0.008041382,-0.011138916,9.840386696882922,0.014198498026476504,97.407470703125,-8.600146293640137,5.063858985900879,55339051.0,50354.0,0.07176805061540001,-0.00800749449600007,0.06847467059320526,0.0036531841780233386,-0.00039122585132684245,0.003432517254276454,55.33905165595934
1631,E,1551316953741743.0,1.4789429,9.670776,1.3545021136732982,163,1970-01-18 22:55:16.953741743,-0.004760742,0.012588501,-0.0050964355,9.865771402268297,0.01439127084809487,97.40953063964844,-8.600508689880371,5.06416654586792,55389405.0,50354.0,0.0717903322604,-0.006604506171000053,0.06943125560200526,0.0036143694056640177,-0.0003678863407930621,0.0034720575038168157,55.38940565986559
1631,E,1551317004095747.0,1.4436798,9.616791,1.3910011136732983,163,1970-01-18 22:55:17.004095747,0.004547119,0.012680054,-0.00074768066,9.802933300209268,0.013491444956431281,97.40768432617188,-8.597260475158691,5.065102577209473,55439759.0,50354.0,0.0735828717179,-0.007866125641000055,0.06912353475490526,0.0036600611565616595,-0.0003643270971307267,0.003488393956815937,55.43975966400467
1631,E,1551317054449751.0,1.4431915,9.682159,1.417459813673298,163,1970-01-18 22:55:17.054449751,0.00044250488,0.00843811,0.0024871826,9.86371415689772,0.00880815464366212,97.40064239501953,-8.592842102050781,5.066555500030518,55490113.0,50354.0,0.07268275872010001,-0.007579535850000046,0.07070862076780525,0.0036825297775375265,-0.0003888754193589096,0.0035205541795952826,55.49011366791092
1631,E,1551317104803755.0,1.4741516,9.597214,1.3817848136732982,163,1970-01-18 22:55:17.104803755,-0.008117676,0.0063171387,0.00036621094,9.789440725572618,0.01029257088625526,97.4001693725586,-8.59460163116455,5.0668745040893555,55540467.0,50354.0,0.0734499472287,-0.008072425979000045,0.07047658198270526,0.003679183137672938,-0.0003940694429687353,0.003554619849649603,55.54046767205
1631,E,1551317155157759.0,1.4832153,9.651169,1.3238777136732982,163,1970-01-18 22:55:17.155157759,0.00035095215,0.02330017,-0.0008392334,9.851203217594849,0.023317920193279783,97.40742492675781,-8.596336364746094,5.066940784454346,55590821.0,50354.0,0.0744576264413,-0.008852661209000069,0.06812046545100527,0.0037238689822895908,-0.0004261229201322789,0.0034894578632385306,55.59082167595625
1631,E,1551317205511763.0,1.467514,9.630112,1.3779243136732982,163,1970-01-18 22:55:17.205511763,-0.0012207031,0.021896362,-0.0059509277,9.82119152852791,0.022723431197423087,97.4069595336914,-8.596113204956055,5.068115711212158,55641175.0,50354.0,0.0742905115861,-0.008024388263000039,0.06802326964250525,0.0037450318711158503,-0.00042491347455654674,0.0034276908184493146,55.6411756798625
1631,E,1551317255865766.0,1.4763031,9.683319,1.399210313673298,163,1970-01-18 22:55:17.255865766,0.0115356445,0.03805542,-0.0036621094,9.872006549670546,0.03993365911939887,97.40288543701172,-8.59628677368164,5.070697784423828,55691529.0,50354.0,0.07411648312670001,-0.007214947713000047,0.06991991851270525,0.003736442905884166,-0.00038368076186775417,0.003472995648183735,55.69152968307026
1631,E,1551317306219770.0,1.372467,9.642868,1.4608863136732981,163,1970-01-18 22:55:17.306219770,-0.001663208,0.00932312,0.001083374,9.809747812842069,0.009532078818890453,97.39019012451172,-8.582565307617188,5.073029518127441,55741883.0,50354.0,0.07172348480770001,-0.006893789901000058,0.07200865278670526,0.0036718128726843896,-0.00035521568690768067,0.0035733356396052585,55.74188368697651
1631,E,1551317356573774.0,1.4629364,9.595871,1.4058784136732982,163,1970-01-18 22:55:17.356573774,0.0008544922,0.0048675537,-0.0090789795,9.783401934168609,0.010336880801463505,97.38693237304688,-8.582579612731934,5.073822021484375,55792237.0,50354.0,0.07138695140180001,-0.00909546819700002,0.07217653554040526,0.0036030914524465825,-0.000402561551133348,0.003630150486511662,55.79223769088276
1631,E,1551317406927778.0,1.5156403,9.664032,1.4472907136732982,163,1970-01-18 22:55:17.406927778,0.008666992,-0.0009918213,-0.00592041,9.853181633028852,0.010542851340472259,97.37684631347656,-8.588932991027832,5.075377464294434,55842591.0,50354.0,0.0749916255759,-0.008562622169000002,0.07183423911920526,0.0036853734325675534,-0.0004445777411447826,0.0036257592736050146,55.84259169502184
1631,E,1551317457281782.0,1.4479523,9.709625,1.3801673136732981,163,1970-01-18 22:55:17.457281782,0.0029144287,0.0010681152,-0.0036315918,9.896005680999242,0.004777365773068038,97.37568664550781,-8.584375381469727,5.075652122497559,55892945.0,50354.0,0.07461437089020001,-0.005698637711,0.07118691075450526,0.0037666301730270003,-0.0003590557399987601,0.0036008434903704095,55.89294569892809
1631,E,1551317507635786.0,1.4479523,9.662567,1.386576013673298,163,1970-01-18 22:55:17.507635786,-0.0053710938,-0.022445679,-0.0009765625,9.849028204511526,0.023100017937132553,97.37422180175781,-8.580921173095703,5.07473087310791,55943299.0,50354.0,0.07291019011420001,-0.0057355220160000345,0.06965829675260525,0.00371422587240778,-0.0002878778394466799,0.003546059789406521,55.94329970306717
1631,E,1551317557989790.0,1.4552002,9.651932,1.3870948136732981,163,1970-01-18 22:55:17.557989790,-0.010116577,-0.035125732,-0.0048828125,9.839598600166942,0.03687823255855558,97.37281799316406,-8.57855224609375,5.073177814483643,55993653.0,50354.0,0.07309267049250001,-0.007188058677000045,0.06983271042010526,0.003675914021494887,-0.000325376991107663,0.003511965087587333,55.99365370697342
1631,E,1551317608343794.0,1.5260925,9.700867,1.416468013673298,163,1970-01-18 22:55:17.608343794,0.0025177002,-0.031921387,-0.0032653809,9.894646724763433,0.03218658842938987,97.36685180664062,-8.58553409576416,5.072541236877441,56044007.0,50354.0,0.07506000630790001,-0.006223779577000012,0.07058530130410526,0.003730039943803671,-0.0003376698517209594,0.0035353042811804487,56.04400771087967
1631,E,1551317658697798.0,1.4253998,9.638733,1.3948005136732982,163,1970-01-18 22:55:17.658697798,-0.00920105,-0.027572632,0.0029296875,9.821312160458564,0.029214592678276044,97.36473846435547,-8.579488754272461,5.071418762207031,56094361.0,50354.0,0.0743097216371,-0.006556090800000016,0.07077930771300525,0.003760681640471266,-0.0003217587964817297,0.0035591367612237915,56.09436171501875
1631,E,1551317709051802.0,1.4704742,9.628708,1.3438514136732982,163,1970-01-18 22:55:17.709051802,-0.007965088,-0.015258789,-0.0015106201,9.824653763820532,0.017278751160914062,97.37026977539062,-8.580028533935547,5.069794654846191,56144715.0,50354.0,0.07290941969800001,-0.00837283794300004,0.06895103957480526,0.003706536321393813,-0.0003758656389625124,0.0035179909536652058,56.144715718925
1631,E,1551317759405805.0,1.4794769,9.616959,1.4334663136732981,163,1970-01-18 22:55:17.759405805,0.0016021729,0.00090026855,0.00024414063,9.80316795587923,0.00185392721292674,97.36311340332031,-8.582550048828125,5.070913791656494,56195069.0,50354.0,0.0742709188447,-0.008921041941000057,0.06992452842140526,0.0037055593834895584,-0.00043540801383947045,0.003496470175440593,56.19506972189993
1631,E,1551317809759809.0,1.4861298,9.627563,1.408274013673298,163,1970-01-18 22:55:17.809759809,0.0035095215,0.012435913,-0.0005493164,9.817674407800002,0.012933306685060871,97.35967254638672,-8.585702896118164,5.0720696449279785,56245423.0,50354.0,0.07466507988590002,-0.00894986960600004,0.07154649622160526,0.0037497616400403166,-0.0004499359400188214,0.0035618159874370764,56.24542372603901
1631,E,1551317860113813.0,1.4876404,9.657196,1.2963966136732983,163,1970-01-18 22:55:17.860113813,0.009140015,0.038635254,0.0014038086,9.861448444414977,0.03972648240695588,97.37214660644531,-8.588296890258789,5.072160720825195,56295777.0,50354.0,0.0748706123254,-0.007936822657000008,0.06809549238470526,0.0037648601228039012,-0.0004251562511055522,0.0035157663471410802,56.29577772994526
1631,E,1551317910467817.0,1.4016876,9.6562805,1.380762413673298,163,1970-01-18 22:55:17.910467817,0.003616333,0.032058716,0.006439209,9.836896925472367,0.03289836695766564,97.37181091308594,-8.578916549682617,5.073769569396973,56346131.0,50354.0,0.072744611056,-0.007213802159500032,0.06740283283150526,0.0037165084790735077,-0.00038144728100502153,0.0034114413339685324,56.34613173385151
1631,E,1551317960821821.0,1.4585419,9.6315155,1.3451179136732982,163,1970-01-18 22:55:17.960821821,0.0048980713,0.020370483,-0.0029907227,9.825461472517487,0.021163461493372678,97.37728881835938,-8.57784652709961,5.074002742767334,56396485.0,50354.0,0.0720119981215,-0.007860360108000033,0.06862948900160526,0.0036445371492619177,-0.0003795221834088492,0.0034248857667922242,56.39648573799059
1631,E,1551318011175825.0,1.4480896,9.679764,1.3692573136732982,163,1970-01-18 22:55:18.011175825,0.010223389,0.023925781,-0.003250122,9.868114828372294,0.026220678330664254,97.37846374511719,-8.574353218078613,5.075102806091309,56446839.0,50354.0,0.07318026127550001,-0.007269116028500004,0.06833982509890525,0.0036555055148382695,-0.00038091482068866144,0.003448476421108553,56.44683974189684
1631,E,1551318061529829.0,1.3658142,9.681732,1.3799232136732982,163,1970-01-18 22:55:18.061529829,-0.0018157959,0.0011444092,-0.0009765625,9.856953749744688,0.0023580630788653002,97.37754821777344,-8.559069633483887,5.075284481048584,56497193.0,50354.0,0.07084565597260001,-0.006004815208000018,0.06921611813700526,0.0036261405185554142,-0.0003341977667413611,0.0034632459828505195,56.49719374603592
1631,E,1551318111883833.0,1.4098511,9.64624,1.342325513673298,163,1970-01-18 22:55:18.111883833,-0.004760742,-0.012619019,-0.0047912598,9.833161117986345,0.014312947823003516,97.3828125,-8.550861358642578,5.073882102966309,56547547.0,50354.0,0.0698829252581,-0.0068488489560000155,0.06853805620840527,0.0035431234896453343,-0.00032361670265702885,0.0034682368474944015,56.54754774994217
1631,E,1551318162237837.0,1.4055328,9.669479,1.432062513673298,163,1970-01-18 22:55:18.162237837,0.0057678223,-0.03337097,0.00491333,9.844036393086238,0.03422031888387625,97.37505340576172,-8.542339324951172,5.073407173156738,56597901.0,50354.0,0.07088292045030001,-0.007157342737000001,0.06985076736450525,0.0035440616974003873,-0.00035263388825466143,0.0034842154110951685,56.59790175408125
1631,E,1551318212591841.0,1.4966431,9.727417,1.4892677136732981,163,1970-01-18 22:55:18.212591841,-0.0038757324,-0.0181427,-0.00045776367,9.9075583125068,0.018557704936332554,97.35758972167969,-8.545868873596191,5.075088977813721,56648255.0,50354.0,0.07306808263430001,-0.005113549407999993,0.07355033113390524,0.003624254404660975,-0.00030894425153466486,0.0036104094568944808,56.6482557579875
1631,E,1551318262945845.0,1.5503082,9.663803,1.4698585136732982,163,1970-01-18 22:55:18.262945845,-0.023925781,-0.020202637,0.009750366,9.855671524901348,0.032797243410806434,97.34349060058594,-8.55884075164795,5.075952053070068,56698609.0,50354.0,0.0767130928801,-0.005256454060000022,0.07450192102590525,0.0037710406559260494,-0.0002610855773138364,0.003727511552627549,56.69860976189375
1631,E,1551318313299848.0,1.5530396,9.55127,1.414469113673298,163,1970-01-18 22:55:18.313299848,-0.005859375,0.0050354004,0.0073242188,9.752527556604049,0.010645736874881823,97.34064483642578,-8.57434368133545,5.076536655426025,56748963.0,50354.0,0.0781329875606,-0.009691307079000028,0.07261871667370526,0.003898559767255504,-0.0003763397821966043,0.003704056295363094,56.74896376486868
1631,E,1551318363653852.0,1.4669952,9.675034,1.3462928136732981,163,1970-01-18 22:55:18.363653852,0.0119018555,0.0045776367,0.0007324219,9.86922499984076,0.0127728369573743,97.34637451171875,-8.573759078979492,5.075990200042725,56799317.0,50354.0,0.07603541615960001,-0.009408544192000018,0.06950770304480526,0.003881497900463476,-0.0004808769554499682,0.00357831686925294,56.79931776900776
1631,E,1551318414007856.0,1.4736633,9.6586,1.3670448136732982,163,1970-01-18 22:55:18.414007856,0.0019989014,-0.008224487,-0.0008392334,9.85143181506425,0.008505416269634693,97.34884643554688,-8.574396133422852,5.0752363204956055,56849671.0,50354.0,0.0740369590545,-0.006706296782000036,0.06831370144370526,0.003778372190765396,-0.00040572335120239933,0.0034699295008072295,56.84967177291401
1631,E,1551318464361860.0,1.4933319,9.650543,1.3848518136732981,163,1970-01-18 22:55:18.464361860,-0.0020599365,-0.004486084,0.0019989014,9.844231537909103,0.005325776454753825,97.34859466552734,-8.578238487243652,5.075026512145996,56900025.0,50354.0,0.07470003815040001,-0.007322906689000021,0.06928450138670526,0.003744751378627768,-0.0003532132557893685,0.003464309952661246,56.90002577705309
1631,E,1551318514715864.0,1.4800568,9.621017,1.385721513673298,163,1970-01-18 22:55:18.514715864,0.0051727295,0.0035552979,-0.0004119873,9.813167101600996,0.006290231090609943,97.34906768798828,-8.58065128326416,5.075170993804932,56950379.0,50354.0,0.0748610072999,-0.008269133880000014,0.06975472466260525,0.003765498441302204,-0.0003925608054057139,0.0035005905942434913,56.95037978095934
1631,E,1551318565069868.0,1.4800262,9.67131,1.3780311136732981,163,1970-01-18 22:55:18.565069868,0.00730896,0.0073242188,-0.0036468506,9.86344748006868,0.010971080011128977,97.34978485107422,-8.58174991607666,5.07550048828125,57000733.0,50354.0,0.07452600969100001,-0.007746283121000031,0.06958299989870526,0.00376111692677989,-0.0004032201538341781,0.0035081058912801145,57.00073378486559
1631,E,1551318615423872.0,1.4664154,9.635788,1.4053749136732983,163,1970-01-18 22:55:18.615423872,0.0011901855,0.003326416,-0.0052337646,9.8231382901626,0.006314576535103475,97.34687042236328,-8.581599235534668,5.076138973236084,57051087.0,50354.0,0.0741825601632,-0.00737439365400004,0.07007781355050526,0.0037440356632191937,-0.0003806932791641768,0.003516240300210773,57.05108778900467
1631,E,1551318665777876.0,1.4691772,9.608948,1.3456520136732981,163,1970-01-18 22:55:18.665777876,0.0068206787,0.00093078613,-0.001663208,9.804858534074253,0.007081968765795149,97.35359954833984,-8.582428932189941,5.07524299621582,57101441.0,50354.0,0.0739094148902,-0.008944481728000046,0.06926260494980527,0.003728511655919452,-0.00041086032549261624,0.0035081737165823185,57.10144179291092
1631,E,1551318716131880.0,1.4936066,9.6297455,1.3927101136732982,163,1970-01-18 22:55:18.716131880,0.0053100586,-0.0002746582,0.0026397705,9.822894384377284,0.0059363749675143875,97.35279846191406,-8.58664608001709,5.075371265411377,57151795.0,50354.0,0.0745940077326,-0.009096613750500034,0.06894374328020526,0.0037388706713742358,-0.00045422066086219653,0.0034796212293869756,57.15179579705
1631,E,1551318766485884.0,1.4542236,9.672989,1.3991645136732982,163,1970-01-18 22:55:18.766485884,0.002090454,-0.003036499,0.004776001,9.858598818639827,0.006033283488708118,97.35015869140625,-8.584263801574707,5.0756072998046875,57202149.0,50354.0,0.0742175209454,-0.007484253493500044,0.07029102749270526,0.0037466278575260066,-0.00041745649460218996,0.0035055138237495686,57.20214980095625
1631,E,1551318816839888.0,1.4003448,9.652298,1.3565773136732981,163,1970-01-18 22:55:18.816839888,0.001663208,-0.004547119,0.0025024414,9.835893710091218,0.00545020779529175,97.35414123535156,-8.574378967285156,5.074784278869629,57252503.0,50354.0,0.0718694686068,-0.006916449201000051,0.06938131198710526,0.0036780321359557396,-0.0003625664917394289,0.0035165304910831892,57.2525038048625
1631,E,1551318867193891.0,1.4235077,9.653854,1.3661445136732981,163,1970-01-18 22:55:18.867193891,-0.0024719238,-0.01008606,0.0025024414,9.83951290296486,0.010681817568047135,97.3564224243164,-8.568035125732422,5.073911666870117,57302857.0,50354.0,0.07109613439250001,-0.007398211096000014,0.06854996744710526,0.003599444986713376,-0.00036040020229757065,0.0034726958223151184,57.30285780807026
1631,E,1551318917547895.0,1.4736328,9.647293,1.343393713673298,163,1970-01-18 22:55:18.917547895,-0.00076293945,-0.010818481,0.0028381348,9.843400896092001,0.011210558277565766,97.36221313476562,-8.569156646728516,5.072495937347412,57353211.0,50354.0,0.0729413063685,-0.00752422198100003,0.06821804394990526,0.0036264306460396974,-0.00037570209757963014,0.0034434082229425336,57.35321181197651
1631,E,1551318967901899.0,1.4719391,9.651154,1.341699913673298,163,1970-01-18 22:55:18.967901899,0.0005187988,-0.010818481,0.0029449463,9.847152827771449,0.0112241432658411,97.36810302734375,-8.569926261901855,5.0710768699646,57403565.0,50354.0,0.07416066372630001,-0.00759219988100005,0.06760260225570526,0.0037035863010767803,-0.00038058615321957606,0.003419556409518656,57.40356581588276
1631,E,1551319018255903.0,1.4814758,9.639267,1.3497871136732982,163,1970-01-18 22:55:19.018255903,-0.0020599365,-0.010177612,0.0030670166,9.83588006790273,0.010827451926988724,97.37272644042969,-8.572335243225098,5.069849967956543,57453919.0,50354.0,0.0743581269373,-0.00779427048300003,0.06776356888750526,0.003739257592537458,-0.00038738516435443004,0.003408114090872612,57.45391982002184
1631,E,1551319068609907.0,1.4942932,9.655655,1.3407691136732982,163,1970-01-18 22:55:19.068609907,-0.0018005371,-0.006362915,0.0067749023,9.855050583273755,0.00946720245480399,97.37823486328125,-8.57635498046875,5.068660736083984,57504273.0,50354.0,0.07492093611299999,-0.007680948806000044,0.06774013413590527,0.0037583989704174027,-0.0003896195960391549,0.003411576731020407,57.50427382392809
1631,E,1551319118963911.0,1.5070801,9.6521,1.3527931136732982,163,1970-01-18 22:55:19.118963911,0.00074768066,0.0045776367,0.0057678223,9.851951381344936,0.007401456492535926,97.38197326660156,-8.582242965698242,5.068297863006592,57554627.0,50354.0,0.0755655755741,-0.007357852365000031,0.06781581619790526,0.0037887989047461165,-0.0003786318970822689,0.0034128921615543474,57.55462782806717
1631,E,1551319169317915.0,1.4628754,9.656326,1.3647254136732982,163,1970-01-18 22:55:19.169317915,-0.000289917,0.015182495,0.004638672,9.847891303727923,0.015877955920567927,97.3836669921875,-8.581584930419922,5.068759441375732,57604981.0,50354.0,0.07477456962350001,-0.007340958598000017,0.06841896396300527,0.003785113835639976,-0.0003700719636154522,0.0034299830601112447,57.60498183197342
1631,E,1551319219671919.0,1.4867554,9.680618,1.3279518136732982,163,1970-01-18 22:55:19.219671919,-0.0042419434,0.010864258,0.0053100586,9.88005108666604,0.012814948616159236,97.39002227783203,-8.583748817443848,5.068276405334473,57655335.0,50354.0,0.0742628546516,-0.006622960912000016,0.06779353455290527,0.0037523152309741938,-0.00035156960150327084,0.00342942207513508,57.65533583587967
1631,E,1551319270025923.0,1.4888,9.636993,1.3368629136732981,163,1970-01-18 22:55:19.270025923,-0.0030059814,0.010620117,0.00289917,9.836445950167247,0.011411748155288696,97.39583587646484,-8.587005615234375,5.067886829376221,57705689.0,50354.0,0.0749155583058,-0.007109707853000006,0.06709204039040526,0.00375586490302846,-0.00034574740149640555,0.0033960141203477293,57.70568984001875
1631,E,1551319320379927.0,1.499649,9.625488,1.3831275136732981,163,1970-01-18 22:55:19.320379927,-0.0015258789,0.010360718,0.0035705566,9.820851862364256,0.011064432128527554,97.39505004882812,-8.59216022491455,5.068479061126709,57756043.0,50354.0,0.075240180473,-0.00849771586300001,0.06848119898930527,0.003780471035233848,-0.0003929481068977324,0.0034133274478629723,57.756043843925
1631,E,1551319370733930.0,1.5027008,9.64357,1.404154213673298,163,1970-01-18 22:55:19.370733930,-0.00340271,0.010864258,0.004348755,9.836401794156789,0.012186968748818921,97.3907699584961,-8.597329139709473,5.0695977210998535,57806397.0,50354.0,0.07559016091460001,-0.008332126734000007,0.07017539204940526,0.003797455505115606,-0.0004237249470646694,0.0034909569925816153,57.80639784689993
1631,E,1551319421087934.0,1.500946,9.630035,1.357691113673298,163,1970-01-18 22:55:19.421087934,0.00050354004,0.019088745,0.0053253174,9.828762101241221,0.01982404458372839,97.3937759399414,-8.602381706237793,5.070054054260254,57856751.0,50354.0,0.0756228154836,-0.00821764691500004,0.06953497980660525,0.0038070891067774823,-0.00041667365116087414,0.0035174880322187767,57.85675185103901
1631,E,1551319471441938.0,1.513977,9.655945,1.3745063136732982,163,1970-01-18 22:55:19.471441938,0.0013427734,0.02027893,0.0026397705,9.853989406470088,0.020494058422901935,97.3937759399414,-8.60853385925293,5.071040153503418,57907105.0,50354.0,0.075906716371,-0.007906081540000073,0.06878853462830527,0.0038150590235032644,-0.0004059471113115378,0.0034825711229277425,57.90710585494526
1631,E,1551319521795942.0,1.5225677,9.668945,1.3621620136732981,163,1970-01-18 22:55:19.521795942,0.0005645752,0.019012451,0.0013427734,9.869626171186992,0.01906816925107399,97.39533233642578,-8.61536979675293,5.071739196777344,57957459.0,50354.0,0.0764510859119,-0.006926444470000038,0.06890109847760525,0.0038359123880765734,-0.0003734385073537728,0.0034666118927075096,57.95745985885151
1631,E,1551319572149946.0,1.5074921,9.659332,1.3068489136732981,163,1970-01-18 22:55:19.572149946,0.00039672852,0.021881104,0.005935669,9.86514839074798,0.022675367080930757,97.40502166748047,-8.620169639587402,5.071321487426758,58007813.0,50354.0,0.0762878155846,-0.0068411699710000376,0.06719768811780526,0.0038455073229773803,-0.00034662722878105894,0.003426559150112651,58.00781386299059
1631,E,1551319622503950.0,1.4998169,9.633865,1.3842262136732981,163,1970-01-18 22:55:19.622503950,-0.003692627,0.028182983,0.00920105,9.828948867175821,0.029875999498626286,97.40345764160156,-8.624733924865723,5.0728535652160645,58058167.0,50354.0,0.075715018693,-0.0077243791310000545,0.06775319848120526,0.0038269753586071356,-0.00036671682974105636,0.0033976584719032877,58.05816786689684
1631,E,1551319672857954.0,1.4251862,9.662994,1.3762153136732982,163,1970-01-18 22:55:19.672857954,-0.0040283203,0.020599365,0.0074005127,9.847437921779704,0.022255983264405067,97.40257263183594,-8.61764907836914,5.073916912078857,58108521.0,50354.0,0.0736428030487,-0.0076321809570000475,0.06949963633400526,0.0037603818779907805,-0.0003866321133355786,0.003455614622142555,58.10852187103592
1631,E,1551319723211958.0,1.4263,9.674805,1.3461402136732983,163,1970-01-18 22:55:19.723211958,-0.006576538,0.0098724365,0.0010986328,9.863053229802485,0.01191313764468505,97.40581512451172,-8.61019515991211,5.07385778427124,58158875.0,50354.0,0.07179186805740001,-0.006601434577000071,0.06854074511200527,0.00366160871443828,-0.000358359738299521,0.003475442683666207,58.15887587494217
1631,E,1551319773565962.0,1.4870911,9.658142,1.3650459136732982,163,1970-01-18 22:55:19.773565962,-0.012298584,-0.0072631836,0.0012054443,9.853256514150642,0.014333949224577553,97.40641021728516,-8.611966133117676,5.073317050933838,58209229.0,50354.0,0.07335044772470001,-0.006723593381000061,0.06825953312820526,0.003654248084445932,-0.00033548422889856936,0.0034442206052537803,58.20922987908125
1631,E,1551319823919966.0,1.5045166,9.631531,1.3868507136732982,163,1970-01-18 22:55:19.823919966,-0.013000488,-0.007446289,0.0016479492,9.827047736758256,0.015072347019473962,97.40424346923828,-8.616864204406738,5.073166370391846,58259583.0,50354.0,0.07531970706290002,-0.007813102879000023,0.06928450138670526,0.0037430684870874064,-0.00036599040173802215,0.003462946156981903,58.2595838829875
1631,E,1551319874273970.0,1.5688934,9.630478,1.4587654136732982,163,1970-01-18 22:55:19.874273970,-0.013397217,-0.0023651123,-0.0036315918,9.827261682148412,0.01408075418926584,97.39158630371094,-8.630914688110352,5.074870586395264,58309937.0,50354.0,0.07737924357,-0.008509599407000015,0.07164407723820525,0.003844501480084524,-0.000410956675454623,0.003548158824039372,58.30993788689375
1631,E,1551319924627973.0,1.6087952,9.633881,1.4636482136732982,163,1970-01-18 22:55:19.924627973,-0.010192871,0.006515503,-0.0046844482,9.836464204604432,0.012972681045340367,97.37859344482422,-8.650293350219727,5.077099323272705,58360291.0,50354.0,0.08000466588220001,-0.00845043345700002,0.07357760789570526,0.00396245468827804,-0.0004270027474169289,0.003656246366616465,58.36029188986868
1631,E,1551319974981977.0,1.5769806,9.621918,1.451181713673298,163,1970-01-18 22:55:19.974981977,-0.0025177002,0.02796936,-0.0032196045,9.821074662148963,0.028266407027478752,97.36814880371094,-8.665060043334961,5.080042362213135,58410645.0,50354.0,0.0802082773166,-0.008665948577,0.07338667308080525,0.004033681270916189,-0.0004309391504700185,0.0037001197021456055,58.41064589400776
1631,E,1551320025335981.0,1.5344238,9.635284,1.4168647136732981,163,1970-01-18 22:55:20.025335981,0.00090026855,0.040618896,-0.004470825,9.831604542414398,0.040874117383762065,97.36283111572266,-8.672945976257324,5.0828728675842285,58460999.0,50354.0,0.07833582857879999,-0.008630625246000004,0.07220880490130525,0.003991664954128486,-0.00043547583914167113,0.0036656573491555965,58.46099989791401
1631,E,1551320075689985.0,1.49617,9.635864,1.411478413673298,163,1970-01-18 22:55:20.075689985,-0.0005493164,0.03425598,-0.006942749,9.826941105066423,0.034956768699991564,97.35836791992188,-8.674934387207031,5.085262298583984,58511353.0,50354.0,0.07630126010260001,-0.008279506804000032,0.07120919491720526,0.003893297981731608,-0.00042574639462285096,0.0036108349814306393,58.51135390205309
1631,E,1551320126043989.0,1.5104523,9.6406555,1.4524635136732982,163,1970-01-18 22:55:20.126043989,-0.003326416,0.026626587,-0.008743286,9.828836279486172,0.02822206988779209,97.3478775024414,-8.678805351257324,5.08818244934082,58561707.0,50354.0,0.0756977296471,-0.008144268548500058,0.07210546590480527,0.0038268785649281972,-0.00041350139204989476,0.003608233215515759,58.56170790595934
1631,E,1551320176397993.0,1.5194092,9.663681,1.4177497136732982,163,1970-01-18 22:55:20.176397993,-0.0006713867,0.026550293,-0.0076293945,9.85700183905642,0.027632887632736036,97.34241485595703,-8.683304786682129,5.0903496742248535,58612061.0,50354.0,0.0762828229855,-0.007443919939500041,0.07226335842490526,0.003826414373630971,-0.00039246382156237847,0.0036347738901491224,58.61206190986559
1631,E,1551320226751997.0,1.522049,9.667282,1.4071296136732983,163,1970-01-18 22:55:20.226751997,0.00091552734,0.028137207,-0.009796143,9.862248604707336,0.029807801424251094,97.3386459350586,-8.6878662109375,5.0923662185668945,58662415.0,50354.0,0.0765747931014,-0.006773544549000022,0.07112198682460526,0.0038484962002198818,-0.0003579531034269661,0.0036100128373469267,58.66241591400467
1631,E,1551320277106001.0,1.509964,9.661072,1.4324287136732983,163,1970-01-18 22:55:20.277106001,0.0009918213,0.020492554,-0.010269165,9.851199596521482,0.0229430649376075,97.33145141601562,-8.690717697143555,5.094529628753662,58712769.0,50354.0,0.07633699130100001,-0.006839231342000013,0.07149156000760526,0.003849859995899225,-0.00034272885860770787,0.003590581268594564,58.71276991791092
1631,E,1551320327460005.0,1.4838867,9.6779175,1.4349922136732982,163,1970-01-18 22:55:20.327460005,0.0025482178,0.012008667,-0.005874634,9.86345339274817,0.013609291741566932,97.32392883300781,-8.689554214477539,5.096315383911133,58763123.0,50354.0,0.07537617907390001,-0.006571461358500029,0.07219305668780526,0.0038196824905288576,-0.0003376410101204896,0.003617547594540351,58.76312392205
1631,E,1551320377814009.0,1.4693756,9.665115,1.4781440136732982,163,1970-01-18 22:55:20.377814009,-0.0020141602,0.0060577393,-0.0011291504,9.843581864782578,0.0064829026958491895,97.310302734375,-8.686924934387207,5.098658561706543,58813477.0,50354.0,0.0743542849271,-0.006469670747500046,0.07334403079590526,0.0037697638921531775,-0.00032833658303276387,0.00366418725157738,58.81347792595625
1631,E,1551320428168013.0,1.4742432,9.630051,1.5184577136732982,163,1970-01-18 22:55:20.428168013,-0.0048675537,0.0059051514,0.0026397705,9.8052418160096,0.00809520107050936,97.2916030883789,-8.686121940612793,5.101720809936523,58863831.0,50354.0,0.07411149052760001,-0.0076748056180000355,0.07544544168940526,0.0037379228286229826,-0.0003561154814541956,0.0037460725487626634,58.8638319298625
1631,E,1551320478522016.0,1.4589996,9.626862,1.4825233136732983,163,1970-01-18 22:55:20.478522016,-0.0010223389,0.0027160645,0.0040740967,9.803962951376974,0.005002044293642785,97.27890014648438,-8.68315601348877,5.103738307952881,58914185.0,50354.0,0.07385025397560001,-0.00863790139900006,0.07555569932550527,0.003725232841357067,-0.00041070502456701144,0.0038017557273324026,58.91418593307026
1631,E,1551320528876020.0,1.4327545,9.669098,1.4300788136732983,163,1970-01-18 22:55:20.528876020,0.00090026855,-0.0068969727,0.0024261475,9.847827016264972,0.0073664718541796275,97.27360534667969,-8.67529582977295,5.104189395904541,58964539.0,50354.0,0.0728056929757,-0.007654815080000058,0.07333058376020526,0.003692356776392881,-0.000410201722791786,0.0037485099492489344,58.96453993697651
1631,E,1551320579230024.0,1.4477692,9.679382,1.410761213673298,163,1970-01-18 22:55:20.579230024,-0.0030975342,-0.014923096,0.0014343262,9.862483921502681,0.015308520633731795,97.27095031738281,-8.669422149658203,5.103827953338623,59014893.0,50354.0,0.0725229451949,-0.006332519040000028,0.07152382936850525,0.003658939123221196,-0.00035215911113924223,0.0036469995593415446,59.01489394088276
1631,E,1551320629584028.0,1.4905243,9.647018,1.435404213673298,163,1970-01-18 22:55:20.629584028,-0.005996704,-0.019485474,0.0026245117,9.834090802755217,0.020555588474469148,97.2652359008789,-8.670639038085938,5.103672504425049,59065247.0,50354.0,0.0739774154495,-0.006888427200000047,0.07165790696430527,0.003688439579944059,-0.0003328637634844819,0.0036048865756511702,59.06524794502184
1631,E,1551320679938032.0,1.4967804,9.624039,1.4480079136732982,163,1970-01-18 22:55:20.679938032,-0.004196167,-0.017425537,0.0029754639,9.810978195789184,0.018168944456144424,97.25831604003906,-8.673297882080078,5.103812217712402,59115601.0,50354.0,0.0752113704319,-0.008281797911000062,0.07259566713020525,0.003756126062136008,-0.0003819407576196498,0.0036318722349774914,59.11560194892809
1631,E,1551320730292036.0,1.5007172,9.640091,1.4258064136732982,163,1970-01-18 22:55:20.730292036,0.0028076172,-0.010116577,-0.00061035156,9.830016163476646,0.010516671220755135,97.25481414794922,-8.675910949707031,5.10386848449707,59165955.0,50354.0,0.07546799707520001,-0.008456198990000042,0.07235402331960526,0.003793654435726257,-0.0004214125479764797,0.0036493983564548794,59.16595595306717
1631,E,1551320780646040.0,1.4904327,9.651825,1.4385017136732983,163,1970-01-18 22:55:20.780646040,0.0029907227,-0.012924194,-0.00920105,9.838417490886341,0.016144303451076213,97.24935150146484,-8.676308631896973,5.104136943817139,59216309.0,50354.0,0.0753081810323,-0.007756630868000023,0.07211468572220527,0.0037960918362125273,-0.0004081904173348677,0.003637288687545664,59.21630995697342
1631,E,1551320831000044.0,1.5306702,9.634308,1.493936913673298,163,1970-01-18 22:55:20.831000044,0.0010375977,-0.02166748,-0.012237549,9.820863388895209,0.024906101743646,97.23619842529297,-8.682831764221191,5.10514497756958,59266663.0,50354.0,0.0760623077133,-0.007902229459000003,0.07383000732070526,0.0038110547951479713,-0.0003942431264528797,0.0036744495367413586,59.26666396087967
1631,E,1551320881354048.0,1.5155487,9.682236,1.4959663136732981,163,1970-01-18 22:55:20.881354048,0.016082764,-0.0075531006,-0.010101318,9.865317940270877,0.020438719428832627,97.22288513183594,-8.686147689819336,5.106967449188232,59317017.0,50354.0,0.07669465324530002,-0.007136571712000026,0.07527679355490526,0.0038459620060546733,-0.0003786318970822678,0.003754061925645246,59.31701796501875
1631,E,1551320931708052.0,1.496109,9.702164,1.4652198136732981,163,1970-01-18 22:55:20.931708052,0.018951416,0.003479004,-0.00730896,9.885484988379691,0.020607778471214987,97.214111328125,-8.686279296875,5.108651161193848,59367371.0,50354.0,0.07582450591289999,-0.005428161200000051,0.07455378312820525,0.0038399748701260024,-0.00031634228052542597,0.003772284429150673,59.367371968925
1631,E,1551320982062055.0,1.5510559,9.62738,1.425257113673298,163,1970-01-18 22:55:20.982062055,0.022109985,0.027832031,-0.015167236,9.825439047407112,0.03864606621850252,97.21269989013672,-8.695613861083984,5.110491752624512,59417725.0,50354.0,0.0767184706873,-0.006809270712000029,0.07277353759980526,0.0038405745218632356,-0.000308101823248426,0.003709259953969121,59.41772597189993
1631,E,1551321032416059.0,1.5700378,9.618439,1.439646113673298,163,1970-01-18 22:55:21.032416059,0.033050537,0.047607422,-0.017684937,9.81794322232328,0.0605934123661015,97.20977783203125,-8.707695960998535,5.11362886428833,59468079.0,50354.0,0.07857977608490001,-0.008917215037000013,0.07212966855490525,0.00390994395898368,-0.00039594573170257405,0.0036482280213571473,59.46807997603901
1631,E,1551321082770063.0,1.513794,9.695755,1.451563213673298,163,1970-01-18 22:55:21.082770063,0.04878235,0.060775757,-0.010284424,9.883505101707655,0.07860775844315449,97.20448303222656,-8.710134506225586,5.117843151092529,59518433.0,50354.0,0.0776416332286,-0.007195737662000023,0.07279197723460525,0.00393318642228599,-0.000405675810102724,0.003648692276042506,59.51843397994526
1631,E,1551321133124067.0,1.3629303,9.751465,1.3783363136732982,163,1970-01-18 22:55:21.133124067,0.051879883,0.054275513,-0.0077819824,9.92525904811405,0.07548452041035146,97.20913696289062,-8.689655303955078,5.120240688323975,59568787.0,50354.0,0.0724272877011,-0.003846542060000043,0.07124838040000527,0.0037782852222470573,-0.0002780114765607957,0.003626504084166589,59.56878798385151
1631,E,1551321183478071.0,1.3294678,9.698715,1.2832435136732983,163,1970-01-18 22:55:21.183478071,0.03869629,0.03804016,-0.008850098,9.881367386350831,0.05497982236420289,97.22796630859375,-8.665534973144531,5.1196136474609375,59619141.0,50354.0,0.0677865069637,-0.0037720181400000465,0.06701059531310526,0.0035301627082756698,-0.00019181249015540227,0.003480946231528984,59.61914198799059
1631,E,1551321233832075.0,1.2721558,9.664429,1.2885841136732983,163,1970-01-18 22:55:21.233832075,0.000869751,-0.015457153,-0.009933472,9.839415397463144,0.018394398920383182,97.24474334716797,-8.634037971496582,5.116398811340332,59669495.0,50354.0,0.0655010773772,-0.005963323512000033,0.06475090417370527,0.0033557815109508393,-0.00024510669677240603,0.0033173592725794293,59.66949599189684
1631,E,1551321284186079.0,1.5826721,9.532913,1.2953437136732981,163,1970-01-18 22:55:21.284186079,-0.008422852,-0.010498047,0.00048828125,9.75488306989312,0.013468178986307486,97.26223754882812,-8.651591300964355,5.113190174102783,59719849.0,50354.0,0.07187600203830001,-0.010137720466000016,0.06505555090910527,0.003458742728444044,-0.0004053759842341072,0.0032681371196199207,59.71984999603592
1631,E,1551321334540083.0,1.5139465,9.642242,1.3557075136732981,163,1970-01-18 22:55:21.334540083,-0.037002563,-0.013366699,0.024658203,9.842970104139942,0.04643151177718403,97.26689147949219,-8.657637596130371,5.111401081085205,59770204.0,50355.0,0.07796511480150001,-0.01069653498750003,0.06674684227651893,0.0037726247192340643,-0.0005245544666804974,0.003318454754431053,59.77020399994217
1631,E,1551321384894087.0,1.350235,9.782242,1.4179023136732982,163,1970-01-18 22:55:21.384894087,-0.018081665,0.013076782,0.017288208,9.948878035686986,0.02822819463761388,97.26054382324219,-8.637140274047852,5.1127519607543945,59820558.0,50354.0,0.0721114976255,-0.004418966332000045,0.06983117462310526,0.003778478871074579,-0.0003805629767210534,0.003438624731481838,59.82055800408125
1631,E,1551321435248091.0,1.3657074,9.683243,1.2769416136732983,163,1970-01-18 22:55:21.435248091,-0.051864624,-0.03427124,0.029022217,9.871991030804077,0.06860573003324187,97.27535247802734,-8.621248245239258,5.108279228210449,59870912.0,50354.0,0.06837928180480002,-0.0033866841550000545,0.06784808555880527,0.0035371363537166642,-0.00019652286231120153,0.003466350733599961,59.8709120079875
1631,E,1551321485602095.0,1.3934937,9.71077,1.3483070136732982,163,1970-01-18 22:55:21.485602095,-0.022918701,-0.014663696,0.008361816,9.893379758810564,0.028464202126981763,97.28015899658203,-8.608467102050781,5.106616497039795,59921266.0,50354.0,0.06946840609470001,-0.005186134699000054,0.06609588469070526,0.0034705912382457125,-0.00021583786028716076,0.003372307338971927,59.92126601189375
1631,E,1551321535956098.0,1.5669861,9.633377,1.3797706136732981,163,1970-01-18 22:55:21.535956098,-0.0345459,-0.04322815,0.0039520264,9.839508784993985,0.05547711845345608,97.28135681152344,-8.622267723083496,5.104035377502441,59971620.0,50354.0,0.0745359999246,-0.006441610981000048,0.06868481042370526,0.0036255989303479166,-0.0002927517529853626,0.0033933735608955144,59.97162001486868
1631,E,1551321586310102.0,1.5922241,9.658066,1.5159248136732981,163,1970-01-18 22:55:21.586310102,-0.009994507,-0.0022277832,0.008605957,9.851423059924187,0.013375936753928683,97.26310729980469,-8.639668464660645,5.106533527374268,60021974.0,50354.0,0.07953943520540001,-0.007768539589000056,0.07290492377430526,0.0038791572302680102,-0.00035776896090089266,0.003564804737903311,60.02197401900776
1631,E,1551321636664106.0,1.6089783,9.627228,1.5693916136732982,163,1970-01-18 22:55:21.636664106,-0.0076293945,0.038864136,0.010437012,9.818012571028687,0.04095802664864691,97.23782348632812,-8.660274505615234,5.112119674682617,60072328.0,50354.0,0.0805966728248,-0.007923352962000026,0.07767901169130526,0.004031746791876346,-0.0003950747787565291,0.0037912517432176756,60.07232802291401
1631,E,1551321687018110.0,1.4220886,9.637741,1.4248909136732981,163,1970-01-18 22:55:21.687018110,-0.010406494,0.047027588,0.012588501,9.816124547491377,0.04978312473014105,97.23394012451172,-8.652936935424805,5.1148552894592285,60122682.0,50354.0,0.0763131713413,-0.008435075487000019,0.07538705119100526,0.0039505191465699,-0.0004118561530604742,0.0038537442651879316,60.12268202705309
1631,E,1551321737372114.0,1.4613037,9.607727,1.4458717136732981,163,1970-01-18 22:55:21.737372114,-0.017120361,0.024978638,0.010818481,9.789876826370529,0.032157093280530284,97.22744750976562,-8.651920318603516,5.116861343383789,60173036.0,50354.0,0.0725951679371,-0.008926052164000019,0.07227719066870525,0.003749065258012277,-0.00043710111086922793,0.0037177426173019314,60.17303603095934
1631,E,1551321787726118.0,1.5636444,9.678329,1.470636713673298,163,1970-01-18 22:55:21.787726118,-0.01828003,0.01373291,0.01159668,9.871927425741204,0.02563660080610142,97.21627044677734,-8.664129257202148,5.119006633758545,60223390.0,50354.0,0.07615911831370001,-0.007904168088000029,0.07342893267530526,0.003745186664936392,-0.0004237344552846052,0.0036684430674321527,60.22339003486559
1631,E,1551321838080122.0,1.6612091,9.647003,1.5638679136732982,163,1970-01-18 22:55:21.838080122,-0.028274536,0.03048706,0.01940918,9.846677138916531,0.045887105833025646,97.19170379638672,-8.691522598266602,5.123875141143799,60273744.0,50354.0,0.0811921365695,-0.006915316236000049,0.07639972300270526,0.003961632544194327,-0.00037311015682534997,0.003772236064005271,60.27374403900467
1631,E,1551321888434126.0,1.5325928,9.591461,1.4860939136732982,163,1970-01-18 22:55:21.888434126,-0.02508545,0.03289795,0.018463135,9.78004774612051,0.04530388802225726,97.1801986694336,-8.70075511932373,5.126924514770508,60324098.0,50354.0,0.0804103504363,-0.009102391872000026,0.07678888892710525,0.004068665815345027,-0.0004032778370351179,0.0038568296825568396,60.32409804291092
1631,E,1551321938788130.0,1.4932861,9.636627,1.502375013673298,163,1970-01-18 22:55:21.938788130,-0.010070801,0.03515625,0.0060577393,9.816411184469501,0.037068573647644786,97.16651153564453,-8.702512741088867,5.1306047439575195,60374452.0,50354.0,0.0761825530653,-0.009363628424,0.07524068218380525,0.003942539531459783,-0.00046491899299239267,0.003827648511859394,60.37445204705
1631,E,1551321989142134.0,1.42453,9.595886,1.413843513673298,163,1970-01-18 22:55:21.989142134,-0.005996704,-0.011230469,0.003326416,9.77675487916272,0.013158606925835006,97.16744995117188,-8.694499015808105,5.129847049713135,60424806.0,50354.0,0.0734618559497,-0.009252220199000015,0.07342163386300526,0.0037675972857706555,-0.00046869122078127144,0.0037428711311105487,60.42480605095625
1631,E,1551322039496138.0,1.5408478,9.614822,1.4869483136732982,163,1970-01-18 22:55:22.039496138,0.0022583008,-0.021652222,-0.0022125244,9.804153827468335,0.02188181674955624,97.15776824951172,-8.70295238494873,5.13027811050415,60475160.0,50354.0,0.07465931687060001,-0.009801204684000028,0.07303323583710526,0.0037292467680966938,-0.00047970807827929203,0.0036872942544396827,60.4751600548625
1631,E,1551322089850141.0,1.6333313,9.672104,1.5902046136732981,163,1970-01-18 22:55:22.089850141,0.013031006,0.009613037,-0.008911133,9.863811004597183,0.018483124440394107,97.1325912475586,-8.723315238952637,5.134718418121338,60525514.0,50354.0,0.0799163072007,-0.007882264098000052,0.07747347925180526,0.0038917504872431207,-0.000445216693524416,0.0037893075657935,60.52551405807026
1631,E,1551322140204145.0,1.7080536,9.649399,1.5898078136732983,163,1970-01-18 22:55:22.140204145,0.0018615723,0.03741455,-0.00018310547,9.854266724184747,0.037461280420505796,97.10773468017578,-8.755023002624512,5.140347480773926,60575868.0,50354.0,0.0841260476273,-0.007011718969000039,0.08006317288330526,0.004130094367504556,-0.00037498581167786136,0.003966300290805678,60.57586806197651
1631,E,1551322190558149.0,1.5988007,9.630402,1.4704383136732981,163,1970-01-18 22:55:22.190558149,-0.0025787354,0.06556702,0.0067749023,9.830624637892836,0.06596653158320634,97.10079193115234,-8.770886421203613,5.144556045532227,60626222.0,50354.0,0.0832566707111,-0.008061650223000014,0.07704781674820527,0.004214194699605898,-0.0003795022161469854,0.003955583385952541,60.62622206588276
1631,E,1551322240912153.0,1.4146881,9.651413,1.3516792136732982,163,1970-01-18 22:55:22.240912153,0.0059661865,0.05126953,0.007843018,9.837712084390905,0.05220797850062772,97.11156463623047,-8.759027481079102,5.145428657531738,60676576.0,50354.0,0.07587060751760001,-0.008010943745000039,0.07105245298600525,0.00400634748396398,-0.0004046596983323373,0.003728720491098219,60.67657607002184
1631,E,1551322291281567.0,1.3990936,9.723801,1.367594113673298,163,1970-01-18 22:55:22.291281567,-0.001876831,0.0015869141,0.00074768066,9.904486606018008,0.002569010963907676,97.11834716796875,-8.743118286132812,5.144456386566162,60726945.0,50369.0,0.07086368522365,-0.0056611230170000425,0.06848353911256035,0.0036954297955420104,-0.000344324165367591,0.003514144193006325,60.72694548405707
1631,E,1551322341635571.0,1.4027252,9.686508,1.380716713673298,163,1970-01-18 22:55:22.341635571,-0.009140015,-0.03665161,-0.002456665,9.866724336722296,0.03785387156836867,97.12367248535156,-8.728523254394531,5.141794204711914,60777299.0,50354.0,0.0705413919276,-0.004775850307000041,0.06919422170010525,0.0035601556274370214,-0.0002627716773783501,0.0034663129839804818,60.77729948796332
1631,E,1551322391989575.0,1.5289154,9.667709,1.5022529136732983,163,1970-01-18 22:55:22.391989575,-0.013809204,-0.049942017,-0.00018310547,9.852405786173588,0.05181633627298488,97.1113510131836,-8.733183860778809,5.141112327575684,60827653.0,50354.0,0.07380991538619999,-0.006188078591000031,0.07258452630770526,0.003634332864239543,-0.0002760388378649478,0.0035695635385926453,60.82765349186957
1631,E,1551322442343579.0,1.4833984,9.676025,1.5112556136732982,163,1970-01-18 22:55:22.442343579,-0.01991272,-0.058563232,0.002166748,9.85258641141082,0.061893968663996074,97.09762573242188,-8.731090545654297,5.140157699584961,60878007.0,50354.0,0.07584102454260001,-0.006452009082000048,0.07587110419300526,0.0037677617145873985,-0.000318239487343123,0.0037376674091163893,60.87800749600865
1631,E,1551322492697583.0,1.5336304,9.629776,1.5663703136732983,163,1970-01-18 22:55:22.492697583,-0.0128479,-0.059051514,0.0043182373,9.808774424483403,0.06058710269918266,97.07730865478516,-8.737565040588379,5.140221118927002,60928361.0,50354.0,0.07595973409760001,-0.007407048223000064,0.07748538797280526,0.0038218877002843166,-0.00034892948576798784,0.0038610564032586117,60.9283614999149
1631,E,1551322543051587.0,1.6063538,9.647186,1.5873054136732982,163,1970-01-18 22:55:22.543051587,-0.0049743652,-0.041610718,-0.0017242432,9.835242644936693,0.04194245076567703,97.054443359375,-8.753811836242676,5.141631603240967,60978715.0,50354.0,0.0790553822034,-0.008133127726000056,0.07940009378740527,0.0039028155831102775,-0.00039125500986797603,0.003949905774276821,60.97871550405398
1631,E,1551322593405590.0,1.6660156,9.655869,1.5502265136732982,163,1970-01-18 22:55:22.593405590,-0.0029449463,-0.023910522,-7.6293945e-05,9.857657219118353,0.024091317767785374,97.03741455078125,-8.778083801269531,5.143033027648926,61029069.0,50354.0,0.0823884443838,-0.007476184265000068,0.07899364133480527,0.004064671221985935,-0.0003929956479974101,0.003987879069171895,61.02906950702891
1631,E,1551322643759594.0,1.676178,9.673355,1.5753425136732981,163,1970-01-18 22:55:22.643759594,-0.005630493,-0.0026550293,0.0022583008,9.873795837271826,0.006622050627274616,97.0165786743164,-8.803096771240234,5.146031379699707,61079423.0,50354.0,0.0841464082672,-0.006817327352000037,0.07869245140150527,0.004192847985194227,-0.0003598677419812117,0.003970062756822091,61.07942351093516
1631,E,1551322694113598.0,1.6509857,9.624634,1.5561927136732983,163,1970-01-18 22:55:22.694113598,0.004470825,0.01890564,0.0015563965,9.823873885572915,0.01948932708062126,97.00015258789062,-8.825096130371094,5.1494975090026855,61129777.0,50354.0,0.0837680004749,-0.007603730947000007,0.07884266241890525,0.004227581068899852,-0.0003630789847939241,0.003966261560656476,61.12977751507424
1631,E,1551322744467602.0,1.4561768,9.654678,1.5214027136732982,163,1970-01-18 22:55:22.744467602,0.008605957,0.02217102,-0.0014190674,9.826404344341997,0.02382499477464773,96.98889923095703,-8.817591667175293,5.1523871421813965,61180131.0,50354.0,0.0782290302625,-0.008073961776000014,0.07748462007430526,0.0040785992428755205,-0.00039471726968697153,0.003935851991331561,61.18013151898049
1631,E,1551322794821606.0,1.3710022,9.687027,1.4874061136732981,163,1970-01-18 22:55:22.794821606,-0.004623413,0.00289917,-0.00079345703,9.84984835740102,0.005514590512080241,96.98181915283203,-8.797158241271973,5.153582572937012,61230485.0,50354.0,0.071179885683,-0.00650309321500001,0.07575277984610526,0.0037616682767598534,-0.00036700651350840763,0.003858058017796176,61.23048552288674
1631,E,1551322845175610.0,1.486557,9.637619,1.4690956136732982,163,1970-01-18 22:55:22.845175610,-0.0011138916,-0.0020141602,-0.007537842,9.820236093239899,0.007881412171989143,96.97867584228516,-8.794511795043945,5.154001712799072,61280839.0,50354.0,0.0719447679784,-0.006932587658000003,0.07443584398940527,0.0036034494052330683,-0.0003382701373395213,0.0037812989823066486,61.28083952702582
1631,E,1551322895529614.0,1.6583099,9.595398,1.5599464136732981,163,1970-01-18 22:55:22.895529614,0.022003174,0.034194946,-0.025909424,9.796059689076689,0.04821547728716338,96.9638671875,-8.817235946655273,5.158267498016357,61331193.0,50354.0,0.0791783139413,-0.00923953099100003,0.07626219112250526,0.0038048258334922873,-0.0004071654312258739,0.003794124430012572,61.33119353093207
1631,E,1551322945883618.0,1.7739868,9.605331,1.5937599136732983,163,1970-01-18 22:55:22.945883618,0.0385437,0.07043457,-0.01763916,9.822395094076683,0.0822057505669798,96.94490814208984,-8.856499671936035,5.165038108825684,61381547.0,50354.0,0.08641493401590002,-0.01005244596700006,0.07940086420360527,0.004169141203818425,-0.00048571410387156835,0.003919128743945485,61.38154753507115
1631,E,1551322996237622.0,1.5298462,9.790298,1.4868415136732982,163,1970-01-18 22:55:22.996237622,0.03010559,0.09416199,-0.0049438477,9.974619107613046,0.09898115244878186,96.93828582763672,-8.855977058410645,5.17093563079834,61431901.0,50354.0,0.083180603441,-0.005145448667000047,0.07756030213630527,0.004269906846552373,-0.00038263739320022066,0.003951811284939928,61.4319015389774
1631,E,1551323046591626.0,1.3883362,9.698425,1.3977760136732982,163,1970-01-18 22:55:23.046591626,-0.0034179688,0.050460815,0.011932373,9.87425075603586,0.051964967878303625,96.94505310058594,-8.837544441223145,5.172272205352783,61482255.0,50354.0,0.07347107828480001,-0.00280162102900003,0.07262601548600525,0.003944019390810467,-0.00020008337373619394,0.003781240918776912,61.48225554288365
1631,E,1551323096945630.0,1.3878021,9.643188,1.384821313673298,163,1970-01-18 22:55:23.096945630,-0.015975952,0.002960205,0.0082092285,9.821558915459509,0.018203991005093945,96.95430755615234,-8.820115089416504,5.1708245277404785,61532609.0,50354.0,0.0698948339791,-0.006505409499000021,0.07005745291060525,0.0036095235730682104,-0.0002343231076034573,0.0035923416838214628,61.53260954702273
1631,E,1551323147299633.0,1.4332733,9.63092,1.431436913673298,163,1970-01-18 22:55:23.147299633,-0.017684937,-0.046432495,0.004837036,9.81025459925496,0.04992124303224319,96.9570083618164,-8.809595108032227,5.167967796325684,61582963.0,50354.0,0.0710262153458,-0.008204982884000036,0.07090493338990525,0.003547969258853008,-0.00037036354902679247,0.003549009999887953,61.58296354999766
1631,E,1551323197653637.0,1.4706421,9.671875,1.4989112136732983,163,1970-01-18 22:55:23.197653637,-0.01878357,-0.076187134,0.010848999,9.848005411309117,0.07921491443144313,96.94922637939453,-8.804143905639648,5.165214538574219,61633317.0,50354.0,0.0731118780258,-0.0074827302850000435,0.07377737480220525,0.0036289647768167734,-0.00039496955445591505,0.0036426664733527664,61.63331755390391
1631,E,1551323248007641.0,1.5134735,9.714935,1.5264991136732982,163,1970-01-18 22:55:23.248007641,-0.027145386,-0.081207275,0.0027313232,9.893648116205894,0.08566769297954438,96.93651580810547,-8.80367660522461,5.1629533767700195,61683671.0,50354.0,0.0751310784612,-0.005367484630000022,0.07617075581160526,0.003732312915473199,-0.0003235298609149567,0.0037752440844639077,61.68367155804299
1631,E,1551323298361645.0,1.5192871,9.694977,1.6185401136732982,163,1970-01-18 22:55:23.298361645,-0.023162842,-0.072906494,0.00881958,9.865099721836387,0.07700427980486149,96.9111557006836,-8.805094718933105,5.163029670715332,61734025.0,50354.0,0.07635581362619999,-0.004785845576000029,0.07918265262690526,0.0038139854820844698,-0.0002556303945964633,0.0039113327642563795,61.73402556194924
1631,E,1551323348715649.0,1.5877991,9.666321,1.6105751136732982,163,1970-01-18 22:55:23.348715649,-0.028396606,-0.05265808,0.0110321045,9.848573242850753,0.060835416915679605,96.88764190673828,-8.817167282104492,5.1637654304504395,61784379.0,50354.0,0.07822710925740001,-0.006009800254000044,0.08129943407890526,0.003891934249440397,-0.00027180197506191186,0.004040457496992191,61.78437956585549
1631,E,1551323399069653.0,1.5242004,9.604263,1.5581916136732983,163,1970-01-18 22:55:23.399069653,-0.018829346,-0.025817871,0.009994507,9.783145594674115,0.033481291849828704,96.8736572265625,-8.821167945861816,5.164441108703613,61834733.0,50354.0,0.07835081141150001,-0.00829370663200005,0.07978003989440527,0.003942162308680896,-0.0003601193928688244,0.004055497916226039,61.83473356999457
1631,E,1551323449423657.0,1.580658,9.634811,1.5934700136732982,163,1970-01-18 22:55:23.449423657,-0.012481689,-0.019439697,0.011047363,9.818283717618506,0.025607393639304626,96.8546142578125,-8.8326997756958,5.1662492752075195,61885087.0,50354.0,0.0781710199368,-0.00908703390200007,0.07934938479170527,0.003940750147856149,-0.0004375949044245211,0.004006401525322205,61.88508757390082
1631,E,1551323499777661.0,1.6668396,9.54953,1.6057228136732982,163,1970-01-18 22:55:23.499777661,-0.010284424,0.003036499,-0.011352539,9.74768196880966,0.01561633263398606,96.83553314208984,-8.857500076293945,5.169319152832031,61935441.0,50354.0,0.08176224707520001,-0.010465046643000039,0.08054607781410526,0.004026639863561124,-0.0004922627318814677,0.004025688062026492,61.9354415780399
1631,E,1551323550131665.0,1.71875,9.642273,1.5720771136732983,163,1970-01-18 22:55:23.550131665,0.01109314,0.03300476,-0.0028076172,9.851035037984209,0.0349321435365615,96.82125854492188,-8.887330055236816,5.17324161529541,61985795.0,50354.0,0.08523898935920002,-0.010277175869000033,0.08000746877080525,0.00420459012970889,-0.0005222269361846258,0.0040422566423682915,61.98579558194615
1631,E,1551323600485669.0,1.6029053,9.6449585,1.5047248136732982,163,1970-01-18 22:55:23.600485669,0.012161255,0.041931152,0.0021362305,9.841579637816256,0.04371133848295267,96.8171157836914,-8.899840354919434,5.17602014541626,62036149.0,50354.0,0.0836293154881,-0.007874572524500061,0.07746464212480526,0.004251597311140473,-0.00045700656930315196,0.0039646753360187866,62.0361495858524
1631,E,1551323650839673.0,1.5007019,9.651489,1.4825843136732981,163,1970-01-18 22:55:23.650839673,0.012161255,0.050369263,-0.0060577393,9.834416306780232,0.0521694832614332,96.81612396240234,-8.896778106689453,5.178772449493408,62086503.0,50354.0,0.0781395184744,-0.007642541292500054,0.07521148189920526,0.004072853932673863,-0.0003906743745706119,0.0038439267745525134,62.08650358999148
1631,E,1551323701193676.0,1.4094086,9.638718,1.5130867136732982,163,1970-01-18 22:55:23.701193676,0.011978149,0.012893677,-0.0073547363,9.804833430746642,0.019073937875778765,96.81118774414062,-8.88068962097168,5.180303573608398,62136857.0,50354.0,0.0732678520585,-0.0077996583610000225,0.07542200945550526,0.003811983367906823,-0.00038878826067617145,0.003792499411837547,62.13685759296641
1631,E,1551323751547680.0,1.5180511,9.668198,1.5190681136732982,163,1970-01-18 22:55:23.751547680,0.007827759,-0.0075683594,-0.013519287,9.849297900032195,0.01735871527383344,96.80494689941406,-8.87961483001709,5.18103551864624,62187211.0,50354.0,0.0737046528669,-0.007378975868000009,0.07634056208810526,0.0037003267565067963,-0.0003821524739835338,0.003820926263753482,62.18721159687266
1631,E,1551323801901684.0,1.5799866,9.662415,1.5470832136732982,163,1970-01-18 22:55:23.801901684,0.007003784,-0.0062408447,-0.013198853,9.85024870647969,0.01619292602971381,96.7948226928711,-8.887691497802734,5.1824235916137695,62237565.0,50354.0,0.0779992951729,-0.006782356499000046,0.07719649196860527,0.0038194502997980447,-0.0003565398650039604,0.0038656024099858015,62.23756560101174
1631,E,1551323852255688.0,1.5972443,9.643021,1.596613313673298,163,1970-01-18 22:55:23.852255688,0.010147095,-0.000869751,-0.008255005,9.828691716117646,0.013109733456140556,96.77812957763672,-8.89891242980957,5.185088157653809,62287919.0,50354.0,0.07999314236930001,-0.007416237828000074,0.07914884746900525,0.003977775599999969,-0.00035747800937088205,0.003936306611020721,62.28791960491799
1631,E,1551323902609692.0,1.5736237,9.663254,1.5485939136732982,163,1970-01-18 22:55:23.902609692,0.013305664,0.0075683594,-0.009750366,9.849887489407264,0.018149115560335726,96.76864624023438,-8.905831336975098,5.187087059020996,62338273.0,50354.0,0.079832943636,-0.007395114325000051,0.07918688236290526,0.004023941367355439,-0.00037290541315608414,0.003986418669978012,62.33827360905707
1631,E,1551323952963696.0,1.4774323,9.68895,1.545191113673298,163,1970-01-18 22:55:23.952963696,0.013412476,0.010238647,-0.0028381348,9.860599944995135,0.01711079816911403,96.75946044921875,-8.898539543151855,5.189131736755371,62388627.0,50354.0,0.076816436912,-0.006238759892000026,0.07789222563350527,0.003943961454056996,-0.00034326005116141095,0.003954780702025628,62.38862761296332
1631,E,1551324003317700.0,1.4590607,9.700058,1.5027107136732982,163,1970-01-18 22:55:24.003317700,0.0009613037,0.004119873,-0.0029296875,9.873533957169412,0.005145923356154747,96.75595092773438,-8.888405799865723,5.189901828765869,62438981.0,50354.0,0.07393208426100001,-0.0053121455840000244,0.07673702430710526,0.003795395517572622,-0.0002908171471692533,0.0038931006257547514,62.43898161686957
1631,E,1551324053671704.0,1.4776306,9.622879,1.5402931136732982,163,1970-01-18 22:55:24.053671704,-0.0034332275,-0.016433716,-0.0037231445,9.796259408379592,0.01719639141224962,96.74823760986328,-8.882800102233887,5.190279960632324,62489335.0,50354.0,0.0739370768601,-0.006975615151000047,0.07661370736110526,0.0037229018695459346,-0.0003093689520250968,0.003860911371210536,62.48933562100865
1631,E,1551324104025708.0,1.518219,9.6940155,1.5248970136732982,163,1970-01-18 22:55:24.104025708,0.0010070801,-0.019363403,-0.0015716553,9.874014735081074,0.01945316648903831,96.74205017089844,-8.881660461425781,5.190300941467285,62539689.0,50354.0,0.0754265053792,-0.007127747173500034,0.07717229183620528,0.003760526910038856,-0.00035508035324393857,0.0038718701017906878,62.5396896249149
1631,E,1551324154379712.0,1.533783,9.63797,1.5030616136732982,163,1970-01-18 22:55:24.154379712,-0.0042877197,-0.018447876,0.0002746582,9.823892087757143,0.018941597246905324,96.7398910522461,-8.884079933166504,5.189694404602051,62590043.0,50354.0,0.076840254354,-0.006747801066500035,0.07623491436070526,0.0038336202098027765,-0.0003493446780384818,0.003862333230419617,62.59004362905398
1631,E,1551324204733715.0,1.5523224,9.640076,1.519007113673298,163,1970-01-18 22:55:24.204733715,-0.0077056885,-0.009094238,-0.0002593994,9.827056672743133,0.0119226711817611,96.73516845703125,-8.889131546020508,5.189919948577881,62640397.0,50354.0,0.07769887565580001,-0.008105835858000041,0.07608662434840525,0.0038908316762567355,-0.00037397001684813844,0.0038349993800792757,62.64039763202891
1631,E,1551324255087719.0,1.5142365,9.623932,1.4884742136732982,163,1970-01-18 22:55:24.255087719,-0.0035858154,-0.0026550293,0.0031585693,9.808767356959105,0.005466608883909488,96.73548889160156,-8.889060020446777,5.189696788787842,62690751.0,50354.0,0.0772067534253,-0.008459270584000025,0.07571935737860526,0.003900059023374855,-0.0004170596848902357,0.003822019201940944,62.69075163593516
1631,E,1551324305441723.0,1.5531158,9.646881,1.4836982136732981,163,1970-01-18 22:55:24.305441723,-0.00044250488,0.0028533936,9.1552734e-05,9.837902661445726,0.002888952666356382,96.73619842529297,-8.893937110900879,5.189721584320068,62741105.0,50354.0,0.07722672885710001,-0.008287941099000025,0.07483038520330526,0.003888171783423985,-0.0004216445485428923,0.003790390868984761,62.74110564007424
1631,E,1551324355795727.0,1.5184174,9.650665,1.4754585136732983,163,1970-01-18 22:55:24.355795727,0.0084991455,0.011947632,-0.0022277832,9.837159230670347,0.01483052266859791,96.7384033203125,-8.893533706665039,5.190043926239014,62791459.0,50354.0,0.07733199137640001,-0.007614884358000023,0.07450268892440526,0.0038913248993188306,-0.0004003854365308902,0.003759758807313368,62.79145964398049
1631,E,1551324406149731.0,1.5637665,9.591705,1.4565834136732982,163,1970-01-18 22:55:24.406149731,0.016067505,0.0320282,-0.0040283203,9.788708685853683,0.03605825393172022,96.74459075927734,-8.900996208190918,5.1908063888549805,62841813.0,50354.0,0.07760014405030001,-0.009004050510000054,0.07382001960480528,0.003900726373638027,-0.00041841492317163797,0.0037343208326399337,62.84181364788674
1631,E,1551324456503735.0,1.5214539,9.626236,1.4918922136732982,163,1970-01-18 22:55:24.456503735,0.039016724,0.02923584,-0.0005950928,9.811748053761544,0.04875851953903428,96.74600219726562,-8.901628494262695,5.192328929901123,62892167.0,50354.0,0.0776765940108,-0.009619099443000044,0.07423377086970526,0.003909402434164315,-0.0004688750463666835,0.0037275502827767517,62.89216765202582
1631,E,1551324506857739.0,1.4599609,9.683838,1.5165809136732982,163,1970-01-18 22:55:24.506857739,0.049209595,0.042633057,-0.012069702,9.8561587357723,0.06621812059850445,96.74317169189453,-8.89169979095459,5.195308208465576,62942521.0,50354.0,0.07506308041960001,-0.007299466902000031,0.07574432792720526,0.0038455267831341814,-0.00042595874486806685,0.003775998593409816,62.94252165593207
1631,E,1551324557211743.0,1.4489288,9.638275,1.4965919136732981,163,1970-01-18 22:55:24.557211743,0.0957489,0.040481567,-0.007156372,9.812045640177265,0.10420087705095324,96.74646759033203,-8.881586074829102,5.197567462921143,62992875.0,50354.0,0.07323711597690001,-0.006996360999000039,0.07586265227410527,0.003733754044674681,-0.00035992605906347877,0.0038170089405283954,62.99287566007115
1631,E,1551324607565747.0,1.5058899,9.434723,1.1984962136732982,163,1970-01-18 22:55:24.607565747,0.11936951,0.07458496,0.008712769,9.660523216954,0.14102449616818016,96.7986068725586,-8.884729385375977,5.194046497344971,63043229.0,50354.0,0.07439347040989999,-0.013268329354000033,0.06785423378220526,0.0037168952734604635,-0.0005102041090174829,0.0036183600402397305,63.0432296639774
1631,E,1551324657919751.0,1.5010529,9.47493,1.2160285136732982,163,1970-01-18 22:55:24.657919751,0.12863159,0.051315308,0.0030822754,9.696475680492654,0.13852381456884735,96.84658813476562,-8.885795593261719,5.190127372741699,63093583.0,50354.0,0.0757057988756,-0.017380866419000024,0.06079048906040526,0.0037790493028010334,-0.0007716548019768225,0.0032388881870084054,63.09358366788365
1631,E,1551324708273755.0,1.4455719,9.6718445,1.232416513673298,163,1970-01-18 22:55:24.708273755,0.05218506,0.025894165,-0.01689148,9.878381457852582,0.0606556705085454,96.8831558227539,-8.873394966125488,5.186255931854248,63143937.0,50354.0,0.0741871725896,-0.011410858413500008,0.061644500453505266,0.0037738553425793408,-0.0007248892561078534,0.0030825457309917254,63.14393767202273
1631,E,1551324758627758.0,1.561676,9.681824,1.3441413136732983,163,1970-01-18 22:55:24.758627758,0.017120361,0.015289307,-0.0024871826,9.890667964346482,0.023088000056226455,96.9006576538086,-8.878660202026367,5.184451103210449,63194291.0,50354.0,0.07571348037830002,-0.006201888175500004,0.06486999641910526,0.003774048739772819,-0.0004434361208712534,0.0031852554877617152,63.19429167499766
1631,E,1551324808981762.0,1.5661163,9.656235,1.3805336136732982,163,1970-01-18 22:55:24.808981762,0.0034942627,0.0074768066,0.025421143,9.861654293899209,0.026727271094836146,96.9123306274414,-8.886451721191406,5.182890892028809,63244645.0,50354.0,0.07874842673710002,-0.006594888557000005,0.06859914064580526,0.0038888874354444268,-0.00032218444779415277,0.0033603524638832526,63.24464567890391
1631,E,1551324859335766.0,1.5356598,9.62442,1.2907508136732981,163,1970-01-18 22:55:24.859335766,0.0056152344,0.031143188,0.029006958,9.837501619808684,0.04292822647843783,96.93736267089844,-8.89046859741211,5.180421352386475,63294999.0,50354.0,0.0780934168697,-0.008040149065000005,0.06725492802730526,0.003948807096488404,-0.0003684663422090943,0.0034203978869829033,63.29499968304299
1631,E,1551324909689770.0,1.5708466,9.655746,1.3511757136732983,163,1970-01-18 22:55:24.909689770,0.004470825,0.02545166,0.034118652,9.865684937667103,0.042800206626058816,96.95232391357422,-8.8991117477417,5.179187774658203,63345353.0,50354.0,0.0782125116328,-0.008052460618000004,0.06651578417900526,0.003935314361907444,-0.00040516363398889133,0.0033679452212182805,63.34535368694924
1631,E,1551324960043774.0,1.5380249,9.636429,1.2961372136732983,163,1970-01-18 22:55:24.960043774,0.019836426,0.044692993,0.029937744,9.848889904107125,0.057334247492760046,96.97593688964844,-8.903022766113281,5.177700519561768,63395707.0,50354.0,0.07827205775550002,-0.007750110025000029,0.06665139757180526,0.00393981200348923,-0.00039786132107881187,0.0033527501349401565,63.39570769085549
1631,E,1551325010397778.0,1.6156616,9.623123,1.3020423136732981,163,1970-01-18 22:55:25.010397778,0.042099,0.0644989,0.034851074,9.847512868315405,0.08454011628312014,96.99929809570312,-8.918669700622559,5.1773600578308105,63446061.0,50354.0,0.0794003650105,-0.008571459296000053,0.06541436596000527,0.003969718587979583,-0.0004109281507948191,0.003325019728440394,63.44606169499457
1631,E,1551325060751782.0,1.6781158,9.599548,1.2505134136732983,163,1970-01-18 22:55:25.060751782,0.049209595,0.078323364,0.040664673,9.84202062068637,0.10104330367984536,97.03031921386719,-8.943674087524414,5.1765241622924805,63496415.0,50354.0,0.0829274335998,-0.009500012233000035,0.06426569554740526,0.004086926985611523,-0.00045498543868563516,0.003264954908572075,63.49641569890082
1631,E,1551325111105786.0,1.5261993,9.614349,1.2958778136732982,163,1970-01-18 22:55:25.111105786,0.03857422,0.0975647,0.04133606,9.825478614718792,0.11276307459014233,97.0530014038086,-8.946154594421387,5.177827835083008,63546769.0,50354.0,0.0806750412727,-0.009720915231000007,0.06411049193090526,0.004119019509864933,-0.0004839252907611291,0.0032321272721414244,63.5467697030399
1631,E,1551325161459790.0,1.7160797,9.65921,1.3751014136732982,163,1970-01-18 22:55:25.161459790,0.028030396,0.08494568,0.061645508,9.89017101022148,0.10863535477530913,97.0622329711914,-8.975887298583984,5.180397033691406,63597123.0,50354.0,0.08163085838300001,-0.008218805057000022,0.06724724400690527,0.00408637563563156,-0.00045166833769097676,0.003307193717706256,63.59712370694615
1631,E,1551325211813794.0,1.7752991,9.722778,1.3082679136732982,163,1970-01-18 22:55:25.211813794,0.021560669,0.10429382,0.08528137,9.971272569277929,0.13643670842920852,97.07923889160156,-9.01276969909668,5.182502746582031,63647477.0,50354.0,0.0879024440476,-0.005488888124000042,0.06755918955460526,0.0042683399552952165,-0.0003451185912180386,0.00339402157777815,63.6474777108524
1631,E,1551325262167798.0,1.7902832,9.590652,1.3357643136732982,163,1970-01-18 22:55:25.262167798,0.008422852,0.110305786,0.08766174,9.84154803000029,0.14114847332054037,97.09370422363281,-9.054512977600098,5.185169696807861,63697831.0,50354.0,0.0897706655671,-0.007214972890000029,0.06656879938790526,0.004473275880769303,-0.00031984510874947977,0.0033769403776055876,63.69783171499148
1631,E,1551325312521801.0,1.7988129,9.53215,1.335489613673298,163,1970-01-18 22:55:25.312521801,0.00630188,0.09840393,0.07192993,9.786146816182619,0.12205311122943241,97.10897064208984,-9.097134590148926,5.187194347381592,63748185.0,50354.0,0.09036267250970001,-0.012014414046000035,0.06725416012880525,0.004535217052759594,-0.0004841382748876736,0.003369260651752221,63.74818571796641
1631,E,1551325362875805.0,1.8656464,9.544968,1.2348884136732983,163,1970-01-18 22:55:25.362875805,0.020187378,0.09698486,0.07028198,9.824882818836013,0.12146254571864895,97.13899230957031,-9.147489547729492,5.186911582946777,63798539.0,50354.0,0.09226009179610001,-0.013164600114000025,0.06471440759450527,0.004597893336927127,-0.0006339320395063215,0.003322572629569789,63.79853972187266
1631,E,1551325413229809.0,1.7616272,9.609756,1.234903713673298,163,1970-01-18 22:55:25.413229809,0.003326416,0.1000061,0.06625366,9.868736997697114,0.12000763535713325,97.16609954833984,-9.179821968078613,5.187114715576172,63848893.0,50354.0,0.0913238674272,-0.011210713851999995,0.06218195639020526,0.004622093341365025,-0.0006136972797219825,0.003194869756043057,63.84889372601174
1631,E,1551325463583813.0,1.7473145,9.578552,1.2923988136732982,163,1970-01-18 22:55:25.463583813,-0.003540039,0.06918335,0.05860901,9.827822122814508,0.0907407507491762,97.18470764160156,-9.209714889526367,5.187143325805664,63899247.0,50354.0,0.08834462518090001,-0.01036516948400001,0.06362989573100526,0.004523513638394134,-0.0005432160147504722,0.003167565000855717,63.89924772991799
1631,E,1551325513937817.0,1.756012,9.568405,1.2055458136732982,163,1970-01-18 22:55:25.513937817,-0.01600647,0.034744263,0.036575317,9.831675898985148,0.05292565263579239,97.21536254882812,-9.238773345947266,5.183576583862305,63949601.0,50354.0,0.08820325129050001,-0.011406263611000025,0.06289075188270526,0.004444945885920438,-0.0005481393710328159,0.0031854103449703896,63.94960173405707
1631,E,1551325564291821.0,1.8294373,9.527405,1.1204322136732983,163,1970-01-18 22:55:25.564291821,-0.01914978,0.009597778,0.0184021,9.817922461213907,0.028239488327441133,97.25856018066406,-9.277352333068848,5.176825046539307,63999955.0,50354.0,0.0902708570261,-0.012693991630000033,0.058561148794505254,0.004493442625087038,-0.0006067721262026585,0.0030577945033501293,63.99995573796332
1631,E,1551325614645825.0,1.8748322,9.54985,1.1818031136732983,163,1970-01-18 22:55:25.614645825,-0.0071105957,-0.011688232,0.0131073,9.839036926483871,0.018946679175641374,97.2919921875,-9.320674896240234,5.170714378356934,64050309.0,50354.0,0.0932623932015,-0.013161150865000058,0.05796337883660527,0.004620816640980285,-0.0006509549225966173,0.0029337380321684697,64.05030974186957
1631,E,1551325664999829.0,1.8139954,9.580811,1.2587684136732982,163,1970-01-18 22:55:25.664999829,-0.009262085,-0.034469604,0.0149383545,9.846716051192715,0.03869230225292508,97.31280517578125,-9.353597640991211,5.165482997894287,64100663.0,50354.0,0.0928736124852,-0.011816548003000039,0.06144626934400526,0.004686346215174046,-0.0006288635243996384,0.0030063767122432317,64.10066374600865
1631,E,1551325715353833.0,1.923111,9.533707,1.2173561136732982,163,1970-01-18 22:55:25.715353833,-0.0154418945,-0.060516357,0.018432617,9.827530696827752,0.06511868349229173,97.33998107910156,-9.402437210083008,5.157846927642822,64151016.99999999,50353.99999999255,0.09408912783278608,-0.01222298031399822,0.06234138722499603,0.00470716091298524,-0.0006052432044369756,0.003116601829437284,64.1510177499149
1631,E,1551325765707837.0,1.963623,9.570343,1.2116493136732982,163,1970-01-18 22:55:25.765707837,-0.020996094,-0.067611694,0.030014038,9.871871662970571,0.07689616119073771,97.3663558959961,-9.455294609069824,5.149864196777344,64201370.99999999,50354.0,0.097856301918,-0.01248653315000006,0.06115506964430526,0.004832610084835542,-0.0006221114204830847,0.0031092702945983985,64.20137175405398
1631,E,1551325816061840.0,1.9160767,9.558548,1.2124427136732983,163,1970-01-18 22:55:25.816061840,-0.032913208,-0.08000183,0.023864746,9.850965047530517,0.08973905596697951,97.39169311523438,-9.500008583068848,5.14135217666626,64251724.99999999,50354.0,0.0976791993469,-0.01186111129300005,0.06103136497250526,0.004922997315346387,-0.0006130006441414139,0.0030762878643474387,64.25172575702891
1631,E,1551325866415844.0,2.0435028,9.528778,1.228830713673298,163,1970-01-18 22:55:25.866415844,-0.019683838,-0.089263916,0.027938843,9.845389920439965,0.09558283907817317,97.41536712646484,-9.56281566619873,5.132730007171631,64302079.00000001,50354.0000000149,0.09969033307152951,-0.012907593298003832,0.061463941080323437,0.004969172717700271,-0.0006236016754878893,0.0030840643204929808,64.30207976093516
1631,E,1551325916769848.0,2.070938,9.551315,1.320719113673298,163,1970-01-18 22:55:25.916769848,-0.016616821,-0.08300781,0.03918457,9.860317748902526,0.09328368446425689,97.4246826171875,-9.628235816955566,5.12673282623291,64352433.00000001,50354.0,0.10358927602160002,-0.013089698538999998,0.06419001600310525,0.005117970718137722,-0.0006545338165802455,0.0031635896774894843,64.35243376507424
1631,E,1551325967123852.0,2.1358795,9.493561,1.3818916136732982,163,1970-01-18 22:55:25.967123852,-0.023513794,-0.08392334,0.0471344,9.810347888722584,0.09908419232344802,97.42559814453125,-9.703666687011719,5.121978282928467,64402787.0,50353.99999999255,0.10591504419748432,-0.013976356947997958,0.06804363028239518,0.005274690270155106,-0.0006814420789960467,0.003329246512529552,64.40278776898049
1631,E,1551326017477856.0,2.1577148,9.481445,1.3394111136732982,163,1970-01-18 22:55:26.017477856,-0.029067993,-0.069885254,0.044769287,9.808897351928747,0.08793853536522503,97.43258666992188,-9.780500411987305,5.116849899291992,64453141.0,50354.0,0.10809982369110002,-0.015735473938000025,0.06851423876640526,0.005388252328830888,-0.0007480547662167713,0.0034381174690416494,64.45314177288674
1631,E,1551326067831860.0,2.0926514,9.531845,1.297144313673298,163,1970-01-18 22:55:26.067831860,-0.044067383,-0.05809021,0.030899048,9.849209352547001,0.07919064281604925,97.44373321533203,-9.843811988830566,5.111542224884033,64503495.0,50354.0,0.1070114698174,-0.014771597670000003,0.06638055599430526,0.005415857036663505,-0.0007680765418746168,0.0033962462476904093,64.50349577702582
1631,E,1551326118185864.0,1.9416046,9.554825,1.2866920136732982,163,1970-01-18 22:55:26.118185864,-0.053009033,-0.080841064,0.0138549805,9.84195657298563,0.09765856692017637,97.45542907714844,-9.882329940795898,5.105046272277832,64553849.0,50354.0,0.10157046331200001,-0.012924109410000042,0.06505324721360525,0.0052514673303989045,-0.0006972948171531612,0.003309108863365563,64.55384978093207
1631,E,1551326168539868.0,2.0546265,9.512466,1.3381599136732982,163,1970-01-18 22:55:26.168539868,-0.03895569,-0.091674805,0.007217407,9.81695782104745,0.09986944787555288,97.4609375,-9.937050819396973,5.099243640899658,64604203.0,50354.0,0.10061311040470002,-0.013412014493000059,0.06608589697480527,0.005090375835465357,-0.0006630645915058336,0.003301690233231612,64.60420378507115
1631,E,1551326218893872.0,2.1572876,9.508011,1.3409828136732982,163,1970-01-18 22:55:26.218893872,-0.025344849,-0.06185913,0.0033569336,9.83427928839707,0.06693416420920269,97.46636962890625,-10.005155563354492,5.095038890838623,64654557.0,50354.0,0.1060433612957,-0.014590650571000046,0.06745277644640527,0.005202989988000972,-0.0007050230983163307,0.003362103180725818,64.6545577889774
1631,E,1551326269247876.0,2.1163788,9.481445,1.3114570136732981,163,1970-01-18 22:55:26.269247876,-0.02142334,-0.029449463,0.00044250488,9.803602792627176,0.03642013424347572,97.4764633178711,-10.066521644592285,5.091653347015381,64704910.99999999,50353.99999999255,0.10759809895278408,-0.015371666287997748,0.06678047753309538,0.005378851044675287,-0.0007543612515588758,0.003379590635441388,64.70491179288365
1631,E,1551326319601880.0,2.0823212,9.537033,1.3100990136732982,163,1970-01-18 22:55:26.319601880,-0.0124053955,-0.016616821,0.0070343018,9.850299858351141,0.02189735096925983,97.48573303222656,-10.120197296142578,5.08906364440918,64755264.99999999,50354.0,0.10571066990000003,-0.014640979394000038,0.06600291610050525,0.005370474873406546,-0.0007556283803356583,0.0033430875015131637,64.75526579702273
1631,E,1551326369955883.0,2.0008392,9.554443,1.278314913673298,163,1970-01-18 22:55:26.369955883,-0.015808105,-0.024993896,0.005142212,9.85458696860092,0.0300172178124953,97.49899291992188,-10.160151481628418,5.085335731506348,64805618.99999999,50354.0,0.10280172939080003,-0.012803108748000079,0.06516849744880525,0.005249716676944473,-0.000690959807151137,0.0033025026789309905,64.80561979999766
1631,E,1551326420309887.0,2.0073395,9.505676,1.315882113673298,163,1970-01-18 22:55:26.420309887,-0.02432251,-0.046157837,0.000289917,9.803541379246521,0.05217484509881709,97.50717163085938,-10.20124340057373,5.081422328948975,64855973.00000001,50354.0000000149,0.10091391512992987,-0.013592583937004096,0.06531409855752458,0.005128948782099934,-0.0006645643547305468,0.0032851603196523385,64.85597380390391
1631,E,1551326470663891.0,2.061203,9.523987,1.3426155136732982,163,1970-01-18 22:55:26.470663891,-0.027038574,-0.042617798,-0.0034942627,9.828915086632362,0.05059220357069744,97.51067352294922,-10.248383522033691,5.078505516052246,64906327.00000001,50354.0,0.1024336945225,-0.014359374649000053,0.06693299476370526,0.005119682768219227,-0.0007037464613198264,0.003329585068548604,64.90632780804299
1631,E,1551326521017895.0,2.0593567,9.544617,1.3855079136732982,163,1970-01-18 22:55:26.521017895,-0.031036377,-0.033081055,-0.009735107,9.843013097544347,0.046393805680291014,97.5071029663086,-10.293384552001953,5.077314376831055,64956681.0,50353.99999999255,0.10374333156688463,-0.013378957091998043,0.0686859635302951,0.005190918985851669,-0.0006983679782430057,0.003414478512967542,64.95668181194924
1631,E,1551326571371899.0,2.0746918,9.507965,1.4176734136732982,163,1970-01-18 22:55:26.571371899,-0.034622192,-0.03538513,-0.012802124,9.80668545904366,0.05113411760178462,97.49942779541016,-10.340519905090332,5.076735496520996,65007035.0,50354.0,0.10408293908450002,-0.01378234298600001,0.07057569627860526,0.005232442016189912,-0.000683840052063757,0.003506190809008685,65.00703581585549
1631,E,1551326621725903.0,2.1018982,9.521637,1.425760613673298,163,1970-01-18 22:55:26.621725903,-0.02798462,-0.023727417,-0.01210022,9.824732490726953,0.03863346474346676,97.49072265625,-10.390077590942383,5.076969623565674,65057389.0,50354.0,0.10515400643,-0.014360910446000023,0.07158913850650526,0.005267958577218567,-0.0007085626916574648,0.003579284045384728,65.05738981999457
1631,E,1551326672079907.0,1.9445343,9.528412,1.4970954136732981,163,1970-01-18 22:55:26.672079907,-0.037109375,-0.019577026,-0.02053833,9.790363099906834,0.04671390220356464,97.47105407714844,-10.415599822998047,5.0793633460998535,65107743.0,50354.0,0.1018770310525,-0.013846116327000047,0.07358874620050526,0.005212420430696903,-0.0007101683130638228,0.0036551436032684044,65.10774382390082
1631,E,1551326722433911.0,2.0162506,9.49025,1.4912818136732982,163,1970-01-18 22:55:26.722433911,-0.034591675,-0.03579712,-0.01600647,9.768452153474673,0.05228981603965465,97.4537124633789,-10.451987266540527,5.080546855926514,65158097.0,50354.0,0.09972068142729999,-0.01463634682600006,0.07523837345290527,0.005075625607103925,-0.0007171029748030837,0.003747020391513917,65.1580978280399
1631,E,1551326772787915.0,1.9263611,9.583466,1.385950413673298,163,1970-01-18 22:55:26.772787915,-0.040481567,-0.029312134,-0.025131226,9.85377243660407,0.05594226476173915,97.45025634765625,-10.471095085144043,5.0795440673828125,65208451.0,50354.0,0.0992631347709,-0.013250252268000057,0.07244007578790525,0.005009815540422081,-0.0007021009053896411,0.0037181003165358867,65.20845183194615
1631,E,1551326823141919.0,1.9252625,9.518143,1.3468421136732982,163,1970-01-18 22:55:26.823141919,-0.059921265,-0.027359009,-0.05644226,9.795076220134574,0.08674561710294017,97.45283508300781,-10.489727973937988,5.0775532722473145,65258804.99999999,50353.99999999255,0.09697232737718565,-0.012547990206998183,0.06880351746099508,0.004940620230501622,-0.0006495223507929347,0.003556089947227038,65.2588058358524
1631,E,1551326873495923.0,1.9940491,9.480728,1.4389137136732981,163,1970-01-18 22:55:26.873495923,-0.023727417,-0.03529358,-0.027069092,9.760881023560056,0.05041193160763385,97.44440460205078,-10.520614624023438,5.077327251434326,65309158.99999999,50354.0,0.09867650815320002,-0.015134624833000052,0.07013697446510526,0.0049258507321485205,-0.0006969651988620356,0.003498104765223429,65.30915983999148
1631,E,1551326923849926.0,2.0420837,9.501465,1.4025062136732982,163,1970-01-18 22:55:26.923849926,0.002822876,-0.0032043457,-0.02758789,9.795418741331936,0.02791644918195336,97.44219207763672,-10.557026863098145,5.077773571014404,65359513.00000001,50354.0000000149,0.10161771550563006,-0.01555452683900467,0.07153842951082642,0.005042807669059858,-0.0007726607716462915,0.003566961645903088,65.35951384296641
1631,E,1551326974203930.0,1.9490051,9.613449,1.4231819136732982,163,1970-01-18 22:55:26.974203930,0.00680542,-0.008346558,-0.025161743,9.88276539706525,0.027369546627991723,97.43516540527344,-10.576152801513672,5.078878879547119,65409867.00000001,50354.0,0.1004836427176,-0.012213010222000066,0.07114234998220526,0.005088305895986263,-0.0006991032805849164,0.0035922739852960587,65.40986784687266
1631,E,1551327024557934.0,1.852417,9.604019,1.5127662136732982,163,1970-01-18 22:55:27.024557934,0.0033111572,-0.013442993,-0.023880005,9.84442918068672,0.02760312412755458,97.41519165039062,-10.581652641296387,5.082075595855713,65460221.00000001,50354.0,0.0957084042117,-0.009631008164000076,0.07391836600220525,0.004939527165538986,-0.0005499668509043256,0.0036521936463395034,65.46022185101174
1631,E,1551327074911938.0,2.039322,9.506134,1.4767707136732982,163,1970-01-18 22:55:27.074911938,-0.0041656494,0.0015106201,-0.041381836,9.790361062913307,0.04161839687855769,97.4022445678711,-10.615640640258789,5.084751605987549,65510575.0,50353.99999999255,0.0979823128029855,-0.012332877918998246,0.07526757121979412,0.004876551182278015,-0.0005529847599115669,0.0037560543414377223,65.51057585491799
1631,E,1551327125265942.0,1.9238892,9.588867,1.5685524136732982,163,1970-01-18 22:55:27.125265942,0.009506226,0.021484375,-0.035232544,9.837201761146579,0.042347123380645786,97.37512969970703,-10.630642890930176,5.0911078453063965,65560929.0,50354.0,0.09978176838240001,-0.01271435982300004,0.07667210037720526,0.004979106272004452,-0.0006306143046302909,0.0038253851117976538,65.56092985905707
1631,E,1551327175619946.0,1.9985809,9.549072,1.5862678136732982,163,1970-01-18 22:55:27.175619946,-0.007797241,0.03552246,-0.04219055,9.811457099620913,0.05570174719850519,97.34577178955078,-10.65689468383789,5.098456859588623,65611283.0,50354.0,0.0987560297077,-0.011633309797000007,0.07942890886390527,0.004998586142514448,-0.0006130012780227412,0.00393015510966344,65.61128386296332
1631,E,1551327225973950.0,2.1966248,9.507828,1.5414222136732982,163,1970-01-18 22:55:27.225973950,-0.022354126,0.05696106,-0.044509888,9.818605010256869,0.0756663692489604,97.3236083984375,-10.711830139160156,5.105414867401123,65661637.0,50354.0,0.1056226939089,-0.013673628700000022,0.07874585181850526,0.005145643124495138,-0.0006371527905389698,0.00398236594970105,65.66163786686957
1631,E,1551327276327954.0,1.802063,9.652161,1.5667976136732982,163,1970-01-18 22:55:27.276327954,-0.0014190674,0.08555603,-0.015533447,9.876142135427335,0.08696629230540102,97.2964859008789,-10.706685066223145,5.114706039428711,65711991.0,50354.0,0.1006749627406,-0.01107815694700005,0.07825565059310527,0.005193956101464462,-0.0006231757072345208,0.003952826826217119,65.71199187100865
1631,E,1551327326681958.0,1.5902863,9.659897,1.4574379136732982,163,1970-01-18 22:55:27.326681958,-0.016418457,0.08526611,-0.012954712,9.859678812963145,0.08779350663799626,97.28516387939453,-10.670975685119629,5.120891571044922,65762345.0,50354.0,0.08540917832610001,-0.007249515734000026,0.07614117787200526,0.004685040419636306,-0.00046143581508953894,0.0038872489502660883,65.7623458749149
1631,E,1551327377035962.0,1.6780243,9.559509,1.432459213673298,163,1970-01-18 22:55:27.377035962,-0.007675171,0.050369263,-0.030960083,9.779045707653266,0.05961960788540376,97.28038024902344,-10.649999618530273,5.124355316162109,65812698.99999999,50353.99999999255,0.08228625597618783,-0.00958221513799859,0.07275893997519449,0.0042220679494280764,-0.00042377248816424643,0.0037488582670383934,65.81269987905398
1631,E,1551327427389965.0,1.706131,9.558838,1.5630897136732982,163,1970-01-18 22:55:27.427389965,0.01751709,0.009750366,-0.02671814,9.768146811357873,0.03340324960631309,97.25802612304688,-10.633992195129395,5.129283428192139,65863052.99999999,50354.0,0.0852028779881,-0.012126577581000038,0.07541893534380525,0.004216873925818875,-0.0005465622742862285,0.0037306743669064564,65.86305388202891
1631,E,1551327477743969.0,1.7485352,9.631638,1.5270332136732983,163,1970-01-18 22:55:27.477743969,0.02015686,0.025405884,-0.01965332,9.850804958597713,0.03792111461842144,97.24034881591797,-10.622957229614258,5.134090423583984,65913407.00000001,50354.0000000149,0.08697813091742575,-0.010310585748003078,0.07780002494182828,0.004335001261215704,-0.0005649004611344786,0.003857593763112537,65.91340788593516
1631,E,1551327528097973.0,1.7173004,9.645569,1.4383338136732982,163,1970-01-18 22:55:27.528097973,0.010437012,0.021575928,-0.010040283,9.869238308103172,0.02598574938825927,97.2354507446289,-10.607542037963867,5.136203765869141,65963761.00000001,50354.0,0.08725934290120001,-0.00812695936100002,0.07465904564750526,0.0043867768783315405,-0.000464202073209371,0.003838462020227651,65.96376189007424
1631,E,1551327578451977.0,1.6737518,9.650406,1.4796699136732983,163,1970-01-18 22:55:27.578451977,-0.0004272461,-0.010421753,-0.009765625,9.861585318884062,0.014288558585931586,97.22427368164062,-10.58610725402832,5.137807369232178,66014115.00000001,50354.0,0.0853765212394,-0.007654437425000028,0.07346657984340527,0.004346453151467887,-0.00039732822688112317,0.0037293588729846545,66.01411589398049
1631,E,1551327628805981.0,1.7845154,9.583115,1.4479164136732983,163,1970-01-18 22:55:27.628805981,-0.0052490234,-0.015258789,-0.011749268,9.819043701680497,0.01996066599430221,97.21906280517578,-10.582555770874023,5.138044834136963,66064469.0,50353.99999999255,0.08706879329438712,-0.00922684178299868,0.07370784096359437,0.004341655684016516,-0.0004250199666197206,0.003705410392657282,66.06446989788674
1631,E,1551327679159985.0,1.7491913,9.539154,1.4786933136732983,163,1970-01-18 22:55:27.679159985,-0.00038146973,-0.018218994,-0.008560181,9.76608710893999,0.020133404090707147,97.21049499511719,-10.575404167175293,5.1387786865234375,66114823.0,50354.0,0.0889681335859,-0.012027833387000053,0.07368325310540526,0.004432081708064989,-0.000535128956755058,0.0037108655753752043,66.11482390202582
1631,E,1551327729513989.0,1.7447968,9.554733,1.5738929136732982,163,1970-01-18 22:55:27.729513989,-0.0023651123,-0.036239624,-0.007797241,9.769788516930339,0.03714432757589062,97.18783569335938,-10.567630767822266,5.141194820404053,66165177.0,50354.0,0.0879681383937,-0.012742407001000024,0.07685496344590527,0.004454724519630389,-0.0006236403422486779,0.003790100678112345,66.16517790593207
1631,E,1551327779867993.0,1.810669,9.6035,1.5150245136732983,163,1970-01-18 22:55:27.779867993,-0.007797241,-0.029663086,-0.0060272217,9.835896394437349,0.031257367766279166,97.17330932617188,-10.568166732788086,5.142376899719238,66215531.0,50354.0,0.08951596244660001,-0.011122367759000013,0.07776967406830528,0.004468517206856234,-0.0006008434341325209,0.003892984498695279,66.21553191007115
1631,E,1551327830221997.0,1.7679749,9.605392,1.4959816136732982,163,1970-01-18 22:55:27.830221997,-0.004119873,-0.026931763,-0.0027923584,9.83214993355667,0.02738777970662004,97.16207122802734,-10.562639236450195,5.143105506896973,66265885.0,50354.0,0.09009951747030001,-0.009846926116000023,0.07580810126820527,0.004522178937867792,-0.000527943911890876,0.003866627649647326,66.2658859139774
1631,E,1551327880576001.0,1.79245,9.633102,1.5310768136732982,163,1970-01-18 22:55:27.880576001,-0.0076141357,-0.017944336,-0.0025024414,9.859674167787269,0.019652899783475834,97.1452407836914,-10.56021499633789,5.145261287689209,66316238.99999999,50353.99999999255,0.08964081770728674,-0.009101636561998706,0.07621225002529398,0.004525322418765432,-0.00047706796254390343,0.0038274163845158646,66.31623991788365
1631,E,1551327930930005.0,1.7407379,9.629532,1.5149635136732982,163,1970-01-18 22:55:27.930930005,-0.017700195,-0.01965332,0.0001373291,9.848721449467867,0.02644936198364966,97.13074493408203,-10.550613403320312,5.146793365478516,66366592.99999999,50354.0,0.0889550717583,-0.008493863782000075,0.07669015732160527,0.004496508709075078,-0.0004430019121608573,0.003849623909772883,66.36659392202273
1631,E,1551327981284008.0,1.7716217,9.602737,1.551126813673298,163,1970-01-18 22:55:27.981284008,-0.043121338,-0.011489868,0.0021820068,9.82401409327763,0.04467916753077338,97.11040496826172,-10.546638488769531,5.149547100067139,66416946.99999999,50354.0,0.0884306776492,-0.009258363387000068,0.07719495617160525,0.004466041012832628,-0.0004469478234339166,0.0038743655024185615,66.41694792499766
1631,E,1551328031638012.0,1.6630096,9.589691,1.5757087136732981,163,1970-01-18 22:55:28.031638012,-0.10270691,-0.013977051,0.00843811,9.789559644376155,0.10399648559820088,97.08418273925781,-10.527848243713379,5.152670860290527,66467301.00000001,50354.0000000149,0.0864737122401256,-0.010261440244003082,0.07872433807202855,0.0044035678242448535,-0.0004914500960179117,0.0039255800711731305,66.46730192890391
1631,E,1551328081992016.0,1.815033,9.574142,1.5989021136732982,163,1970-01-18 22:55:28.081992016,-0.07128906,0.011276245,0.0012969971,9.798875468100999,0.07218702084489312,97.05682373046875,-10.531682014465332,5.157559871673584,66517655.00000001,50354.0,0.0875666785402,-0.010981376559000028,0.07992717680010525,0.004381814918676258,-0.0005348303986492094,0.003994369189935713,66.51765593304299
1631,E,1551328132346020.0,1.7547455,9.612366,1.623300913673298,163,1970-01-18 22:55:28.132346020,-0.033584595,-0.00012207031,0.010803223,9.82275426392527,0.035279591120963086,97.02792358398438,-10.52623462677002,5.162464141845703,66568009.0,50353.99999999255,0.0898763132944867,-0.010410488083998498,0.08112540561949326,0.004467482205421246,-0.0005385829761166942,0.004054820867577632,66.56800993694924
1631,E,1551328182700024.0,1.713623,9.621826,1.641489373673298,163,1970-01-18 22:55:28.182700024,-0.008956909,0.0025177002,0.007965088,9.822912250498476,0.01224776142726111,96.99809265136719,-10.51470947265625,5.167901515960693,66618363.0,50354.0,0.08732311372450001,-0.009209948016000032,0.08219762506452526,0.004461349974057029,-0.0004939837196896629,0.004111983943531535,66.61836394085549
1631,E,1551328233054028.0,1.7597046,9.595993,1.5978187136732982,163,1970-01-18 22:55:28.233054028,-0.00793457,-0.009719849,0.0,9.810264724691947,0.012547225417107202,96.97603607177734,-10.510144233703613,5.171380043029785,66668717.0,50354.0,0.0874479689852,-0.009622171037000025,0.08155605971512525,0.004400211549382117,-0.0004741362613973825,0.004122826521697261,66.66871794499457
1631,E,1551328283408032.0,1.7776184,9.580399,1.6578162836732981,163,1970-01-18 22:55:28.283408032,-0.0014953613,-0.007385254,-0.0057525635,9.792118520750469,0.009479982536038024,96.94622039794922,-10.508594512939453,5.176480770111084,66719071.0,50354.0,0.089059181171,-0.01066517861600004,0.08196712232819525,0.0044439205194826475,-0.0005107746022135827,0.00411702315430468,66.71907194890082
1631,E,1551328333762036.0,1.7697754,9.603317,1.6752418136732983,163,1970-01-18 22:55:28.333762036,0.015274048,0.003692627,-0.009536743,9.8114168514904,0.018381553348819083,96.9149398803711,-10.505288124084473,5.182559490203857,66769425.0,50354.0,0.08931273370260001,-0.010480782268000026,0.08391640371689527,0.004490869700772627,-0.0005323918571764697,0.004176449535237244,66.7694259530399
1631,E,1551328384116040.0,1.7815247,9.574783,1.6175788136732983,163,1970-01-18 22:55:28.384116040,0.030288696,-0.0019378662,-0.019317627,9.791405517988881,0.0359768139737338,96.89420318603516,-10.50379753112793,5.186635494232178,66819779.0,50354.0,0.0894110826177,-0.010622176300000022,0.08290334493470528,0.0044997295234961935,-0.0005313091878665372,0.004200020811801347,66.81977995694615
1631,E,1551328434470044.0,1.7435455,9.560028,1.5511726136732982,163,1970-01-18 22:55:28.434470044,0.050064087,-0.0052490234,-0.02619934,9.777220422025755,0.05674830808255799,96.88506317138672,-10.496687889099121,5.188658237457275,66870132.99999999,50353.99999999255,0.08875069242538687,-0.01171206345299828,0.07977965468629346,0.004485579010259135,-0.000562309154261155,0.00409586988145728,66.8701339608524
1631,E,1551328484824048.0,1.7239075,9.662964,1.5385231136732982,163,1970-01-18 22:55:28.484824048,0.046691895,-0.0046691895,-0.022491455,9.87583366390122,0.052036525030933416,96.8761215209961,-10.484457969665527,5.190615653991699,66920486.99999999,50354.0,0.087300064181,-0.009491930416000001,0.07778926932740525,0.004432429899079002,-0.0005338529536397697,0.0039671127998928924,66.92048796499148
1631,E,1551328535178051.0,1.7271881,9.705627,1.5959114136732981,163,1970-01-18 22:55:28.535178051,0.0121154785,-0.015930176,-0.007827759,9.912010910872622,0.021490210274378873,96.85670471191406,-10.472765922546387,5.193525791168213,66970840.99999999,50354.0,0.0868882339212,-0.005826184393000027,0.07891565809500527,0.00438553878131909,-0.0003856641765461937,0.0039453599577140295,66.97084196796641
1631,E,1551328585532055.0,1.8179169,9.688507,1.6611274136732983,163,1970-01-18 22:55:28.585532055,-0.026611328,-0.012710571,0.015258789,9.904907250031386,0.033204698986982945,96.82660675048828,-10.476073265075684,5.198044300079346,67021195.00000001,50354.0000000149,0.08925510858502642,-0.005183088282001587,0.08200246655612951,0.004434760934280575,-0.00027718045813859767,0.0040514356243428196,67.02119597187266
1631,E,1551328635886059.0,1.7775116,9.566574,1.573587713673298,163,1970-01-18 22:55:28.635886059,-0.028961182,0.005142212,0.018981934,9.78729065210728,0.03500723104546293,96.81172180175781,-10.476751327514648,5.200626373291016,67071549.00000001,50354.0,0.09052210334449999,-0.008684025663000068,0.08144042276120526,0.004526250864749687,-0.00034913232779330665,0.004115001624342538,67.07154997601174
1631,E,1551328686240063.0,1.6555786,9.556366,1.5539344136732982,163,1970-01-18 22:55:28.686240063,-0.0022583008,0.012924194,0.008148193,9.75802660302197,0.015444344020325552,96.80154418945312,-10.459527015686035,5.2030415534973145,67121903.0,50353.99999999255,0.0864349119653872,-0.012010939619998263,0.0787416246001936,0.004455246774456371,-0.0005210371409299718,0.0040329034064173425,67.12190397991799
1631,E,1551328736594067.0,1.6409912,9.594498,1.512812013673298,163,1970-01-18 22:55:28.736594067,0.0071105957,-0.0063934326,-0.010040283,9.797514889993398,0.013865202282682005,96.79766845703125,-10.438551902770996,5.203554630279541,67172257.0,50354.0,0.0829977378546,-0.011307897072000028,0.07721147480130526,0.004265805824517818,-0.000587098351394441,0.003926431183631537,67.17225798405707
1631,E,1551328786948071.0,1.7438507,9.56427,1.5626167136732982,163,1970-01-18 22:55:28.786948071,0.018508911,-0.005508423,-0.017059326,9.780169166649394,0.02576709362592386,96.78760528564453,-10.433492660522461,5.205374240875244,67222611.0,50354.0,0.0852201645163,-0.01110889806400003,0.07743006906840526,0.00423522212799215,-0.0005643876511390735,0.003893410150007702,67.22261198796332
1631,E,1551328837302075.0,1.7605438,9.594452,1.606684113673298,163,1970-01-18 22:55:28.837302075,0.01802063,-0.007095337,-0.01689148,9.807980683342652,0.02569842425774135,96.77079010009766,-10.430312156677246,5.208334922790527,67272965.0,50354.0,0.0882301403265,-0.011110056206000014,0.07979348693010527,0.004366958325027176,-0.000559406611655791,0.003958417469374499,67.27296599186957
1631,E,1551328887656079.0,1.7963257,9.672882,1.6798957536732981,163,1970-01-18 22:55:28.887656079,0.012939453,0.005142212,-0.011245728,9.883859684429227,0.017897993922284614,96.74210357666016,-10.430862426757812,5.213963508605957,67323319.0,50354.0,0.0895513034015,-0.008375531882000038,0.08274622132018525,0.004476003408739856,-0.0004905886512915773,0.004092262234617564,67.32331999600865
1631,E,1551328938010083.0,1.82901,9.642487,1.7401374536732983,163,1970-01-18 22:55:28.938010083,-0.01335144,-0.012710571,0.00881958,9.854514665125269,0.02043537512736287,96.70458984375,-10.43794059753418,5.219963550567627,67373674.0,50355.0,0.09127688958675,-0.007166297002500069,0.08610788607796893,0.004552801828961664,-0.00039130439673950137,0.004251324289017026,67.3736739999149
1631,E,1551328988364087.0,1.7812653,9.590881,1.6037391136732981,163,1970-01-18 22:55:28.988364087,-0.017745972,0.005493164,0.018447876,9.80853664741149,0.026180498503028088,96.68848419189453,-10.439533233642578,5.222884654998779,67424028.0,50354.0,0.09089590122810001,-0.00923069386400007,0.08418878033608526,0.004586564354345479,-0.000412827039045874,0.004287559170306643,67.42402800405398
1631,E,1551329038718090.0,1.6745758,9.580734,1.5569404136732983,163,1970-01-18 22:55:29.038718090,-0.014129639,0.0012969971,0.017791748,9.784795874033168,0.022756871415975294,96.68004608154297,-10.425792694091797,5.224242210388184,67474382.0,50354.0,0.0870077113747,-0.010785449145000056,0.07957642846000527,0.004479079254500696,-0.0005039464325375963,0.004123116661859171,67.47438200702891
1631,E,1551329089072094.0,1.6533356,9.557922,1.5329536136732982,163,1970-01-18 22:55:29.089072094,-0.009811401,-0.0038146973,0.007385254,9.761501961084543,0.012859140006934536,96.676025390625,-10.409279823303223,5.22465705871582,67524736.0,50354.0,0.08378682531779999,-0.011615257888000056,0.07779426192650526,0.004300094050307073,-0.0005639826009698439,0.003962121871861176,67.52473601093516
1631,E,1551329139426098.0,1.7535553,9.54184,1.4966072136732982,163,1970-01-18 22:55:29.139426098,0.012969971,-0.00440979,-0.00630188,9.767401504551266,0.015079127531768575,96.67889404296875,-10.407271385192871,5.224078178405762,67575090.0,50354.0,0.0857752921893,-0.012594492126000034,0.07627525295010526,0.004269065432476257,-0.0006095288761024803,0.0038790081760484234,67.57509001507424
1631,E,1551329189780102.0,1.752655,9.504562,1.5455268136732982,163,1970-01-18 22:55:29.189780102,0.041610718,0.008636475,-0.02029419,9.725258059506011,0.047094529413268894,96.67636108398438,-10.405693054199219,5.225448131561279,67625444.0,50354.0,0.08827585672310001,-0.013937936846000023,0.07659180840650526,0.004382085776167495,-0.0006680069642280455,0.003848734003775383,67.62544401898049
1631,E,1551329240134106.0,1.6747589,9.432343,1.345758813673298,163,1970-01-18 22:55:29.240134106,0.10171509,0.0030059814,-0.056869507,9.665325936921022,0.11657245079480955,96.70803833007812,-10.392243385314941,5.221118450164795,67675798.0,50354.0,0.08629199976030001,-0.016694742815000052,0.07279389823970527,0.004395094922682562,-0.000771238975824999,0.0037610839362316427,67.67579802288674
1631,E,1551329290488110.0,1.5783539,9.630173,1.2487434136732982,163,1970-01-18 22:55:29.290488110,0.17124939,0.045516968,-0.07608032,9.855672913852118,0.19283765981412324,96.75232696533203,-10.359392166137695,5.217349052429199,67726152.0,50354.0,0.08190362096560001,-0.013532234668000069,0.06532178257790526,0.004234661143015985,-0.0007610246120894941,0.0034773384959449804,67.72615202702582
1631,E,1551329340842114.0,1.5257721,9.939316,1.5159858136732982,163,1970-01-18 22:55:29.340842114,0.09854126,0.03147888,-0.04925537,10.117063171580911,0.1145748283100564,96.74768829345703,-10.315006256103516,5.220890045166016,67776506.0,50354.0,0.07815258030200001,-0.0007681754470000604,0.06960758775690527,0.004029734979314366,-0.0003600414254653583,0.003397116756919525,67.77650603093207
1631,E,1551329391196118.0,1.6838531,9.87738,1.5782112136732982,163,1970-01-18 22:55:29.391196118,-0.042648315,0.002609253,-0.00491333,10.074742635796502,0.04300962433277154,96.7284927368164,-10.297451972961426,5.224096298217773,67826860.0,50354.0,0.0808087336604,0.005455755191999972,0.07790259855750527,0.004002169001631345,0.00011801919523986278,0.0037138639608379144,67.82686003507115
1631,E,1551329441550122.0,1.8697357,9.496857,1.4950202136732982,163,1970-01-18 22:55:29.441550122,-0.06692505,-0.004043579,0.03147888,9.74526879998883,0.0740691078296893,96.72710418701172,-10.31808853149414,5.223365306854248,67877214.0,50354.0,0.0894687052176,-0.0056840350510000155,0.07737474764630525,0.0042870750786314065,-5.7474020100440945e-06,0.003909417745373337,67.8772140389774
1631,E,1551329491904126.0,1.7193909,9.581879,1.4472755136732982,163,1970-01-18 22:55:29.491904126,-0.013870239,0.06440735,0.031600952,9.806286474220048,0.07307058526689057,96.73334503173828,-10.314542770385742,5.225090980529785,67927568.0,50354.0,0.0903634404082,-0.01312386372800001,0.07407817952740527,0.004527633930420767,-0.00047352646755888375,0.0038131303474525096,67.92756804288365
1631,E,1551329542258130.0,1.5437775,9.579025,1.3113349136732981,163,1970-01-18 22:55:29.542258130,-0.0012817383,0.04458618,0.01449585,9.791581061411517,0.04690095912968718,96.76033782958984,-10.284490585327148,5.222346305847168,67977922.0,50354.0,0.08215679080680001,-0.011055119992000028,0.06945353472930527,0.004343541861300056,-0.000608754273118441,0.0036136979698412008,67.97792204702273
1631,E,1551329592612133.0,1.6983337,9.658188,1.4993080136732981,163,1970-01-18 22:55:29.592612133,-0.012664795,0.04057312,0.0011901855,9.871134339373068,0.0425204849507956,96.75699615478516,-10.275351524353027,5.224802017211914,68028276.0,50354.0,0.0816266336824,-0.009133888299000022,0.07076355698180527,0.004123575278364589,-0.0005082986617425084,0.0035302457180106297,68.02827604999766
1631,E,1551329642966137.0,1.7120056,9.585907,1.4106697136732982,163,1970-01-18 22:55:29.642966137,-0.014480591,0.025482178,0.013336182,9.813404940553323,0.0322006624414792,96.76809692382812,-10.270462989807129,5.223861217498779,68078630.0,50354.0,0.0858621125561,-0.008960620184999999,0.07326450924140526,0.004216864164046715,-0.0004555654401016686,0.0036261946233017714,68.07863005390391
1631,E,1551329693320141.0,1.7144623,9.617233,1.472513513673298,163,1970-01-18 22:55:29.693320141,-0.009384155,0.04612732,0.012191772,9.836977440534177,0.04862541845523192,96.76934051513672,-10.265509605407715,5.225742340087891,68128984.0,50354.0,0.08626818231830001,-0.009991744220000006,0.07258990411490526,0.004333724434052769,-0.00047716367862468516,0.00367217656507183,68.12898405804299
1631,E,1551329743674145.0,1.6867981,9.593033,1.544184113673298,163,1970-01-18 22:55:29.743674145,-0.03515625,0.005340576,0.014205933,9.80033800958175,0.03829219500726963,96.75948333740234,-10.25738525390625,5.227362632751465,68179338.0,50354.0,0.0856335330908,-0.009812332918000018,0.07595139616370526,0.0043279694888549115,-0.0004986072501034267,0.003739824317114577,68.17933806194924
1631,E,1551329794028149.0,1.7141266,9.500809,1.398477913673298,163,1970-01-18 22:55:29.794028149,-0.0011901855,0.013595581,-0.0046844482,9.73220314265286,0.01442915171416721,96.7746810913086,-10.254423141479492,5.225337028503418,68229692.0,50354.0,0.0856250811719,-0.012743539966000026,0.07408740186250526,0.004311778131291999,-0.0005678892116004692,0.003777526817905902,68.22969206585549
1631,E,1551329844382153.0,1.6696167,9.594025,1.4364570136732981,163,1970-01-18 22:55:29.844382153,0.032226563,0.00843811,-0.007095337,9.810868878597695,0.03406019480726201,96.78387451171875,-10.242720603942871,5.224442958831787,68280046.0,50354.0,0.0851925050641,-0.012718564382000024,0.07137515666580527,0.004300674368663773,-0.0006410594011695974,0.0036623108360672742,68.28004606999457
1631,E,1551329894736157.0,1.5789795,9.627945,1.3844245136732982,163,1970-01-18 22:55:29.894736157,0.03138733,-0.017196655,-0.010299683,9.835519210089007,0.03724208503317737,96.80005645751953,-10.217007637023926,5.221068382263184,68330400.0,50354.0,0.0817899065274,-0.009517661310000019,0.07102133421400526,0.004204116176639196,-0.000559841454247485,0.0035851164508809903,68.33040007390082
1631,E,1551329945090161.0,1.6548462,9.656479,1.4365943136732982,163,1970-01-18 22:55:29.945090161,0.016464233,-0.030014038,-0.018829346,9.869447194310721,0.03906990806402607,96.80699920654297,-10.20178508758545,5.218624591827393,68380754.0,50354.0,0.08141802964889999,-0.007945256952000048,0.07102479101610526,0.004109086209110705,-0.00043966389308237576,0.0035762952949184926,68.3807540780399
1631,E,1551329995444165.0,1.687149,9.557907,1.5101264136732981,163,1970-01-18 22:55:29.995444165,0.007156372,-0.043426514,-0.0044403076,9.769857219782349,0.04423564298139225,96.80435943603516,-10.194869041442871,5.21705961227417,68431108.0,50354.0,0.08414141315040001,-0.009708603678000053,0.07418958775240526,0.004168290091357977,-0.00044447124908151257,0.003656062414254789,68.43110808194615
1631,E,1551330045798169.0,1.6997681,9.641678,1.5174354136732982,163,1970-01-18 22:55:30.045798169,0.016326904,-0.0385437,-0.016647339,9.853168426217758,0.04504795777497729,96.7996826171875,-10.18729019165039,5.216245651245117,68481462.0,50354.0,0.0852724118267,-0.010081248455000016,0.07622492412710526,0.004265331871448447,-0.0004982491071525428,0.0037869861655904368,68.4814620858524
1631,E,1551330096152173.0,1.7806091,9.6163025,1.505731913673298,163,1970-01-18 22:55:30.096152173,0.011306763,-0.03604126,-0.012573242,9.843969757259126,0.03981082423558112,96.79701232910156,-10.192300796508789,5.215130805969238,68531816.0,50354.0,0.0876254567644,-0.008611024951500026,0.07611428380060525,0.004353049637518125,-0.00047061536755545164,0.0038354442379959675,68.53181608999148
1631,E,1551330146506176.0,1.7624207,9.620438,1.4340767136732981,163,1970-01-18 22:55:30.146506176,-0.016220093,-0.022613525,0.017425537,9.853164241150225,0.03283461998550681,96.8033676147461,-10.195823669433594,5.2126545906066895,68582170.0,50354.0,0.08920286127460002,-0.009145784431500041,0.07401556181070526,0.004452006563267903,-0.00044706318983579274,0.003779819122955965,68.58217009296641
1631,E,1551330196860180.0,1.7689514,9.549362,1.545404813673298,163,1970-01-18 22:55:30.196860180,-0.030899048,-0.022964478,0.016174316,9.77199640855906,0.041757956309985335,96.793701171875,-10.202333450317383,5.2128777503967285,68632524.0,50354.0,0.0889093553617,-0.010831145400000027,0.07501440641400527,0.004484331278252126,-0.0005029591623676772,0.0037521275099935375,68.63252409687266
1631,E,1551330247214184.0,1.7565002,9.547211,1.438517013673298,163,1970-01-18 22:55:30.247214184,-0.005569458,-7.6293945e-05,0.008880615,9.78007350116603,0.010482843409973873,96.80115509033203,-10.206379890441895,5.211451530456543,68682878.0,50354.0,0.0887602949332,-0.012674781579000007,0.07512619984710525,0.004473188785474698,-0.0005918087235502839,0.0037800900438359803,68.68287810101174
1631,E,1551330297568188.0,1.7273102,9.55603,1.4866127136732983,163,1970-01-18 22:55:30.297568188,0.006958008,0.0026245117,0.007369995,9.777755071383464,0.010469897959938572,96.80176544189453,-10.205979347229004,5.211490154266357,68733232.0,50354.0,0.0877118944408,-0.012506901343000022,0.07364599114540527,0.0044430403118691985,-0.0006339992309271948,0.0037456374526184375,68.73323210491799
1631,E,1551330347922192.0,1.6478729,9.64447,1.4333290136732981,163,1970-01-18 22:55:30.347922192,0.009414673,0.015731812,-0.002456665,9.856924694323606,0.01849759928808325,96.8086166381836,-10.191399574279785,5.211143970489502,68783586.0,50354.0,0.08497698490870001,-0.010058211500000039,0.07351537286940527,0.004347787915382362,-0.0005681218460482126,0.0037050816618008848,68.78358610905707
1631,E,1551330398276196.0,1.6820068,9.638168,1.4211830136732981,163,1970-01-18 22:55:30.398276196,0.0008087158,0.013656616,0.0025939941,9.858005881580246,0.013924294854945455,96.8167953491211,-10.1824312210083,5.210358619689941,68833940.0,50354.0,0.08383638120690001,-0.007990223074000026,0.07186804931250526,0.004250214118692462,-0.00045440543726959966,0.0036603184202739615,68.83394011296332
1631,E,1551330448630200.0,1.7167053,9.590698,1.431345313673298,163,1970-01-18 22:55:30.448630200,-0.0065307617,0.013473511,0.003753662,9.816363245620378,0.015436201782159752,96.82376098632812,-10.179935455322266,5.209704875946045,68884294.0,50354.0,0.08556937454170001,-0.009344040718000036,0.07181810569760526,0.004265128712482503,-0.0004364247594911856,0.0036175863246895525,68.88429411686957
1631,E,1551330498984204.0,1.6881866,9.598343,1.4041847136732981,163,1970-01-18 22:55:30.498984204,-0.000579834,0.021408081,0.005630493,9.822236807065362,0.022143725770365878,96.83464813232422,-10.173271179199219,5.208789825439453,68934648.0,50354.0,0.0857249633663,-0.010346714743000047,0.07139013949850526,0.004312677545509717,-0.0004957541502415992,0.003605553989302475,68.93464812100865
1631,E,1551330549338208.0,1.6901855,9.590744,1.4722236136732982,163,1970-01-18 22:55:30.549338208,0.00032043457,0.011077881,0.0043792725,9.806902734846425,0.011916381724041417,96.83551788330078,-10.167329788208008,5.20915412902832,68985002.0,50354.0,0.0850572743617,-0.01034555660100002,0.07241933245760526,0.0042997843992778565,-0.0005209693156278897,0.0036206910754389946,68.9850021249149
1631,E,1551330599692212.0,1.7361755,9.645386,1.467066113673298,163,1970-01-18 22:55:30.599692212,-0.0011444092,0.015609741,0.0020141602,9.868939686553263,0.015780701119259236,96.8360366821289,-10.166646003723145,5.20980167388916,69035356.0,50354.0,0.086265490897,-0.00916115499000001,0.07400249746540526,0.00431339326091829,-0.0004911204777266078,0.003686462411971636,69.03535612905398
1631,E,1551330650046215.0,1.739151,9.590683,1.4401649136732981,163,1970-01-18 22:55:30.650046215,-0.0058288574,0.0041656494,0.007675171,9.819227835040973,0.010499355379855285,96.84135437011719,-10.167933464050293,5.208970546722412,69085710.0,50354.0,0.0874982952905,-0.009162690787000024,0.07319535557550526,0.004374850844842688,-0.0004613394651275298,0.0037060003460110042,69.08571013202891
1631,E,1551330700400219.0,1.7440186,9.684845,1.4684700136732982,163,1970-01-18 22:55:30.700400219,-0.0047912598,0.02508545,0.006286621,9.908721381547602,0.026301284679103358,96.840576171875,-10.167633056640625,5.2102556228637695,69136064.0,50354.0,0.08769576101920001,-0.008169231544000047,0.07323070156580526,0.004410860755709318,-0.0004363658085275888,0.003686568840646775,69.13606413593516
1631,E,1551330750754223.0,1.7076569,9.551895,1.4055885136732982,163,1970-01-18 22:55:30.750754223,-0.010116577,0.00831604,0.010787964,9.780057730003726,0.016967080442545943,96.85134887695312,-10.165428161621094,5.208608627319336,69186418.0,50354.0,0.08690283406350001,-0.009145797020000054,0.07236017154300527,0.004395868828397139,-0.00043594047415583054,0.0036655414122605226,69.18641814007424
1631,E,1551330801108227.0,1.6755676,9.599136,1.4733070136732982,163,1970-01-18 22:55:30.801108227,0.0038909912,0.032714844,0.0087890625,9.812475677466347,0.034097631150737134,96.85148620605469,-10.157723426818848,5.210166931152344,69236772.0,50354.0,0.08517944323650001,-0.011303692513000044,0.07248195269200526,0.004332515495582101,-0.0005148567979723434,0.0036466901618648602,69.23677214398049
1631,E,1551330851462231.0,1.6837921,9.583557,1.4888252136732982,163,1970-01-18 22:55:30.851462231,-0.0076293945,0.002670288,0.006576538,9.79682899717014,0.010420602214124587,96.84928894042969,-10.15153694152832,5.210575103759766,69287126.0,50354.0,0.0845785991669,-0.010506538339000025,0.07457760308790526,0.0042739982335904024,-0.0005491161821608057,0.003702518435870808,69.28712614788674
1631,E,1551330901816235.0,1.7650757,9.603638,1.4473518136732981,163,1970-01-18 22:55:30.901816235,0.0008087158,0.010360718,-0.0011901855,9.83563516189128,0.010460164446370043,96.8532485961914,-10.156205177307129,5.210399150848389,69337480.0,50354.0,0.0868321446006,-0.010393191485000014,0.07392412901750527,0.004315608295834348,-0.000526192497778849,0.0037388281092179208,69.33748015202582
1631,E,1551330952170239.0,1.7561646,9.613312,1.4483589136732982,163,1970-01-18 22:55:30.952170239,0.00048828125,0.00032043457,-0.0035552979,9.843366714205674,0.003602948799316618,96.85685729980469,-10.1590576171875,5.209803581237793,69387834.0,50354.0,0.08865426703309999,-0.00964404985000002,0.07290530898240527,0.004418221385701665,-0.0005044776250912958,0.0036967247605237483,69.38783415593207
1631,E,1551331002524243.0,1.7609253,9.60434,1.420801513673298,163,1970-01-18 22:55:31.002524243,0.015838623,0.010421753,-0.0008392334,9.838799546929337,0.018978388414952772,96.86524963378906,-10.162859916687012,5.208975791931152,69438188.0,50354.0,0.08854977241230001,-0.00962637559600001,0.07223685207930526,0.004461466101116836,-0.0004851715014539428,0.0036542441890506858,69.43818816007115
1631,E,1551331052878247.0,1.7354279,9.584213,1.4280494136732982,163,1970-01-18 22:55:31.052878247,0.0064849854,-0.006286621,0.0027770996,9.813723613568088,0.00944928152952246,96.87244415283203,-10.163532257080078,5.207441329956055,69488542.0,50354.0,0.0880276845164,-0.01035900111900002,0.07172551979780527,0.004445690633093881,-0.0005031718295535558,0.003624540636750012,69.4885421639774
1631,E,1551331103232251.0,1.6667633,9.633606,1.4868415136732982,163,1970-01-18 22:55:31.103232251,-0.0005187988,-0.011428833,-0.00032043457,9.843125848985357,0.01144508865192496,96.86961364746094,-10.15308666229248,5.20737886428833,69538896.0,50354.0,0.0856569678424,-0.009622171037000025,0.07338820887780527,0.004372858492437508,-0.0005030659713716132,0.003653528346865847,69.53889616788365
1631,E,1551331153586255.0,1.753952,9.584747,1.4604438136732982,163,1970-01-18 22:55:31.153586255,-0.0043029785,-0.021057129,0.0012359619,9.813630273571805,0.021527793837556947,96.87150573730469,-10.156584739685059,5.205973148345947,69589250.0,50354.0,0.0861233491081,-0.009608726519000025,0.07420380268660526,0.004324913039862739,-0.00048417630776741323,0.0037159240751571646,69.58925017202273
1631,E,1551331203940258.0,1.7905884,9.559601,1.4877418136732983,163,1970-01-18 22:55:31.203940258,-0.0019378662,-0.023666382,0.000579834,9.792486192213454,0.023752666583913954,96.86991119384766,-10.1659574508667,5.205076217651367,69639604.0,50354.0,0.0892408936508,-0.011471950404000016,0.07422646953970527,0.004415145539940825,-0.0005307482028903721,0.0037370289638418205,69.63960417499766
1631,E,1551331254294262.0,1.7870789,9.586807,1.4784034136732982,163,1970-01-18 22:55:31.254294262,-0.0037078857,-0.007751465,0.0018920898,9.81949663619996,0.008798501566843841,96.86902618408203,-10.174003601074219,5.204811096191406,69689958.0,50354.0,0.09007492961210001,-0.011420085784000012,0.07467863838890527,0.004514634482290034,-0.0005763527951052768,0.0037489839023186282,69.68995817890391
1631,E,1551331304648266.0,1.7485809,9.6037445,1.4623664136732981,163,1970-01-18 22:55:31.304648266,-0.0053253174,-0.014205933,0.0037994385,9.831000638902651,0.01563979765618833,96.87019348144531,-10.17588996887207,5.2038397789001465,69740312.0,50354.0,0.08901730678460001,-0.010308684884500043,0.07403976194310526,0.004509005235759716,-0.0005470652591208259,0.0037442831651590294,69.74031218304299
1631,E,1551331355002270.0,1.7750092,9.599655,1.4509987136732982,163,1970-01-18 22:55:31.355002270,-0.0002746582,-0.00579834,0.0041503906,9.833097086032184,0.007135960062598136,96.87326049804688,-10.181657791137695,5.202989101409912,69790666.0,50354.0,0.0887134279477,-0.009985210788500043,0.07334979381120525,0.004474726708355118,-0.0005109394113591232,0.003710826845226276,69.79066618694924
1631,E,1551331405356274.0,1.7446442,9.556854,1.4554847136732982,163,1970-01-18 22:55:31.405356274,-0.0034942627,0.0004119873,0.00074768066,9.785318835199527,0.0035970309591815603,96.87613677978516,-10.183913230895996,5.202465057373047,69841020.0,50354.0,0.0886143136518,-0.011165772907000042,0.07317653325030526,0.004464580550250612,-0.0005325183165016057,0.003689093336427651,69.84102019085549
1631,E,1551331455710278.0,1.7626343,9.573257,1.4607032136732983,163,1970-01-18 22:55:31.455710278,0.0059814453,0.010314941,-0.0044403076,9.803934923359382,0.012723679785855617,96.87826538085938,-10.188094139099121,5.202672004699707,69891374.0,50354.0,0.0883027507945,-0.011830395353000052,0.07342086344680528,0.004454240931564496,-0.0005789745282820224,0.003690882656643152,69.89137419499457
1631,E,1551331506064282.0,1.6976318,9.6474,1.4348854136732982,163,1970-01-18 22:55:31.506064282,0.008972168,0.0022735596,-0.004135132,9.86804141261852,0.010137464600796403,96.88301849365234,-10.180851936340332,5.202047824859619,69941728.0,50354.0,0.0871191195997,-0.009550718711000055,0.07290223487070527,0.004416596430914774,-0.0005383123087893307,0.0036839766463399636,69.94172819890082
1631,E,1551331556418286.0,1.72995,9.581482,1.4552864136732981,163,1970-01-18 22:55:31.556418286,0.0051727295,-0.0027008057,-0.007598877,9.806794195616185,0.009580940119343809,96.88568115234375,-10.179945945739746,5.20153284072876,69992082.0,50354.0,0.08629622697860001,-0.009343637886000069,0.07276585609710526,0.004366078180801859,-0.00047570321604267215,0.0036674855262965656,69.9920822030399
1631,E,1551331606772290.0,1.6982727,9.589935,1.4827369136732982,163,1970-01-18 22:55:31.606772290,0.0033111572,-0.009460449,-0.0060424805,9.806275125623415,0.011703650194601387,96.88406372070312,-10.174412727355957,5.20142126083374,70042436.0,50354.0,0.08631236291790001,-0.010790434191000038,0.07397061331260527,0.004345766467824181,-0.0005069155326826318,0.003694384090328282,70.04243620694615
1631,E,1551331657126294.0,1.699234,9.621521,1.453409513673298,163,1970-01-18 22:55:31.657126294,0.0016326904,-0.009902954,-0.0045166016,9.840790464245371,0.011006083130773213,96.88616180419922,-10.168350219726562,5.200608253479004,70092790.0,50354.0,0.08553902618590001,-0.009782372288000035,0.07392335860130526,0.004326702423466373,-0.000517961548721785,0.0037235265308765255,70.0927902108524
1631,E,1551331707480298.0,1.6950989,9.629471,1.4155067136732982,163,1970-01-18 22:55:31.707480298,-0.0019073486,-0.014205933,0.000869751,9.852444241250556,0.014359769423093532,96.89347839355469,-10.161776542663574,5.198599815368652,70143144.0,50354.0,0.0854591194233,-0.008786974416000034,0.07223070385590526,0.004305220312002829,-0.0004675204419666097,0.0036797208304851893,70.14314421499148
1631,E,1551331757834301.0,1.6773987,9.656876,1.4513343136732981,163,1970-01-18 22:55:31.757834301,-0.006225586,-0.015945435,0.0020599365,9.871873934994209,0.017241176200209,96.89469146728516,-10.152314186096191,5.197542190551758,70193498.0,50354.0,0.08490937207520001,-0.00789684158100001,0.07217845654550525,0.004289367510457736,-0.00042004843535647007,0.003635789431426312,70.19349821796641
1631,E,1551331808188305.0,1.7410736,9.638016,1.4574836136732983,163,1970-01-18 22:55:31.808188305,-0.010192871,-0.017913818,-0.0019226074,9.863732986096744,0.020700142844296988,96.89511108398438,-10.152470588684082,5.196513652801514,70243852.0,50354.0,0.08606687709710001,-0.007681704116000015,0.07323530895680526,0.0043046690254109985,-0.0003922210450133697,0.0036610823740516715,70.24385222187266
1631,E,1551331858542309.0,1.7274628,9.566452,1.4231208136732982,163,1970-01-18 22:55:31.858542309,-0.006362915,-0.023605347,0.004196167,9.795575949715476,0.02480538070216869,96.90211486816406,-10.15265941619873,5.19404411315918,70294206.0,50354.0,0.08732734094280001,-0.009958309164000029,0.07252497766730526,0.004365546227590563,-0.0004441226143505611,0.0036698067363352305,70.29420622601174
1631,E,1551331908896313.0,1.7285004,9.62915,1.477228513673298,163,1970-01-18 22:55:31.908896313,0.0023498535,-0.012924194,0.006134033,9.850529997300002,0.014497688190404263,96.90019989013672,-10.151723861694336,5.1937336921691895,70344560.0,50354.0,0.08701078548640001,-0.010181528446000057,0.07302209501460526,0.0043893110091079695,-0.0005070606915069722,0.0036644386489124614,70.34456022991799
1631,E,1551331959250317.0,1.740036,9.609695,1.5059455136732982,163,1970-01-18 22:55:31.959250317,-0.009185791,-0.011581421,0.0021514893,9.830227965406511,0.014937770077321999,96.89387512207031,-10.152862548828125,5.194191932678223,70394914.0,50354.0,0.0873273409428,-0.009092799435000049,0.07510737248650526,0.004389311009107969,-0.00048526975305993974,0.003729455603275459,70.39491423405707
1631,E,1551332009604321.0,1.7349854,9.620758,1.4700874136732982,163,1970-01-18 22:55:32.009604321,-0.013824463,-0.0051116943,0.0014343262,9.84430525089764,0.014808865165941243,96.89249420166016,-10.15285587310791,5.194056987762451,70445268.0,50354.0,0.08749061378780001,-0.00930408481900002,0.07492758101180526,0.0044013916462523174,-0.00046317835486295967,0.0037774300242269646,70.44526823796332
1631,E,1551332059958325.0,1.76268,9.616028,1.4743446136732983,163,1970-01-18 22:55:32.059958325,-0.013870239,-0.008239746,0.0021209717,9.84410381639044,0.01627192259734042,96.89060974121094,-10.156964302062988,5.193849563598633,70495622.0,50354.0,0.0880607217758,-0.009144638878000027,0.07413196515250527,0.004419855975484758,-0.00046448351651937026,0.0037528721937788462,70.49562224186957
1631,E,1551332110312329.0,1.7539368,9.610672,1.490763013673298,163,1970-01-18 22:55:32.110312329,-0.01449585,-0.011886597,0.003921509,9.8353971164751,0.01915199959012087,96.88646697998047,-10.159976959228516,5.19384765625,70545976.0,50354.0,0.0885378611736,-0.009398574100000055,0.07465251473370527,0.004446222522917044,-0.00046686247314710804,0.0037459468500951223,70.54597624600865
1631,E,1551332160666333.0,1.6154785,9.682709,1.4280647136732982,163,1970-01-18 22:55:32.160666333,-0.036956787,-0.04283142,-0.0060272217,9.88963649366367,0.056891669390172754,96.88948059082031,-10.140457153320312,5.1909332275390625,70596330.0,50354.0,0.08483176900810001,-0.007719746563000078,0.07348732569140527,0.004364927179084661,-0.00043098795933235436,0.003729716762383008,70.5963302499149
1631,E,1551332211020337.0,1.4655762,9.663208,1.3648170136732982,163,1970-01-18 22:55:32.211020337,-0.07548523,-0.099365234,-0.040145874,9.855029064794245,0.13108455620419796,96.90058898925781,-10.098183631896973,5.183700084686279,70646684.0,50354.0,0.07757171418190001,-0.00639704769100008,0.07031638324940527,0.004088832496274631,-0.000355418528932962,0.0036205459800027874,70.64668425405398
1631,E,1551332261374340.0,1.6611633,9.534561,1.4859870136732982,163,1970-01-18 22:55:32.261374340,-0.06237793,-0.10722351,-0.043411255,9.745354291839718,0.13142459552336475,96.8966293334961,-10.088287353515625,5.178861141204834,70697038.0,50354.0,0.07872192039150001,-0.010126969887000056,0.07177469299650525,0.003935004837654492,-0.00041602519056130945,0.0035774270266432893,70.69703825702891
1631,E,1551332311724694.0,1.7655945,9.556976,1.5368598136732983,163,1970-01-18 22:55:32.311724694,-0.031021118,-0.12164307,0.0009765625,9.779780266331011,0.12554003311817005,96.8866195678711,-10.095429420471191,5.174396514892578,70747388.0,50350.0,0.086268627615,-0.012800556025000019,0.07610016887845056,0.004153637046063637,-0.000577200464834602,0.0037227496477020123,70.74738861108199
1631,E,1551332362078698.0,1.6051483,9.596283,1.5250190136732982,163,1970-01-18 22:55:32.362078698,-0.032546997,-0.08329773,0.0053863525,9.791941627502075,0.08959258691501862,96.87749481201172,-10.07868766784668,5.171606540679932,70797742.0,50354.0,0.0848651914756,-0.01124759815700003,0.07708892323610526,0.004308636163244037,-0.0006054603778402152,0.0038568417721681725,70.79774261498824
1631,E,1551332412432702.0,1.680191,9.578613,1.5125831136732981,163,1970-01-18 22:55:32.412432702,-0.018859863,-0.06626892,0.0039520264,9.788637979768705,0.06901364142697779,96.87126922607422,-10.07361125946045,5.169267177581787,70848096.0,50354.0,0.0827149875561,-0.010702843408000026,0.07647770876020525,0.004219166167481111,-0.0005526462672820064,0.0038663470937711102,70.84809661889449
1631,E,1551332462786706.0,1.6626587,9.672012,1.5496772136732981,163,1970-01-18 22:55:32.462786706,-0.0066986084,-0.034683228,0.003540039,9.872964415583192,0.03550112019525659,96.8585205078125,-10.064126968383789,5.169722557067871,70898450.0,50354.0,0.0841629268969,-0.008796214375000005,0.07709852826160526,0.004201485252183181,-0.0004909277778025918,0.0038665889194981233,70.89845062303357
1631,E,1551332513140710.0,1.6295929,9.625,1.5236763136732983,163,1970-01-18 22:55:32.513140710,-0.01071167,-0.02168274,0.0043029785,9.824262548221377,0.02456413466963496,96.85037231445312,-10.051312446594238,5.169968128204346,70948804.0,50354.0,0.0828890185332,-0.007628328876000024,0.07737782175800527,0.0042058668300936275,-0.00041352072543042776,0.0038892510644437345,70.94880462693982
1631,E,1551332563494714.0,1.6470642,9.621841,1.4959205136732983,163,1970-01-18 22:55:32.563494714,-0.009277344,-0.017730713,0.008407593,9.827240948622196,0.02170564247462751,96.84659576416016,-10.041552543640137,5.16963005065918,70999158.0,50354.0,0.0824963958067,-0.00889148414300004,0.07602438932210527,0.004163908576835663,-0.0004159193323793646,0.0038622074683639434,70.9991586310789
1631,E,1551332613848718.0,1.6413574,9.625259,1.542826013673298,163,1970-01-18 22:55:32.613848718,-0.007080078,-0.0021362305,-0.0032806396,9.82434050043895,0.008090338770428739,96.8359146118164,-10.030783653259277,5.1713433265686035,71049512.0,50354.0,0.0827925906232,-0.008884963300000045,0.07650652131900526,0.004161480811345593,-0.00044755761727241315,0.0038402707372112398,71.04951263498515
1631,E,1551332664202722.0,1.6877594,9.643143,1.5339607136732982,163,1970-01-18 22:55:32.664202722,0.012542725,0.012832642,-0.0090789795,9.85068843708227,0.020110308796416062,96.82735443115234,-10.026277542114258,5.173621654510498,71099866.0,50354.0,0.0838171736736,-0.008348642846000036,0.07746425943440527,0.004194734035700534,-0.000433890501937844,0.003876522347028617,71.0998666388914
1631,E,1551332714556726.0,1.5036774,9.704102,1.5682472136732981,163,1970-01-18 22:55:32.714556726,0.061569214,0.021331787,-0.0209198,9.876948250026777,0.06843574563947677,96.81532287597656,-9.993644714355469,5.177415370941162,71150220.0,50354.0,0.0803508043136,-0.006363612635000013,0.07810428898680526,0.004133257181783735,-0.00037041045624513824,0.003916749343600818,71.15022064303048
1631,E,1551332764910730.0,1.6123657,9.595917,1.4934333136732982,163,1970-01-18 22:55:32.764910730,0.0977478,0.0034942627,-0.016708374,9.796377120738342,0.0992270731120317,96.8183822631836,-9.979828834533691,5.178001403808594,71200574.0,50354.0,0.0784526171287,-0.0075526216370000185,0.07708393063700526,0.0039981937416527875,-0.0003503690302661448,0.003907173805468678,71.20057464693673
1631,E,1551332815264733.0,1.7547607,9.508041,1.359781613673298,163,1970-01-18 22:55:32.815264733,0.07185364,-0.0110321045,0.003692627,9.751454899615231,0.07278934266161255,96.841552734375,-9.989639282226562,5.174045085906982,71250928.0,50354.0,0.08477414137280001,-0.012488849434000025,0.07183539222580526,0.004109560098792266,-0.0005045841171545681,0.0037493417917169804,71.25092864991166
1631,E,1551332865618737.0,1.5323639,9.635757,1.399210313673298,163,1970-01-18 22:55:32.865618737,0.041397095,0.008529663,0.0030975342,9.83393754825501,0.04238005832290423,96.85425567626953,-9.964227676391602,5.172603130340576,71301282.0,50354.0,0.08275993605420001,-0.011485797754000028,0.06946313975480525,0.00421800546737958,-0.0006036096922522774,0.003557473139675831,71.30128265405074
1631,E,1551332915972741.0,1.6260223,9.606766,1.4148506136732981,163,1970-01-18 22:55:32.915972741,-0.018341064,-0.009689331,-1.5258789e-05,9.818659720675164,0.020743143366189678,96.86203002929688,-9.953375816345215,5.170623302459717,71351636.0,50354.0,0.0795186893574,-0.009000198429000029,0.07084961196780526,0.004085688951987854,-0.0005157759258993925,0.003532654150120165,71.35163665795699
1631,E,1551332966326745.0,1.6653595,9.64476,1.4224342136732981,163,1970-01-18 22:55:32.966326745,-0.054626465,0.0049438477,-0.009338379,9.861472992336921,0.0556389937977374,96.8658447265625,-9.94717025756836,5.169788837432861,71401990.0,50354.0,0.0828671195786,-0.008773529898000032,0.07143432009810526,0.004088387511581673,-0.00044748915808888055,0.0035822825576234288,71.40199066186324
1631,E,1551333016680749.0,1.6898346,9.653381,1.5058845136732981,163,1970-01-18 22:55:33.016680749,-0.074142456,0.011886597,-0.0060577393,9.86422126682278,0.0753332010164118,96.85617065429688,-9.944863319396973,5.171436786651611,71452344.0,50354.0,0.08447372185570001,-0.007599904043000053,0.07372628059840526,0.004213140364791371,-0.0004122339463325592,0.0036547084437360453,71.45234466600232
1631,E,1551333067034753.0,1.6729584,9.625732,1.5420021136732982,163,1970-01-18 22:55:33.067034753,-0.05067444,0.021530151,0.006134033,9.83022363998567,0.055399211476712285,96.84300994873047,-9.941645622253418,5.174290657043457,71502698.0,50354.0,0.084665039361,-0.008078971999000066,0.07673664161670525,0.004258406591152857,-0.00039474706210943704,0.0037882049926098375,71.50269866990857
1631,E,1551333117388757.0,1.6047516,9.654358,1.5046333136732981,163,1970-01-18 22:55:33.117388757,-0.012390137,0.024337769,0.016921997,9.85110255713576,0.03212781469761271,96.8370590209961,-9.928474426269531,5.176300048828125,71553052.0,50354.0,0.08252290467000001,-0.008054374070000049,0.07670514015430527,0.004209290866868488,-0.0004061892539792159,0.0038632037396487324,71.55305267404765
1631,E,1551333167742761.0,1.5669861,9.655304,1.5283760136732982,163,1970-01-18 22:55:33.167742761,-0.003326416,0.013214111,0.001953125,9.843267635647651,0.013765626400240637,96.82828521728516,-9.909445762634277,5.178415775299072,71603406.0,50354.0,0.0798548400729,-0.007309839826000051,0.07636207583460526,0.004088184479391994,-0.0003868248132595945,0.003853773296952801,71.6034066779539
1631,E,1551333218096765.0,1.6335297,9.591141,1.5366920136732982,163,1970-01-18 22:55:33.218096765,0.009460449,0.0014953613,-0.01777649,9.790289019933578,0.020192567875811106,96.82032775878906,-9.900960922241211,5.180044174194336,71653760.0,50354.0,0.0805793862966,-0.008901454235000047,0.07716921772450526,0.004039252517304901,-0.0004081517505737995,0.003865457377937726,71.65376068186015
1631,E,1551333268450769.0,1.6559296,9.649414,1.5680946136732983,163,1970-01-18 22:55:33.268450769,0.025604248,-0.008560181,-0.018249512,9.847694262287543,0.032586790308902915,96.80787658691406,-9.894503593444824,5.182092189788818,71704114.0,50354.0,0.0828187167961,-0.009049746765000023,0.07816921291670527,0.004113874041564909,-0.00045195738757700175,0.003910955668253758,71.70411468599923
1631,E,1551333318804773.0,1.6384888,9.715347,1.5748542136732981,163,1970-01-18 22:55:33.318804773,0.019546509,-0.004623413,-0.006790161,9.908688909926715,0.021202552871330636,96.79338073730469,-9.884742736816406,5.184565544128418,71754468.0,50354.0,0.0829435720568,-0.005922612303000044,0.07913002262610526,0.004173397146449463,-0.0003769590842550377,0.0039603228532613406,71.75446868990548
1631,E,1551333369158776.0,1.6330261,9.677307,1.5044349136732982,163,1970-01-18 22:55:33.369158776,-0.0019378662,0.0017089844,-0.0012664795,9.87825168645908,0.0028774856059528863,96.78901672363281,-9.875459671020508,5.1853861808776855,71804822.0,50354.0,0.0823669306373,-0.005220350242000029,0.07752726235920526,0.0041620225263293556,-0.00028054636799546684,0.003944160464075163,71.8048226928804
1631,E,1551333419512780.0,1.6069183,9.634384,1.4720253136732981,163,1970-01-18 22:55:33.419512780,-0.010864258,-0.0040893555,0.000579834,9.83566183478374,0.01162287132181632,96.78986358642578,-9.863651275634766,5.184945106506348,71855176.0,50354.0,0.08157208015879999,-0.007258755692999999,0.07493833914390526,0.00412749247481341,-0.00031418645012549573,0.0038386264490438133,71.85517669701949
1631,E,1551333469866784.0,1.6316986,9.6015625,1.4993690136732982,163,1970-01-18 22:55:33.469866784,0.0010986328,-0.005508423,-0.0022277832,9.804420706476456,0.006042576930612227,96.787841796875,-9.856417655944824,5.1850433349609375,71905530.0,50354.0,0.08153865769130002,-0.009165774969500018,0.07481079497960526,0.004106639046851968,-0.0004135204084897629,0.0037702339498276245,71.90553070092574
1631,E,1551333520220788.0,1.6474304,9.645233,1.5021003136732982,163,1970-01-18 22:55:33.520220788,0.011672974,-0.0028533936,-0.0060424805,9.849497975576659,0.013450343773825158,96.78522491455078,-9.8504056930542,5.185486793518066,71955884.0,50354.0,0.08255863083300001,-0.008892629696500055,0.07556799325460525,0.004131477433176302,-0.0004546564542758839,0.0037860867513727185,71.95588470506482
1631,E,1551333570574792.0,1.6718292,9.652969,1.5349677136732982,163,1970-01-18 22:55:33.570574792,0.002105713,-0.015899658,-0.0060424805,9.857481656670208,0.017138982535384453,96.77735900878906,-9.847868919372559,5.186107158660889,72006238.0,50354.0,0.0835689989492,-0.00759836824600004,0.07646426172450527,0.00418259533502645,-0.0004151938551983249,0.003827716083609066,72.00623870897107
1631,E,1551333620928796.0,1.6906128,9.629898,1.5352882136732982,163,1970-01-18 22:55:33.620928796,0.0005950928,-0.009979248,-0.0036315918,9.838065241898333,0.010636164021297485,96.76990509033203,-9.8488130569458,5.186919689178467,72056592.0,50354.0,0.084656202234,-0.007984457541000004,0.07729983348280527,0.004235405890189427,-0.00039232880483930013,0.0038713186250344577,72.05659271287732
1631,E,1551333671282800.0,1.5768738,9.6527405,1.476969113673298,163,1970-01-18 22:55:33.671282800,0.0045318604,-0.011703491,-0.0066223145,9.84820923806556,0.014190296318579095,96.77101135253906,-9.832537651062012,5.1862359046936035,72106946.0,50354.0,0.0822655101282,-0.007990210485500013,0.07583960273060525,0.00420258795214311,-0.0004021942169031909,0.003855591585545037,72.1069467170164
1631,E,1551333721636804.0,1.536438,9.649567,1.4918922136732982,163,1970-01-18 22:55:33.721636804,-0.006881714,-0.02784729,-0.019561768,9.836968201041682,0.03472020039123795,96.7695083618164,-9.810236930847168,5.185185432434082,72157300.0,50354.0,0.0783838511886,-0.007495004072500049,0.07474702163860526,0.004044668969873075,-0.0003898712469267676,0.003791319441743613,72.15730072092265
1631,E,1551333771990808.0,1.6509857,9.611023,1.5144599136732981,163,1970-01-18 22:55:33.771990808,-0.013931274,-0.030136108,-0.016952515,9.815187088936202,0.03727805206117891,96.76506042480469,-9.806052207946777,5.1844482421875,72207654.0,50354.0,0.08024976649490001,-0.008545325570000067,0.07569092751020526,0.00399391859241748,-0.00040384737940922543,0.003787576245719603,72.20765472506173
1631,E,1551333822344812.0,1.6443176,9.59935,1.5006202136732982,163,1970-01-18 22:55:33.822344812,-0.00079345703,-0.021575928,-0.0045928955,9.80421849199119,0.022073625261690946,96.76355743408203,-9.801920890808105,5.18366813659668,72258008.0,50354.0,0.08296585118409999,-0.009809638979000066,0.07591067236620527,0.0041092796063041835,-0.00046212294245017636,0.003816873480088388,72.25800872896798
1631,E,1551333872698815.0,1.567276,9.627518,1.5098976136732982,163,1970-01-18 22:55:33.872698815,0.00592041,-0.013961792,-0.0026550293,9.818147518852689,0.015395845900866328,96.7605209350586,-9.786295890808105,5.183568477630615,72308362.0,50354.0,0.0808582920672,-0.009394344364000046,0.07579580733910526,0.00412460045463798,-0.0004834986886267138,0.0038195140395406034,72.3083627319429
1631,E,1551333923052819.0,1.5613403,9.663132,1.511087713673298,163,1970-01-18 22:55:33.923052819,-0.0013427734,-0.021255493,-0.006576538,9.851995079934017,0.022290129545209928,96.75646209716797,-9.769155502319336,5.183244228363037,72358716.0,50354.0,0.07876917258510001,-0.007788504950000051,0.07605934758660526,0.004018940677550957,-0.0004326125971785805,0.0038232572355646143,72.35871673608199
1631,E,1551333973406823.0,1.5527649,9.627365,1.4816383136732982,163,1970-01-18 22:55:33.973406823,-0.0022277832,-0.02482605,-0.0068206787,9.818951167622648,0.025842163889994503,96.75743865966797,-9.751914978027344,5.181885242462158,72409070.0,50354.0,0.0784038266204,-0.0077923570310000755,0.07534786319050527,0.003957144600996874,-0.0003922793620956402,0.003811979345735312,72.40907073998824
1631,E,1551334023760827.0,1.593338,9.584213,1.485910713673298,163,1970-01-18 22:55:34.023760827,1.5258789e-05,-0.0256958,-0.0026245117,9.782671026776992,0.025829487647533365,96.75862884521484,-9.742179870605469,5.180440425872803,72459424.0,50354.0,0.0792094327133,-0.009779300694000051,0.07471398186150525,0.003968229030244566,-0.0004424016265423282,0.0037781070728744696,72.45942474389449
1631,E,1551334074114831.0,1.6004791,9.604431,1.473490113673298,163,1970-01-18 22:55:34.074114831,0.0037994385,-0.014602661,-0.0007019043,9.805097933890247,0.015105168348699783,96.76136779785156,-9.73336410522461,5.179298400878906,72509778.0,50354.0,0.08041073312670001,-0.010356710012000036,0.07450883463010526,0.00401875691535368,-0.0005069643415449642,0.003756982850809278,72.50977874803357
1631,E,1551334124468835.0,1.5823059,9.61171,1.463571913673298,163,1970-01-18 22:55:34.124468835,0.007797241,-0.005569458,0.0006713867,9.810452677118118,0.009605549944005387,96.76549530029297,-9.722073554992676,5.178391933441162,72560132.0,50354.0,0.080132977945,-0.009664418043000026,0.07394641066250525,0.004042009013652191,-0.0005040719410407366,0.003737657710732055,72.56013275193982
1631,E,1551334174822839.0,1.5727081,9.646576,1.4483589136732982,163,1970-01-18 22:55:34.174822839,0.004119873,-0.0037231445,-0.0040893555,9.84488831070605,0.006896229905491079,96.77092742919922,-9.70860767364502,5.1773529052734375,72610486.0,50354.0,0.079433787478,-0.008603333378000035,0.07331368244010526,0.004017412453054872,-0.00045992717752651855,0.003707567364044425,72.6104867560789
1631,E,1551334225176843.0,1.6207733,9.657547,1.4811805136732983,163,1970-01-18 22:55:34.225176843,0.011962891,0.007843018,-0.0084991455,9.859550521601484,0.016639085511420848,96.77149200439453,-9.702054023742676,5.177788734436035,72660840.0,50354.0,0.0804022812078,-0.007449295229000066,0.07375701416230526,0.004024192701302388,-0.0004041570304384416,0.0037027989283588895,72.66084075998515
1631,E,1551334275530847.0,1.6226654,9.684891,1.5112556136732982,163,1970-01-18 22:55:34.275530847,0.014663696,0.01939392,-0.0035858154,9.883202166444223,0.02457653729534926,96.76724243164062,-9.695687294006348,5.179600238800049,72711194.0,50354.0,0.0816600561499,-0.006484638474000047,0.07534056437820526,0.004080243467654813,-0.0003508146488404338,0.0037538297349144338,72.7111947638914
1631,E,1551334325884851.0,1.6082153,9.653854,1.4849342136732981,163,1970-01-18 22:55:34.325884851,0.0074920654,0.021575928,-0.00642395,9.853439649367136,0.023725910870218685,96.76708984375,-9.68794059753418,5.180781841278076,72761548.0,50354.0,0.08134388338390001,-0.006577617135000006,0.07543507128310525,0.0041039501856424835,-0.00032886840946779437,0.0037960781790448155,72.76154876803048
1631,E,1551334376238855.0,1.5778198,9.600754,1.4799140136732982,163,1970-01-18 22:55:34.376238855,0.013534546,0.019744873,-0.0040740967,9.797066703545818,0.02428254947762273,96.76892852783203,-9.677352905273438,5.181576728820801,72811902.0,50354.0,0.0802148057127,-0.00869593438400001,0.07464598381990527,0.004067563115385099,-0.0003845422065938634,0.0037785907243284957,72.81190277193673
1631,E,1551334426592858.0,1.5310364,9.639526,1.4876808136732982,163,1970-01-18 22:55:34.426592858,0.01373291,0.020584106,-0.0032653809,9.826763497088416,0.024959185669997743,96.76890563964844,-9.659461975097656,5.1827239990234375,72862256.0,50354.0,0.0782716725474,-0.009056670440000029,0.07471513496810527,0.003990214063154538,-0.000446957331653849,0.0037604648877257413,72.86225677491166
1631,E,1551334476946862.0,1.5475006,9.666397,1.4280342136732982,163,1970-01-18 22:55:34.476946862,0.0068206787,0.01361084,-0.0008544922,9.862775871475515,0.015248173016925489,96.77686309814453,-9.643697738647461,5.182117938995361,72912610.0,50354.0,0.077508326049,-0.007403976629000037,0.07340895724350527,0.0039220730246615635,-0.00041442971125621464,0.003729320269611719,72.91261077905074
1631,E,1551334527300866.0,1.5194244,9.591003,1.4151863136732983,163,1970-01-18 22:55:34.527300866,0.0046844482,0.0007171631,0.0011291504,9.786079488014142,0.0048716894889047485,96.78789520263672,-9.625975608825684,5.180339336395264,72962964.0,50354.0,0.077215970725,-0.008625640200000024,0.07158376321700526,0.0038954936198789987,-0.0004035776629037345,0.003650481723034274,72.96296478295699
1631,E,1551334577654870.0,1.524643,9.658585,1.482538613673298,163,1970-01-18 22:55:34.577654870,0.006942749,-0.006378174,-0.0023498535,9.84506491470869,0.009716207013168218,96.78771209716797,-9.607895851135254,5.180130481719971,73013318.0,50354.0,0.0766404849298,-0.00882232292400001,0.07295602049580525,0.0038736439840209,-0.0004392873675729489,0.0036390781345374303,73.01331878686324
1631,E,1551334628008874.0,1.5729523,9.617355,1.4055885136732982,163,1970-01-18 22:55:34.628008874,0.005584717,-0.018356323,-0.005432129,9.821529165927437,0.019941205668741774,96.7995834350586,-9.597722053527832,5.17733097076416,73063672.0,50354.0,0.07798815686810001,-0.008158858620000028,0.07271437668520526,0.0038930853145457286,-0.00042753520773328895,0.003667543589826302,73.06367279100232
1631,E,1551334678362878.0,1.5158539,9.652481,1.3307747136732981,163,1970-01-18 22:55:34.678362878,0.016296387,-0.019470215,-0.005264282,9.856544658996235,0.025930178679976695,96.82197570800781,-9.578595161437988,5.1728105545043945,73114026.0,50354.0,0.0777668736974,-0.008312539028000042,0.06889341697490527,0.003921444404547594,-0.00041470037858369775,0.003565259420980603,73.11402679490857
1631,E,1551334728716882.0,1.6072083,9.662247,1.4592079136732983,163,1970-01-18 22:55:34.728716882,0.0010986328,-0.02458191,-0.0065307617,9.864514181123344,0.025458360938197155,96.82415008544922,-9.57308292388916,5.171295642852783,73164380.0,50354.0,0.0786293370094,-0.007182293144000022,0.07024339260870525,0.003937587396965103,-0.0003901133895944456,0.0035030474548865625,73.16438079904765
1631,E,1551334779070886.0,1.5928345,9.626022,1.4315284136732982,163,1970-01-18 22:55:34.779070886,-0.0043945313,-0.023620605,-0.0030822754,9.830025696603869,0.02422282616777303,96.83068084716797,-9.566595077514648,5.169034481048584,73214734.0,50354.0,0.0805674775756,-0.007848451386999999,0.07278006851360526,0.004008098200806546,-0.0003784290550569875,0.003600901680676412,73.2147348029539
1631,E,1551334829424890.0,1.6014862,9.663544,1.4897560136732981,163,1970-01-18 22:55:34.829424890,0.0018615723,-0.0135650635,-0.00340271,9.861280764528193,0.014108679404227015,96.82807922363281,-9.56083869934082,5.168835639953613,73265088.0,50354.0,0.0804234122639,-0.00781579681800002,0.07354917802730526,0.004053267633489091,-0.0003943787770572855,0.003684131440160504,73.26508880686015
1631,E,1551334879778894.0,1.5765533,9.607773,1.4561561136732981,163,1970-01-18 22:55:34.879778894,0.001953125,-0.017456055,0.0010681152,9.806552453458435,0.017597426616102738,96.83150482177734,-9.553050994873047,5.167423725128174,73315442.0,50354.0,0.08001350049150001,-0.008275251891000042,0.07416922963020525,0.004039320152442706,-0.00040512433334649465,0.0037191063495931424,73.31544281099923
1631,E,1551334930132898.0,1.5613708,9.6024475,1.4260505136732982,163,1970-01-18 22:55:34.930132898,0.00064086914,-0.005142212,0.0,9.802550739266342,0.005181993584282823,96.83920288085938,-9.543328285217285,5.165902137756348,73365796.0,50354.0,0.07900351506570001,-0.009813478471500032,0.07256531625670526,0.004003571400683625,-0.00045541996433666443,0.003694335661794746,73.36579681490548
1631,E,1551334980486901.0,1.5748749,9.602798,1.4732307136732983,163,1970-01-18 22:55:34.980486901,-0.0063476563,-0.0096588135,-0.002380371,9.799381450462219,0.011800490872347342,96.83943176269531,-9.535775184631348,5.165351867675781,73416150.0,50354.0,0.0789612579889,-0.00993873404650003,0.07299520346090527,0.003977079091195664,-0.0004973014545656876,0.0036647772049302803,73.4161508178804
1631,E,1551335030840905.0,1.5384674,9.576096,1.4224494136732981,163,1970-01-18 22:55:35.030840905,-0.002380371,-0.0077819824,0.0012817383,9.773550621154794,0.008238220028697806,96.84781646728516,-9.523818016052246,5.163554668426514,73466504.0,50354.0,0.07838461908710001,-0.010602185762000045,0.07290453856620527,0.003961497147142452,-0.0005171587380186065,0.0036733178050165623,73.46650482201949
1631,E,1551335081194909.0,1.5358429,9.626404,1.4501136136732982,163,1970-01-18 22:55:35.081194909,0.00016784668,-0.0032043457,0.0016784668,9.819079210659746,0.0036212228144368243,96.85108947753906,-9.510758399963379,5.162848949432373,73516858.0,50354.0,0.0774019104231,-0.010007857500000022,0.07232251933950526,0.0039222374534783055,-0.0005188990592073757,0.003656381636892074,73.51685882592574
1631,E,1551335131548913.0,1.582016,9.628998,1.4155067136732982,163,1970-01-18 22:55:35.131548913,-0.004699707,-0.0056915283,-0.0002593994,9.833156289543505,0.0073856637023540575,96.85908508300781,-9.50440502166748,5.16121244430542,73567212.0,50354.0,0.0784983335253,-0.008675943846000032,0.07214772298160527,0.0039251004418888675,-0.00047040206648824343,0.0036373272909186,73.56721283006482
1631,E,1551335181902917.0,1.529953,9.64093,1.4187263136732982,163,1970-01-18 22:55:35.181902917,-0.0008544922,-0.0014038086,-0.0015563965,9.836212413806637,0.0022634499266621848,96.8663558959961,-9.490419387817383,5.159948348999023,73617566.0,50354.0,0.07835004351300001,-0.008310222744000033,0.07135748492950526,0.00394897158869328,-0.0004276607162364317,0.0036130306195780305,73.61756683397107
1631,E,1551335232256921.0,1.528122,9.642715,1.4398292136732982,163,1970-01-18 22:55:35.232256921,-0.0013275146,-0.004486084,0.0017089844,9.835105278327186,0.004980750179211213,96.87029266357422,-9.476678848266602,5.159053802490234,73667920.0,50354.0,0.07699315427499999,-0.007964869834999994,0.07196985251200527,0.003911075690708476,-0.0004097580058614837,0.0036085523747649115,73.66792083787732
1631,E,1551335282610925.0,1.5410156,9.679337,1.4263099136732982,163,1970-01-18 22:55:35.282610925,-0.0008544922,-0.0011138916,0.00076293945,9.874654144330261,0.0015978072539507707,96.87548065185547,-9.464249610900879,5.158137798309326,73718274.0,50354.0,0.0772716773552,-0.006997896796000008,0.07216078480920526,0.0038839256659535457,-0.00037671757546868707,0.003628777055836118,73.7182748420164
1631,E,1551335332964929.0,1.5490723,9.66185,1.3987678136732982,163,1970-01-18 22:55:35.332964929,0.0011138916,0.0025177002,-0.0005187988,9.86217186365661,0.002801556886538633,96.88492584228516,-9.45356273651123,5.1567206382751465,73768628.0,50354.0,0.0777991430583,-0.006516134901000044,0.07112698194140527,0.00390421804555069,-0.00034024277603537034,0.0036075561034801217,73.76862884592265
1631,E,1551335383318933.0,1.5807037,9.652496,1.3958992136732982,163,1970-01-18 22:55:35.383318933,0.0014801025,0.005783081,-0.0007019043,9.858388727685165,0.006010607199728305,96.89471435546875,-9.447896003723145,5.155412673950195,73818982.0,50354.0,0.07879837035199999,-0.007191910758000069,0.07036133174750527,0.003942655595131123,-0.0003451274655566459,0.0035622512737457004,73.81898285006173
1631,E,1551335433672937.0,1.5983124,9.616928,1.3901008136732982,163,1970-01-18 22:55:35.433672937,-0.0022125244,-0.00018310547,0.00022888184,9.827143834932414,0.0022318554456821496,96.9056396484375,-9.445723533630371,5.153592109680176,73869336.0,50354.0,0.08003808834970001,-0.008322911952000061,0.07014312268850527,0.003999025520732701,-0.00039061669136967325,0.0035374806493354374,73.86933685396798
1631,E,1551335484026940.0,1.5775452,9.600983,1.457361613673298,163,1970-01-18 22:55:35.484026940,-0.001876831,0.009918213,-0.0005493164,9.799915704442586,0.010109163774676863,96.90664672851562,-9.441201210021973,5.153900146484375,73919690.0,50354.0,0.07995856679520001,-0.009619854753000059,0.07169056153330526,0.004028235786583148,-0.00045174503733178803,0.0035709466676525237,73.9196908569429
1631,E,1551335534380944.0,1.5448914,9.593155,1.4447120136732983,163,1970-01-18 22:55:35.534380944,0.0029449463,0.00036621094,0.0030517578,9.788560545683918,0.004256764596770675,96.90995025634766,-9.432344436645508,5.153381824493408,73970044.0,50354.0,0.07861358627820002,-0.010218387574000067,0.07306550771570526,0.003992371097928993,-0.0004994674270668823,0.0036445235554823383,73.97004486108199
1631,E,1551335584734948.0,1.5800934,9.652267,1.453897813673298,163,1970-01-18 22:55:35.584734948,0.0026855469,0.014572144,-0.0001373291,9.850984761279015,0.014818178099568868,96.9106216430664,-9.4273681640625,5.154007911682129,74020398.0,50354.0,0.07867774230960001,-0.008927210306000046,0.07297829962310526,0.003960123779855042,-0.0004820287178247629,0.0036769449373692323,74.02039886498824
1631,E,1551335635088952.0,1.5297852,9.617584,1.414118113673298,163,1970-01-18 22:55:35.635088952,0.0006713867,-0.004547119,-0.0025634766,9.813873854717025,0.005262932982648121,96.91780090332031,-9.415728569030762,5.152630805969238,74070752.0,50354.0,0.0782974135122,-0.008312161373000013,0.07220803700280526,0.003952163498125458,-0.00043403566076218454,0.0036553563972305495,74.07075286889449
1631,E,1551335685442956.0,1.5343475,9.665955,1.4249671136732982,163,1970-01-18 22:55:35.685442956,0.0004119873,0.003692627,-0.0018920898,9.860661159339003,0.004169560109622396,96.9222412109375,-9.404059410095215,5.152100086212158,74121106.0,50354.0,0.07714566898790001,-0.007967538597000008,0.07147964876890527,0.003913590488105019,-0.0004098740061446905,0.0036176248646743563,74.12110687303357
1631,E,1551335735796960.0,1.5682983,9.615112,1.446573613673298,163,1970-01-18 22:55:35.735796960,-0.004425049,-0.010253906,0.002105713,9.813569216077752,0.01136475578917585,96.92420196533203,-9.398896217346191,5.151228904724121,74171460.0,50354.0,0.0781153133066,-0.008029776141000032,0.07229678089240525,0.003909005751228627,-0.0004027643931586271,0.0036198591695828152,74.17146087693982
1631,E,1551335786150964.0,1.5717316,9.600372,1.4314827136732982,163,1970-01-18 22:55:35.786150964,-0.003967285,-0.008041382,0.0015411377,9.801508865691218,0.009098256984253098,96.9286117553711,-9.394640922546387,5.1500749588012695,74221814.0,50354.0,0.0790565327923,-0.009680959332000036,0.07246082415360525,0.003957115569232006,-0.0004459031870037227,0.003644562222243406,74.2218148810789
1631,E,1551335836504968.0,1.629776,9.653168,1.4016365136732982,163,1970-01-18 22:55:35.836504968,-0.0009765625,0.0010681152,0.00047302246,9.86631847652547,0.0015225947079054694,96.93637084960938,-9.397509574890137,5.148849964141846,74272168.0,50354.0,0.0806043568452,-0.008722823420000012,0.07132944278690527,0.0040197822184033375,-0.00046335203834710516,0.0036202075507612333,74.27216888498515
1631,E,1551335886858972.0,1.5495911,9.601334,1.4030708136732981,163,1970-01-18 22:55:35.886858972,-0.0026550293,-0.0049743652,0.0023651123,9.802435859239356,0.00611451109398297,96.94466400146484,-9.390052795410156,5.147215843200684,74322522.0,50354.0,0.0800469254767,-0.008698603146000026,0.07061411638060526,0.004044717335018477,-0.0004386192566521829,0.003573712989160413,74.3225228888914
1631,E,1551335937212976.0,1.6147766,9.646271,1.4481605136732982,163,1970-01-18 22:55:35.937212976,0.0032196045,-0.00045776367,-0.0035095215,9.851421340389763,0.004784573321933145,96.94557189941406,-9.390976905822754,5.147093772888184,74372876.0,50354.0,0.0796692855829,-0.008872248915000035,0.07178545112860527,0.004021175045847549,-0.00044238134233979854,0.003585193911179393,74.37287689303048
1631,E,1551335987566980.0,1.610321,9.687729,1.4645332136732983,163,1970-01-18 22:55:35.987566980,-0.004486084,0.009963989,0.001159668,9.889353335109037,0.010988669451639767,96.9428482055664,-9.390605926513672,5.147980213165283,74423230.0,50354.0,0.0811982822752,-0.006697082000000045,0.07333288997340526,0.004050162755963384,-0.00039198904444695705,0.0036536444739253193,74.42323089693673
1631,E,1551336037920983.0,1.5302582,9.594421,1.3357490136732981,163,1970-01-18 22:55:36.037920983,-0.001876831,0.00340271,0.002456665,9.80127501591871,0.004597405014667079,96.96098327636719,-9.380558967590332,5.145160675048828,74473584.0,50354.0,0.07907036251840001,-0.008002509450000044,0.07050270563790526,0.004035083669968468,-0.00037009161393665224,0.003621348790705965,74.47358489991166
1631,E,1551336088274987.0,1.5310059,9.68222,1.4129280136732982,163,1970-01-18 22:55:36.088274987,0.004333496,0.015182495,-0.0035552979,9.877560914042357,0.01618417391048383,96.96589660644531,-9.368877410888672,5.145158767700195,74523938.0,50354.0,0.0770734462457,-0.008141209543000044,0.06920344151750527,0.003931232673253746,-0.0004064504130867632,0.003517381666931771,74.52393890405074
1631,E,1551336138628991.0,1.5630188,9.623978,1.4380897136732982,163,1970-01-18 22:55:36.138628991,-0.0014343262,-0.006515503,-0.0008392334,9.822438803193096,0.006724089803883571,96.96797943115234,-9.363481521606445,5.144496917724609,74574292.0,50354.0,0.07789825987190001,-0.007397052954000076,0.07178007332140526,0.003901722644922816,-0.00039120683488697206,0.0035495419530992504,74.57429290795699
1631,E,1551336188982995.0,1.5531464,9.664276,1.3476661136732981,163,1970-01-18 22:55:36.188982995,0.0023651123,0.0046844482,-0.003768921,9.871687782133241,0.006460849528841817,96.98255157470703,-9.355550765991211,5.142396450042725,74624646.0,50354.0,0.07845569124040001,-0.007848829042000075,0.07013697446510526,0.003936523427154378,-0.00038384557101329585,0.0035730455121209762,74.62464691186324
1631,E,1551336239336999.0,1.529602,9.684525,1.4708045136732981,163,1970-01-18 22:55:36.239336999,-0.0057373047,-0.004119873,-0.0018310547,9.872650777102452,0.007296765041521015,96.97810363769531,-9.344369888305664,5.142880916595459,74675000.0,50354.0,0.0776143564668,-0.006324437223000038,0.07096063498470527,0.0039293755911241745,-0.0003568403247539078,0.00355241451311788,74.67500091600232
1631,E,1551336289691003.0,1.5776825,9.633987,1.4143928136732982,163,1970-01-18 22:55:36.289691003,-0.008087158,-0.013809204,0.0034484863,9.83748321146715,0.01637034811455968,96.9828872680664,-9.341567039489746,5.141343116760254,74725354.0,50354.0,0.07823210185650001,-0.007087023376000033,0.07264061311060525,0.003923746281205725,-0.0003376603435010248,0.0036154486232956333,74.72535491990857
1631,E,1551336340045007.0,1.5460358,9.639786,1.4082283136732983,163,1970-01-18 22:55:36.340045007,0.0002746582,0.0028076172,-0.004837036,9.838901971189001,0.00559955969107028,96.9886245727539,-9.333823204040527,5.140581130981445,74775708.0,50354.0,0.07864585563910001,-0.008213417179000029,0.07106513212320525,0.003949716335866722,-0.0003852191918532366,0.0036180795477516476,74.77570892404765
1631,E,1551336390399011.0,1.5391083,9.714722,1.4159034136732982,163,1970-01-18 22:55:36.390399011,-0.0059051514,-0.0149383545,-0.006088257,9.91031288215367,0.017178245589193362,96.9915542602539,-9.323445320129395,5.139362335205078,74826062.0,50354.0,0.07767467300570001,-0.006180752084000013,0.07110316449940526,0.00393568194969013,-0.00036240199953455207,0.003579371204067465,74.8260629279539
1631,E,1551336440753015.0,1.601181,9.595093,1.4702247136732982,163,1970-01-18 22:55:36.440753015,0.003692627,-0.00045776367,-0.011184692,9.796451363585234,0.011787382104333636,96.98898315429688,-9.324975967407227,5.13985538482666,74876416.0,50354.0,0.0790630637061,-0.007305987745000026,0.07266404786220526,0.003946185997192989,-0.000339555648674734,0.0036196271056282685,74.87641693186015
1631,E,1551336491107019.0,1.5221252,9.618347,1.4795326136732982,163,1970-01-18 22:55:36.491107019,0.007858276,-0.017150879,-0.00074768066,9.805552686433094,0.018880258963641233,96.98503875732422,-9.31496524810791,5.13972282409668,74926770.0,50354.0,0.0786354801974,-0.009732421120000029,0.07426604023060526,0.00397037623985842,-0.00042897601999410643,0.0036992588279126906,74.92677093599923
1631,E,1551336541461023.0,1.4958191,9.655182,1.4238075136732982,163,1970-01-18 22:55:36.541461023,0.0098724365,-0.004623413,-0.0016937256,9.84431492101788,0.01103220996098228,96.98870086669922,-9.300474166870117,5.138992786407471,74977124.0,50354.0,0.0759827836411,-0.008219560367000039,0.07309739438620526,0.0038928240286619153,-0.00045197703789820074,0.0037101691933474385,74.97712493990548
1631,E,1551336591815026.0,1.5119934,9.712799,1.5038703136732983,163,1970-01-18 22:55:36.591815026,0.0012207031,-0.017578125,0.002609253,9.893870277978387,0.017812602162289023,96.979248046875,-9.287752151489258,5.139652729034424,75027478.0,50354.0,0.07572769531250001,-0.0058415423630000275,0.07371014465910526,0.0038196147286147877,-0.0003540163834332117,0.003696173410543783,75.0274789428804
1631,E,1551336642169030.0,1.5056458,9.577881,1.4246772136732981,163,1970-01-18 22:55:36.642169030,-0.008865356,-0.031845093,0.0066070557,9.769913081535622,0.033709904630661404,96.98365020751953,-9.277323722839355,5.13727331161499,75077832.0,50354.0,0.07597510213839999,-0.007787749640000035,0.07373204109600527,0.003819421331421309,-0.0003431446847595326,0.003712151910756418,75.07783294701949
1631,E,1551336692523034.0,1.5956268,9.645874,1.4222663136732983,163,1970-01-18 22:55:36.692523034,0.0013427734,-0.02142334,0.0016174316,9.851048009444325,0.021526231024961758,96.9874496459961,-9.278382301330566,5.135612487792969,75128186.0,50354.0,0.0780807402502,-0.009472720365000065,0.07167749718800526,0.003878663943817782,-0.00043456685331588757,0.0036609759453765335,75.12818695092574
1631,E,1551336742877038.0,1.5959473,9.619492,1.4699806136732982,163,1970-01-18 22:55:36.742877038,-0.0016326904,-0.018859863,0.005874634,9.81952690017655,0.019820984712041356,96.9844741821289,-9.280441284179688,5.135119438171387,75178540.0,50354.0,0.0803542611157,-0.008425080218000076,0.07281810088980527,0.003988918029389265,-0.00045061292527819453,0.003637965672805036,75.17854095506482
1631,E,1551336793231042.0,1.5550079,9.641647,1.3779396136732982,163,1970-01-18 22:55:36.793231042,0.0005187988,-0.008087158,0.008621216,9.84593909950982,0.011832017665237888,96.99467468261719,-9.27598762512207,5.133030414581299,75228894.0,50354.0,0.07933159907040001,-0.008531503397000036,0.07170208756390527,0.00402041090190544,-0.0004269159056748578,0.0036385847846990703,75.22889495897107
1631,E,1551336843585046.0,1.513977,9.669281,1.4255317136732981,163,1970-01-18 22:55:36.843585046,0.002609253,0.0020599365,0.0034332275,9.860704500520944,0.004778973809176767,96.99717712402344,-9.265069007873535,5.132729530334473,75279248.0,50354.0,0.07726783282730001,-0.007277965744000023,0.07058299760860526,0.003942703896888394,-0.0003980350045629585,0.003582311589388298,75.27924896287732
1631,E,1551336893939050.0,1.5050812,9.644867,1.3694099136732982,163,1970-01-18 22:55:36.893939050,0.0032196045,0.002670288,0.0013427734,9.842420451588566,0.004393100447646492,97.00829315185547,-9.253435134887695,5.131088733673096,75329602.0,50354.0,0.0760108283014,-0.007196895804000051,0.07036824535170527,0.003859096851237281,-0.0003644335891939979,0.0035487294440117384,75.3296029670164
1631,E,1551336944293054.0,1.5092773,9.629532,1.3869728136732982,163,1970-01-18 22:55:36.944293054,-0.00045776367,-6.1035156e-05,0.00016784668,9.82580322444929,0.0004913709147139619,97.0167007446289,-9.243005752563477,5.12973165512085,75379956.0,50354.0,0.0758925039545,-0.008197656377000062,0.06939744792640527,0.003824470196206795,-0.0003875886402610399,0.00351888085966299,75.37995697092265
1631,E,1551336994647058.0,1.5509033,9.681519,1.3975776136732982,163,1970-01-18 22:55:36.994647058,0.0013580322,0.009414673,-0.000869751,9.881877481868974,0.009551794907511721,97.02237701416016,-9.237687110900879,5.129297256469727,75430310.0,50354.0,0.0770461669662,-0.007274868973000059,0.07010662610930526,0.0038505369177704645,-0.00038955177073695307,0.003512294071997084,75.43031097506173
1631,E,1551337045001062.0,1.5717316,9.632217,1.470041613673298,163,1970-01-18 22:55:37.045001062,0.00076293945,0.0012817383,0.006668091,9.828084130761193,0.0068328886467096915,97.01825714111328,-9.237143516540527,5.129987716674805,75480664.0,50354.0,0.0786185788773,-0.007207268728000025,0.07219804928690525,0.003919171306101799,-0.0003646167808980791,0.003582804812450392,75.48066497896798
1631,E,1551337095355065.0,1.5357513,9.644669,1.4592231136732983,163,1970-01-18 22:55:37.095355065,0.003189087,0.012466431,0.0054016113,9.835885372418948,0.013955629058111915,97.015625,-9.23112964630127,5.131012916564941,75531018.0,50354.0,0.0782370969733,-0.00813504117800001,0.07375009804040526,0.003949155350890556,-0.0003862733365033629,0.003674536505259697,75.5310189819429
1631,E,1551337145709069.0,1.5577545,9.621597,1.3616279136732983,163,1970-01-18 22:55:37.145709069,-0.0004272461,0.009811401,0.0028686523,9.828829610243169,0.010231094507972327,97.02760314941406,-9.228538513183594,5.129548072814941,75581372.0,50354.0,0.0778851955266,-0.00840242091800004,0.07102056631550525,0.003930690958269983,-0.0004163636831909933,0.003644891016488759,75.58137298608199
1631,E,1551337196063073.0,1.5769958,9.61113,1.3835243136732982,163,1970-01-18 22:55:37.196063073,0.0010528564,0.0032806396,0.0048675537,9.818854956262772,0.00596357122926295,97.03642272949219,-9.229147911071777,5.128275394439697,75631726.0,50354.0,0.0789236083031,-0.009246832321000067,0.06911469762790527,0.003947975254020357,-0.00044435524879830575,0.003528185540303247,75.63172698998824
1631,E,1551337246417077.0,1.5682678,9.628677,1.4662879136732982,163,1970-01-18 22:55:37.246417077,-0.0011749268,-0.0011749268,-0.0004119873,9.82450439019208,0.0017119110683904613,97.03248596191406,-9.22802734375,5.12884521484375,75682080.0,50354.0,0.0791883016572,-0.009068579161000062,0.07174972244790527,0.003980783557070473,-0.00046112711488231734,0.0035465435042486824,75.68208099389449
1631,E,1551337296771081.0,1.5890198,9.646317,1.425852213673298,163,1970-01-18 22:55:37.296771081,0.0017700195,0.0051879883,0.0017547607,9.849975463176206,0.005755638691368806,97.03433990478516,-9.229536056518555,5.1288042068481445,75732434.0,50354.0,0.0794910299052,-0.008182676062000049,0.07281541198620525,0.003995069530746545,-0.0004343348527494738,0.0036397163896476005,75.73243499803357
1631,E,1551337347125085.0,1.5603485,9.627991,1.4291328136732981,163,1970-01-18 22:55:37.347125085,-0.002319336,0.0005340576,0.0032653809,9.8270352191454,0.004040699125534908,97.03583526611328,-9.227368354797363,5.128552436828613,75782789.0,50355.0,0.07929322037325,-0.008200110330000046,0.07188138552601891,0.003997790461385675,-0.0004124776043845824,0.0036431036193640236,75.78278900193982
1631,E,1551337397479089.0,1.542511,9.630585,1.4047035136732982,163,1970-01-18 22:55:37.397479089,1.5258789e-05,0.008407593,0.0018310547,9.829771687436999,0.00860468559557424,97.04087829589844,-9.222533226013184,5.128143787384033,75833143.0,50354.0,0.07812069363150001,-0.008596032048000043,0.07134749721360525,0.0039632101128975914,-0.0004228764766509083,0.003606073580735518,75.8331430060789
1631,E,1551337447833093.0,1.5751495,9.643555,1.386576013673298,163,1970-01-18 22:55:37.447833093,-0.0019226074,-0.0008239746,0.002609253,9.849915667967647,0.0033441821980850447,97.04817962646484,-9.222146987915039,5.126901626586914,75883497.0,50354.0,0.07849333840850001,-0.008204177220000058,0.07027604466000525,0.00394307148467108,-0.0004229788687404386,0.003565655913751892,75.88349700998515
1631,E,1551337498187097.0,1.5870819,9.641571,1.4544624136732982,163,1970-01-18 22:55:37.498187097,-0.0025939941,9.1552734e-05,-0.0015563965,9.84156196929239,0.0030264760628741037,97.04537200927734,-9.223523139953613,5.127346515655518,75933851.0,50354.0,0.0796154999578,-0.007927582698000037,0.07152882448530526,0.003980706223548336,-0.0004061493194554884,0.003570221190471483,75.9338510138914
1631,E,1551337548541101.0,1.5760193,9.621811,1.3868812136732982,163,1970-01-18 22:55:37.548541101,-0.0015411377,-0.0025787354,7.6293945e-05,9.828729096388797,0.003005129354889422,97.0529556274414,-9.223605155944824,5.125991344451904,75984205.0,50354.0,0.0796373989124,-0.008475031386000037,0.07153650850570525,0.004009510234855026,-0.0004129686147928699,0.0036019558887146717,75.98420501803048
1631,E,1551337598895105.0,1.5809174,9.669632,1.427851113673298,163,1970-01-18 22:55:37.598895105,-0.0017547607,-0.00061035156,0.0029296875,9.871265430109228,0.0034691184742979267,97.05345153808594,-9.223550796508789,5.125849723815918,76034559.0,50354.0,0.0794821952959,-0.007768539589000056,0.07086651580560525,0.0040061540233823694,-0.00040896438643757736,0.003585280943085865,76.03455902193673
1631,E,1551337649249108.0,1.5306702,9.627991,1.4464515136732983,163,1970-01-18 22:55:37.649249108,-0.0049591064,-0.005508423,0.00079345703,9.820267458158453,0.007454195750844378,97.05184936523438,-9.217146873474121,5.125792026519775,76084913.0,50354.0,0.0783404410052,-0.007612945729000043,0.07236631724870525,0.003973500514152795,-0.0003872596558512885,0.0036061730378083756,76.08491302491166
1631,E,1551337699603112.0,1.5631256,9.630051,1.409998313673298,163,1970-01-18 22:55:37.699603112,0.0002593994,-0.00074768066,0.002746582,9.83184721060847,0.0028583259262691505,97.0558090209961,-9.21555233001709,5.125105857849121,76135267.0,50354.0,0.0778924968566,-0.008609476566000045,0.07191683730310526,0.003933476676546539,-0.0004084319261212172,0.0036326169821509335,76.13526702905074
1631,E,1551337749957116.0,1.5774078,9.644196,1.4495796136732981,163,1970-01-18 22:55:37.749957116,0.002960205,0.0022125244,0.0016479492,9.843162067062275,0.004046457021692063,97.0537338256836,-9.215799331665039,5.125560283660889,76185621.0,50354.0,0.0790692094118,-0.008201483281000016,0.07199559347680526,0.003951824878719507,-0.0004232495360679206,0.003623283269745807,76.18562103295699
1631,E,1551337800311120.0,1.5435638,9.659424,1.4393104136732982,163,1970-01-18 22:55:37.800311120,-0.000869751,0.004776001,-0.0055236816,9.853957628278057,0.007353754875720333,97.05271911621094,-9.210464477539062,5.125983238220215,76235975.0,50354.0,0.0785767019732,-0.007461959260000025,0.07273358421850526,0.0039690511109401454,-0.000394358492854758,0.0036438465068348333,76.23597503686324
1631,E,1551337850665124.0,1.535965,9.633621,1.4161628136732982,163,1970-01-18 22:55:37.850665124,-0.004928589,-0.0051574707,-0.0036468506,9.830301964583937,0.008011867001579584,97.05546569824219,-9.204719543457031,5.12527322769165,76286329.0,50354.0,0.07753329659760001,-0.007728206035000053,0.07189224944490527,0.0039303814340170325,-0.000382442791632217,0.003641244614143687,76.28632904100232
1631,E,1551337901019128.0,1.5746155,9.663025,1.378137913673298,163,1970-01-18 22:55:37.901019128,-0.0071258545,-0.011367798,0.0012817383,9.86995849158257,0.01347766622207499,97.0630874633789,-9.20409870147705,5.12343168258667,76336683.0,50354.0,0.0783150852485,-0.007637543658000059,0.07035210941240526,0.00392379470973926,-0.00038686348002066383,0.003581286222950507,76.33668304490857
1631,E,1551337951373132.0,1.5148773,9.6306,1.370447513673298,163,1970-01-18 22:55:37.951373132,-0.010696411,-0.012954712,0.008468628,9.829812304558299,0.018813703290055602,97.07212829589844,-9.195971488952637,5.121218204498291,76387037.0,50354.0,0.0777841602256,-0.0077136033750000695,0.06920113530430526,0.003930110703301416,-0.0003864958288498443,0.003513532042232621,76.38703704904765
1631,E,1551338001727136.0,1.5693359,9.590378,1.4254402136732982,163,1970-01-18 22:55:38.001727136,0.003036499,-0.010620117,-0.00730896,9.792076249534878,0.013244927615970199,97.07425689697266,-9.19620418548584,5.120426177978516,76437391.0,50354.0,0.0776512357364,-0.009542636894000067,0.07039206531140525,0.003913396964135275,-0.0004344603612526165,0.0035145380119017437,76.4373910529539
1631,E,1551338052081140.0,1.5516205,9.6783905,1.410135613673298,163,1970-01-18 22:55:38.052081140,0.013549805,-0.004119873,-0.010269165,9.877368577734869,0.017493607943228264,97.07743072509766,-9.19171142578125,5.119887828826904,76487745.0,50354.0,0.0785763192828,-0.008339415475500031,0.07139129260510525,0.003933341152718399,-0.000450216432506904,0.0035696796022639853,76.48774505686015
1631,E,1551338102435144.0,1.5509033,9.695435,1.4687599136732983,163,1970-01-18 22:55:38.102435144,-0.003326416,-0.005844116,-0.0008239746,9.88691177431974,0.006774781868662427,97.07085418701172,-9.187466621398926,5.120629787445068,76538099.0,50354.0,0.0781122417126,-0.005694395386500021,0.07248195269200526,0.003944947900181186,-0.00035332925607257535,0.0036222966968453515,76.53809906099923
1631,E,1551338152789148.0,1.5608826,9.611481,1.4635566136732983,163,1970-01-18 22:55:38.152789148,-0.007583618,-0.009643555,0.00015258789,9.806797529591307,0.012269176747937233,97.0665054321289,-9.186687469482422,5.120789527893066,76588453.0,50354.0,0.0783454336043,-0.007378975868000054,0.07382693320900527,0.003939134891453592,-0.00032914826807454837,0.0036836188203297426,76.58845306490548
1631,E,1551338203143151.0,1.608139,9.603851,1.4191535136732982,163,1970-01-18 22:55:38.203143151,0.0077667236,-0.0002593994,-0.005065918,9.812329952566518,0.009276465313374557,97.06959533691406,-9.192584991455078,5.1203742027282715,76638807.0,50354.0,0.0797864568232,-0.009684786236000035,0.07257799287620527,0.003981286605293168,-0.0004296143384924103,0.003686036824047346,76.6388070678804
1631,E,1551338253497155.0,1.5753479,9.665939,1.4022163136732981,163,1970-01-18 22:55:38.253497155,0.011001587,0.00390625,-0.007827759,9.869908501278934,0.014055871248099493,97.07408905029297,-9.1920166015625,5.119985580444336,76689161.0,50354.0,0.0801506496813,-0.008313697170000026,0.07103362814310527,0.0040267365304637965,-0.0004531478167128636,0.0036157097824031812,76.68916107201949
1631,E,1551338303851159.0,1.5048065,9.645065,1.4490455136732983,163,1970-01-18 22:55:38.303851159,-0.0033721924,-0.0031585693,-0.001449585,9.832705037341784,0.0048424723311285165,97.07133483886719,-9.182204246520996,5.120251655578613,76739515.0,50354.0,0.0775490473288,-0.007276052292000024,0.07178621902710526,0.003970405271623288,-0.00039250312220477526,0.0035957752922043903,76.73951507592574
1631,E,1551338354205163.0,1.5406189,9.651047,1.472513513673298,163,1970-01-18 22:55:38.354205163,0.0043792725,0.006713867,-0.004333496,9.841330621537631,0.009112256872200282,97.06541442871094,-9.177638053894043,5.121585369110107,76789869.0,50354.0,0.07667467529580001,-0.007650988176000016,0.07355609163150525,0.0038828906645195544,-0.00037581809786283707,0.0036592833554518374,76.78986908006482
1631,E,1551338404559167.0,1.5495148,9.668457,1.4454444136732982,163,1970-01-18 22:55:38.404559167,0.01322937,-0.005844116,-0.012084961,9.863008117609583,0.018847180287509244,97.0638427734375,-9.17353343963623,5.121730804443359,76840223.0,50354.0,0.0778002961649,-0.00706204779200003,0.07346542673680526,0.0038892163564660438,-0.0003704301065663372,0.003701560767958954,76.84022308397107
1631,E,1551338454913171.0,1.564621,9.690567,1.4598335136732983,163,1970-01-18 22:55:38.454913171,0.0082092285,-0.00440979,-0.0074310303,9.885351275749892,0.011918804123268003,97.0595474243164,-9.17147159576416,5.122308731079102,76890577.0,50354.0,0.07840459703660001,-0.006067052752000041,0.07314618237680527,0.003932770596134166,-0.00033055136439628984,0.0036912404826533727,76.89057708787732
1631,E,1551338505267175.0,1.5639954,9.6523285,1.4444068136732982,163,1970-01-18 22:55:38.505267175,-0.0017242432,-0.0055236816,0.0014801025,9.84961191276626,0.0059728365490302054,97.05780792236328,-9.170638084411621,5.122291088104248,76940931.0,50354.0,0.07876917510280002,-0.006473119996500058,0.07312005872160526,0.003957164061153675,-0.00031572392928898703,0.0036825451521346818,76.9409310920164
1631,E,1551338555621179.0,1.5249481,9.650116,1.3702797136732983,163,1970-01-18 22:55:38.555621179,0.0009460449,-0.005706787,-0.0010070801,9.850509022094524,0.005871680265818381,97.06713104248047,-9.163934707641602,5.120539665222168,76991285.0,50354.0,0.07777033049950001,-0.0074915548235000365,0.07086536269900527,0.003941195132549108,-0.0003515886179431424,0.003625120955106712,76.99128509592265
1631,E,1551338605975183.0,1.5202026,9.641571,1.4029792136732981,163,1970-01-18 22:55:38.605975183,0.006881714,-0.0052948,-0.009994507,9.837277741321937,0.013239451075888493,97.0718765258789,-9.156554222106934,5.119639873504639,77041639.0,50354.0,0.0766677591739,-0.007762396401000002,0.06982234001380526,0.0038882877837071923,-0.0003840487299792375,0.003542094291200431,77.04163910006173
1631,E,1551338656329187.0,1.5587463,9.613083,1.4311164136732981,163,1970-01-18 22:55:38.656329187,0.0082092285,-0.0104522705,-0.0076446533,9.811932781739893,0.015332387786890318,97.07302856445312,-9.155718803405762,5.119057655334473,77091993.0,50354.0,0.0775186964553,-0.008694776242000027,0.07135402560970526,0.0038819523933763685,-0.0004143422356328117,0.0035543973573031245,77.09199310396798
1631,E,1551338706683190.0,1.5635223,9.65094,1.4673561136732982,163,1970-01-18 22:55:38.706683190,0.00642395,-0.007843018,-0.001083374,9.845443899749725,0.010195771877337194,97.06804656982422,-9.155165672302246,5.119522571563721,77142347.0,50354.0,0.0786093565422,-0.00845889292900004,0.07297484282100526,0.003930835990318057,-0.00043187792871826863,0.003633767920479999,77.1423471069429
1631,E,1551338757037194.0,1.5254059,9.651169,1.4742683136732981,163,1970-01-18 22:55:38.757037194,0.003753662,-0.0012359619,-0.002166748,9.838874273852317,0.004506925462441066,97.0619888305664,-9.149149894714355,5.120468616485596,77192701.0,50354.0,0.0777699452914,-0.007500001707000043,0.07406127820730526,0.003937161682264548,-0.00040179709025057407,0.003701928419129775,77.19270111108199
1631,E,1551338807391198.0,1.5101929,9.645966,1.4270271136732982,163,1970-01-18 22:55:38.807391198,0.0040893555,0.006576538,3.0517578e-05,9.837078826871824,0.0077443277173290664,97.06304931640625,-9.14123821258545,5.120655059814453,77243055.0,50354.0,0.0764272709876,-0.007625232105000061,0.07304591497430526,0.003882223314256383,-0.00038080801168472665,0.0037037178027334084,77.24305511498824
1631,E,1551338857745202.0,1.5136871,9.668259,1.378977213673298,163,1970-01-18 22:55:38.857745202,0.009613037,0.014221191,0.003829956,9.865444622896105,0.01758753299311151,97.07090759277344,-9.133636474609375,5.1201581954956055,77293409.0,50354.0,0.07613222676,-0.007194957175000026,0.07064677094960525,0.0038409904747913255,-0.0003731279055025622,0.0036177507535062954,77.29340911889449
1631,E,1551338908099206.0,1.5197906,9.679184,1.399118713673298,163,1970-01-18 22:55:38.908099206,0.008529663,0.017593384,0.0025024414,9.874561618012688,0.019711532777170297,97.07534790039062,-9.126870155334473,5.120369911193848,77343763.0,50354.0,0.07637386805290002,-0.006358627589000032,0.06994412116280527,0.0038396459491043837,-0.00034123860360322947,0.00353965689071416,77.34376312303357
1631,E,1551338958453210.0,1.5193787,9.605972,1.396250113673298,163,1970-01-18 22:55:38.958453210,0.010986328,0.018188477,0.0020599365,9.803105125092081,0.021348616744115888,97.08158111572266,-9.121818542480469,5.120347023010254,77394117.0,50354.0,0.0765171654661,-0.007926827388000065,0.07037900096610526,0.0038493375509078636,-0.0003596648999559315,0.0035329152458395802,77.39411712693982
1631,E,1551339008807214.0,1.5127716,9.615921,1.3861793136732983,163,1970-01-18 22:55:39.008807214,0.010375977,0.019897461,0.0009918213,9.813102950730055,0.022462269752680467,97.0888900756836,-9.115647315979004,5.120238304138184,77444471.0,50354.0,0.0763404481031,-0.009519599939000045,0.07005322569230527,0.0038484961368317494,-0.0004392487008118817,0.0035356621705788026,77.4444711310789
1631,E,1551339059161218.0,1.515213,9.64949,1.357065513673298,163,1970-01-18 22:55:39.059161218,0.004989624,0.016036987,0.002670288,9.8500898053693,0.01700622643923363,97.09941101074219,-9.109214782714844,5.119381427764893,77494825.0,50354.0,0.0762355682742,-0.008423947253000028,0.06906667501810526,0.0038414063643312825,-0.0004517646876529859,0.003502621740186006,77.49482513498515
1631,E,1551339109515222.0,1.4982605,9.651001,1.3531745136732982,163,1970-01-18 22:55:39.109515222,0.0045166016,0.014480591,0.0024871826,9.849479848598397,0.015371183526591123,97.11019134521484,-9.10044002532959,5.118404388427734,77545179.0,50354.0,0.0758702223095,-0.007540738093000012,0.06823571316850525,0.003829567489525815,-0.000401942882956243,0.003456862227374293,77.5451791388914
1631,E,1551339159869226.0,1.5159912,9.661713,1.3635963136732983,163,1970-01-18 22:55:39.159869226,0.0014801025,0.00793457,-0.0008392334,9.861344163200329,0.008114950227517223,97.11888122558594,-9.09402084350586,5.117437362670898,77595533.0,50354.0,0.0758898150509,-0.007232999621999999,0.06840013912010526,0.003820862460622791,-0.0003719583944505553,0.0034400808530703473,77.59553314303048
1631,E,1551339210223230.0,1.5379486,9.67215,1.361154913673298,163,1970-01-18 22:55:39.210223230,-0.00039672852,0.007797241,0.002243042,9.875278907391497,0.008123151983339127,97.12740325927734,-9.090822219848633,5.116455078125,77645887.0,50354.0,0.0768890423446,-0.006700531249000013,0.06860106165090525,0.003846513292646504,-0.0003508045067391673,0.003449279231811732,77.64588714693673
1631,E,1551339260577233.0,1.5280762,9.6354065,1.3952430136732983,163,1970-01-18 22:55:39.260577233,-0.001373291,0.011260986,0.003692627,9.833423516912367,0.011930265211805059,97.1313705444336,-9.087301254272461,5.116347312927246,77696241.0,50354.0,0.07719330638960001,-0.007362849999500025,0.06939783061680527,0.003879331294080954,-0.00035407374969348546,0.0034743981106241475,77.69624114991166
1631,E,1551339310931237.0,1.5046844,9.642487,1.3744911136732982,163,1970-01-18 22:55:39.310931237,-7.6293945e-05,0.014816284,0.0015411377,9.839378833242833,0.014896415600575226,97.1381607055664,-9.080201148986816,5.115989685058594,77746595.0,50354.0,0.0763558136262,-0.008109675350500053,0.06973359612420527,0.0038659061946377973,-0.000389551770736952,0.0035029119310584222,77.74659515405074
1631,E,1551339361285241.0,1.4943085,9.637711,1.3517860136732982,163,1970-01-18 22:55:39.361285241,0.00079345703,0.010421753,0.00036621094,9.83603692049082,0.010458327787177122,97.14827728271484,-9.071742057800293,5.114908695220947,77796949.0,50354.0,0.07550564424330002,-0.008051654954000072,0.06863947923520526,0.0038234159247804017,-0.00040689381307639963,0.003483818918323879,77.79694915795699
1631,E,1551339411639245.0,1.5109558,9.636246,1.4148048136732982,163,1970-01-18 22:55:39.411639245,0.0010223389,0.0046844482,0.0013885498,9.829166432461852,0.004991723380959374,97.14900970458984,-9.06611442565918,5.115022659301758,77847303.0,50354.0,0.0756635392811,-0.008208784611000053,0.06965445726010526,0.0038059865335938192,-0.00040938908692800816,0.0034818264391424333,77.84730316186324
1631,E,1551339461993249.0,1.5511017,9.637512,1.4509529136732982,163,1970-01-18 22:55:39.461993249,-0.0033111572,0.0036010742,0.00039672852,9.832264560636858,0.004908043491616478,97.14420318603516,-9.06641960144043,5.115928649902344,77897657.0,50354.0,0.0770934216775,-0.00821379483400006,0.07215118230140527,0.0038459620060546725,-0.0004134712826867679,0.003570240587240151,77.89765716600232
1631,E,1551339512347253.0,1.5728302,9.637512,1.4103187136732982,163,1970-01-18 22:55:39.512347253,-0.0054626465,-0.00016784668,0.0014648438,9.840661946556288,0.005658131020959811,97.14537811279297,-9.069757461547852,5.115682601928711,77948011.0,50354.0,0.07865123344630001,-0.008181920752000077,0.07203823576170526,0.0039211831820519134,-0.0004127949313087254,0.003630256978574934,77.94801116990857
1631,E,1551339562701257.0,1.5574951,9.629013,1.3556007136732982,163,1970-01-18 22:55:39.562701257,-0.0043945313,0.0015563965,0.0019226074,9.836826207297861,0.005042885545640184,97.15473175048828,-9.070878028869629,5.1142377853393555,77998365.0,50354.0,0.0788122000781,-0.008395900075000044,0.06963755342230527,0.003964456865843819,-0.0004173797949613821,0.0035669713442858333,77.99836517404765
1631,E,1551339613055261.0,1.5574036,9.639023,1.352335313673298,163,1970-01-18 22:55:39.613055261,-0.003326416,0.0030059814,-0.00015258789,9.847033030695313,0.004486006090764548,97.16417694091797,-9.071624755859375,5.1128716468811035,78048719.0,50354.0,0.0784238045699,-0.008357857628000027,0.06817770536050526,0.003958730889022696,-0.0004218093576884328,0.003469774770374821,78.0487191779539
1631,E,1551339663409265.0,1.5659485,9.644455,1.398096413673298,163,1970-01-18 22:55:39.663409265,-0.0033416748,-0.0028533936,-0.00016784668,9.847884123876486,0.004397364894281918,97.16664123535156,-9.0735502243042,5.11231803894043,78099073.0,50354.0,0.07863663582170001,-0.007969074394000021,0.06924761959940526,0.003954310707739313,-0.00041106316751789526,0.0034599574065156667,78.09907318186015
1631,E,1551339713763269.0,1.578949,9.626602,1.4354957136732982,163,1970-01-18 22:55:39.713763269,-0.001663208,-0.0027313232,0.0015106201,9.827871116185285,0.0035367160418453515,97.16397857666016,-9.077899932861328,5.112581253051758,78149427.0,50354.0,0.0791790843575,-0.008281797911000017,0.07134134899020526,0.003973326386951719,-0.000409148212022986,0.003539608462180624,78.14942718599923
1631,E,1551339764117273.0,1.5572052,9.652481,1.434336013673298,163,1970-01-18 22:55:39.764117273,-0.0012969971,-0.0018463135,0.0030059814,9.849901005647892,0.003758590054107607,97.16109466552734,-9.07849407196045,5.112915515899658,78199781.0,50354.0,0.07895895429340001,-0.008079727309000037,0.07225375339940526,0.00398144139911371,-0.0004119341204639414,0.0036152938928632247,78.19978118990548
1631,E,1551339814471276.0,1.5603943,9.654694,1.421518713673298,163,1970-01-18 22:55:39.814471276,-0.0050964355,-0.004501343,0.0019378662,9.85413552917421,0.007070436267898303,97.15995788574219,-9.079377174377441,5.112823486328125,78250135.0,50354.0,0.0784918026115,-0.007372455025000059,0.07190185447040526,0.003964137706594668,-0.0003890395946231205,0.0036294057393382196,78.2501351928804
1631,E,1551339864825280.0,1.5538483,9.617096,1.3727058136732981,163,1970-01-18 22:55:39.864825280,-0.0053100586,-0.0008087158,0.0014343262,9.822382845828058,0.005559499548395524,97.16663360595703,-9.080015182495117,5.111678600311279,78300489.0,50354.0,0.0784072859402,-0.008263343170000053,0.07035019092500526,0.003950248352466151,-0.00039366249115551787,0.003581479746920251,78.30048919701949
1631,E,1551339915179284.0,1.5245361,9.6203,1.3643440136732983,163,1970-01-18 22:55:39.915179284,-0.0026550293,0.002456665,0.0008392334,9.821999450086489,0.0037133133729540047,97.17443084716797,-9.076308250427246,5.110544204711914,78350843.0,50354.0,0.0775044840388,-0.009129280908000026,0.06891070350310526,0.003925390632761283,-0.00043789409641180804,0.0035061715390165386,78.35084320092574
1631,E,1551339965533288.0,1.5589905,9.630005,1.4134162136732982,163,1970-01-18 22:55:39.965533288,-0.00541687,-0.004135132,-0.0008544922,9.83072264679314,0.0068681841977472355,97.17456817626953,-9.0774507522583,5.1102824211120605,78401197.0,50354.0,0.0776339492082,-0.008804271015000014,0.06993566924390526,0.003905920333859719,-0.000451513036765372,0.003495735126651484,78.40119720506482
1631,E,1551340015887292.0,1.5788574,9.626617,1.3958992136732982,163,1970-01-18 22:55:40.015887292,-0.004470825,0.0023040771,7.6293945e-05,9.832754987447007,0.005030195645242148,97.17733001708984,-9.081534385681152,5.109923839569092,78451551.0,50354.0,0.0790015965783,-0.008645227906000034,0.07073013451430525,0.003943613136266711,-0.00043932603433401824,0.0035415429412204665,78.45155120897107
1631,E,1551340066241296.0,1.5567474,9.614716,1.4061378136732983,163,1970-01-18 22:55:40.066241296,-0.0023498535,0.004425049,0.0020599365,9.816293720634564,0.0054172140910153715,97.1788330078125,-9.08275032043457,5.1098713874816895,78501905.0,50354.0,0.0789451220496,-0.009030159059000058,0.07054688623750527,0.003976624534894639,-0.0004450132176178073,0.003556931551468334,78.50190521287732
1631,E,1551340116595300.0,1.5579529,9.621735,1.4008735136732982,163,1970-01-18 22:55:40.116595300,-0.0015563965,0.0072784424,3.0517578e-05,9.824016081820481,0.007443052139942121,97.18095397949219,-9.08384895324707,5.109879970550537,78552259.0,50354.0,0.07841880945310001,-0.009153073173000065,0.07067212418860526,0.003961951703443478,-0.00045779923790506706,0.0035554710254981844,78.5522592170164
1631,E,1551340166949304.0,1.5432129,9.636932,1.3944038136732981,163,1970-01-18 22:55:40.166949304,-0.0025482178,0.008285522,0.0019989014,9.837386709334671,0.00889600447255074,97.18363189697266,-9.082539558410645,5.109830379486084,78602613.0,50354.0,0.07807805134660001,-0.00859374094100006,0.07037669727060526,0.003940121464354048,-0.0004468115389481812,0.0035511861778785435,78.60261322092265
1631,E,1551340217303308.0,1.5392456,9.618637,1.367090613673298,163,1970-01-18 22:55:40.217303308,-0.0038604736,-0.0005187988,0.00019836426,9.822311874592252,0.0039002252487290714,97.19058990478516,-9.08088207244873,5.108675003051758,78652967.0,50354.0,0.07760705765450002,-0.00867173928700005,0.06952614519730525,0.003919683989320696,-0.00043469299570035884,0.003522333864814583,78.65296722506173
1631,E,1551340267657312.0,1.5822449,9.602753,1.4263557136732983,163,1970-01-18 22:55:40.267657312,-0.0019378662,0.0007171631,-0.003479004,9.806159015851671,0.004046370862034281,97.1890640258789,-9.085827827453613,5.108957290649414,78703321.0,50354.0,0.07858976631850001,-0.009532263970000048,0.07033059818360526,0.003932567437168222,-0.0004583221900014915,0.0035211732281011845,78.70332122896798
1631,E,1551340318011315.0,1.567337,9.617752,1.4495185136732982,163,1970-01-18 22:55:40.318011315,-0.0019683838,0.002822876,-0.0012969971,9.815648244449473,0.003677684757138226,97.18389129638672,-9.088339805603027,5.109906196594238,78753675.0,50354.0,0.07929702349630001,-0.009554545615000054,0.07240588542190526,0.003975115707167221,-0.00048054860492154755,0.0035936764477359387,78.7536752319429
1631,E,1551340368365319.0,1.549057,9.630936,1.4065803136732982,163,1970-01-18 22:55:40.368365319,-0.0014801025,0.0059509277,0.0010375977,9.830911488373628,0.006219393289395584,97.18489074707031,-9.08786678314209,5.110020160675049,78804029.0,50354.0,0.078461451738,-0.008844982224000047,0.07190800017610526,0.003971885130973972,-0.00046324491240250557,0.0036333906977011107,78.80402923608199
1631,E,1551340418719323.0,1.5222931,9.625153,1.3984321136732982,163,1970-01-18 22:55:40.418719323,-0.0040740967,0.00090026855,0.00076293945,9.822078983261086,0.004241559145813752,97.18708801269531,-9.08361530303955,5.109681129455566,78854383.0,50354.0,0.0773273814677,-0.008658647247000053,0.07062179788330526,0.003922295453619909,-0.00044068887919136956,0.003588472725741779,78.85438323998824
1631,E,1551340469073327.0,1.5454102,9.617737,1.402567213673298,163,1970-01-18 22:55:40.469073327,-0.0018310547,-0.001953125,-0.0017089844,9.817906777542008,0.0031761747841484497,97.18888092041016,-9.082839012145996,5.109297275543213,78904737.0,50354.0,0.0772355659841,-0.008990958470000058,0.07052076006460525,0.0038914313279939687,-0.0004443641231369118,0.0035535461814545435,78.90473724389449
1631,E,1551340519427331.0,1.5669708,9.62236,1.3939918136732983,163,1970-01-18 22:55:40.519427331,0.0011138916,0.00090026855,-0.003540039,9.826924193443148,0.0038187843720470347,97.19192504882812,-9.084982872009277,5.108890056610107,78955091.0,50354.0,0.07836041643700001,-0.009061277831000025,0.07040896663150525,0.003917440049416035,-0.00045450115335027915,0.0035481877290279747,78.95509124803357
1631,E,1551340569781335.0,1.5193787,9.609741,1.446207413673298,163,1970-01-18 22:55:40.569781335,-0.002090454,-0.0001373291,0.0018005371,9.80064802423066,0.0027623886504797293,97.18732452392578,-9.08090877532959,5.109582424163818,79005445.0,50354.0,0.0777050213615,-0.009262593123000033,0.07150769594690526,0.003929259527452835,-0.0004613400990088595,0.003573035813736642,79.00544525193982
1631,E,1551340620135339.0,1.5397339,9.634933,1.4195808136732981,163,1970-01-18 22:55:40.620135339,-0.002456665,-0.004043579,0.00039672852,9.831756474159977,0.004747960358938077,97.1863021850586,-9.079133033752441,5.109525203704834,79055799.0,50354.0,0.07701927793020001,-0.008946042702000041,0.07215195019990525,0.003895493683267131,-0.00045843882416602696,0.0036169189110382485,79.0557992560789
1631,E,1551340670489343.0,1.5463867,9.642303,1.4104713136732983,163,1970-01-18 22:55:40.670489343,0.0018157959,-0.004058838,0.00036621094,9.841145383483553,0.0044615458210441475,97.18670654296875,-9.07816219329834,5.109273910522461,79106153.0,50354.0,0.0776992583462,-0.008126229228000029,0.07125222241020526,0.003895348587830924,-0.0004298285903816118,0.0036104868538047526,79.10615325998515
1631,E,1551340720843347.0,1.5239868,9.629501,1.4056495136732983,163,1970-01-18 22:55:40.720843347,1.5258789e-05,-0.008377075,-0.0021514893,9.825701763525334,0.008648960896794552,97.18799591064453,-9.074116706848145,5.108675003051758,79156507.0,50354.0,0.0773027936095,-0.008262990692000049,0.07090147407010526,0.003902486662088659,-0.00041263138992584205,0.003579003616284778,79.1565072638914
1631,E,1551340771197351.0,1.5542603,9.612625,1.392145513673298,163,1970-01-18 22:55:40.771197351,-0.0010070801,-0.0035552979,-0.0017089844,9.81560364433285,0.004071238283987291,97.19144439697266,-9.074930191040039,5.10795783996582,79206861.0,50354.0,0.0775010272367,-0.009010193698000062,0.07044008540350526,0.0038974957974447777,-0.00043488696338703285,0.003558556442867092,79.20686126803048
1631,E,1551340821551355.0,1.5422058,9.64592,1.4186347136732982,163,1970-01-18 22:55:40.821551355,7.6293945e-05,-0.003829956,0.002243042,9.843026981541534,0.004439101388991207,97.19037628173828,-9.073500633239746,5.107924938201904,79257215.0,50354.0,0.0779597269997,-0.008596812535000041,0.07076701378390525,0.003914035409409843,-0.0004432915959282436,0.0035551711362414346,79.25721527193673
1631,E,1551340871905358.0,1.5356293,9.662003,1.4167732136732982,163,1970-01-18 22:55:40.871905358,-0.0048980713,-0.0009460449,-0.00021362305,9.85799039959655,0.004993169155976093,97.18904113769531,-9.07068920135498,5.1080522537231445,79307569.0,50354.0,0.07749065431270001,-0.007353622629000021,0.07138706538680527,0.0039137742503022955,-0.0004015841061240296,0.003579013251280979,79.30756927491166
1631,E,1551340922259362.0,1.5143585,9.659592,1.4070991136732982,163,1970-01-18 22:55:40.922259362,0.00064086914,0.00015258789,-0.0017700195,9.853529665726054,0.0018886411382682633,97.189453125,-9.064851760864258,5.1080098152160645,79357923.0,50354.0,0.07678954284060001,-0.007009402685000029,0.07109663358560527,0.0038843125237286347,-0.0003616178883305793,0.00358731208902838,79.35792327905074
1631,E,1551340972613366.0,1.5311584,9.676315,1.4388221136732982,163,1970-01-18 22:55:40.972613366,0.0012664795,0.0014190674,-0.00019836426,9.868642208564973,0.0019123469845476154,97.18496704101562,-9.061373710632324,5.108799457550049,79408277.0,50354.0,0.07667697899130001,-0.006649069461000021,0.07165175874090526,0.003863826620161747,-0.0003438793532198433,0.003593976273604556,79.40827728295699
1631,E,1551341022967370.0,1.5618896,9.680969,1.389429413673298,163,1970-01-18 22:55:41.022967370,0.0011901855,-0.001159668,-0.0004119873,9.884086812514226,0.0017120469999376594,97.18770599365234,-9.062112808227539,5.108322620391846,79458631.0,50354.0,0.07787366949600001,-0.006110860732000038,0.07120688870400527,0.003891121676964753,-0.00032125676246916253,0.0035967521667205128,79.45863128686324
1631,E,1551341073321374.0,1.4609985,9.687454,1.4209846136732982,163,1970-01-18 22:55:41.073321374,0.022994995,0.012863159,-0.009460449,9.871099801246013,0.027995191547673094,97.18663024902344,-9.047958374023438,5.1093621253967285,79508985.0,50354.0,0.07610725369370001,-0.005830414129000037,0.07075779396650526,0.003876777703147078,-0.0003006454771753989,0.0035742448155954443,79.50898529100232
1631,E,1551341123675378.0,1.6106415,9.6432495,1.5000709136732981,163,1970-01-18 22:55:41.123675378,0.07215881,0.023651123,-0.023712158,9.841700333290804,0.07955209561535254,97.17717742919922,-9.0562162399292,5.112720012664795,79559339.0,50354.0,0.07733468028000001,-0.00678007798050003,0.07354341501200527,0.003863207571655846,-0.0003174943598408832,0.00363307153845196,79.55933929490857
1631,E,1551341174029382.0,1.4581909,9.67247,1.2638343136732981,163,1970-01-18 22:55:41.174029382,0.06430054,-0.026397705,-0.00982666,9.876459177611336,0.07019944102565366,97.20191955566406,-9.041443824768066,5.1081037521362305,79609693.0,50354.0,0.0772639933348,-0.0071573301485000325,0.06958684190890525,0.00389233080559982,-0.0003509021244638346,0.0036035904784977647,79.60969329904765
1631,E,1551341224383386.0,1.5754852,9.590988,1.2952064136732981,163,1970-01-18 22:55:41.224383386,0.068237305,-0.002243042,-0.011108398,9.810506251660938,0.0691719418348451,97.22309112548828,-9.045889854431152,5.1052703857421875,79660047.0,50354.0,0.07637886316970001,-0.008473117934000038,0.06442896839240526,0.0038682661982137965,-0.0003935277913731043,0.003374116055956095,79.6600473029539
1631,E,1551341274737390.0,1.5047302,9.651062,1.3397926136732983,163,1970-01-18 22:55:41.274737390,0.04197693,-0.02243042,-0.0037841797,9.852266862463443,0.047744176708821695,97.2348861694336,-9.039045333862305,5.102669715881348,79710401.0,50354.0,0.0775505831258,-0.009012107150000061,0.06634137051150527,0.003875481669381804,-0.0004402255119398705,0.003292404822583756,79.71040130686015
1631,E,1551341325091394.0,1.5060272,9.64386,1.2831062136732982,163,1970-01-18 22:55:41.325091394,0.02180481,-0.0021362305,-0.007247925,9.85298873985686,0.023076950333413976,97.25363159179688,-9.032515525817871,5.099839210510254,79760755.0,50354.0,0.07580183905980001,-0.007680948806000044,0.06603672377610527,0.003860953933366852,-0.00042028106980421465,0.003332883279879171,79.76075531099923
1631,E,1551341375445398.0,1.5211945,9.675018,1.2506355136732983,163,1970-01-18 22:55:41.375445398,0.015258789,-0.010818481,-0.0018157959,9.890280332249308,0.018792745612186072,97.27572631835938,-9.02775764465332,5.095970153808594,79811109.0,50354.0,0.0762163607409,-0.0070778085940000415,0.06379201546940526,0.0038273622163822246,-0.0003715812350598022,0.0032686981679842186,79.81110931490548
1631,E,1551341425799401.0,1.5310364,9.588852,1.2500099136732983,163,1970-01-18 22:55:41.425799401,0.0076141357,0.0038757324,-0.002960205,9.807625510745982,0.009042078175754135,97.29866027832031,-9.026494026184082,5.0926408767700195,79861463.0,50354.0,0.07684601736930001,-0.008462745010000062,0.06295874992430527,0.003853651493680506,-0.0003912645180879106,0.00319120402031745,79.8614633178804
1631,E,1551341476153405.0,1.4095917,9.635757,1.2052558136732983,163,1970-01-18 22:55:41.476153405,0.01687622,0.008605957,-0.0056152344,9.841721675212945,0.019758546372170005,97.3270263671875,-9.006512641906738,5.088785648345947,79911817.0,50354.0,0.07403619367370001,-0.009451219207000058,0.06181622521740526,0.003798761427429612,-0.00045101987709141207,0.0031414595491428463,79.91181732201949
1631,E,1551341526507409.0,1.4915009,9.580414,1.219156613673298,163,1970-01-18 22:55:41.526507409,0.016143799,-0.010757446,-0.0060424805,9.797666289205365,0.020318869584408414,97.35392761230469,-8.999921798706055,5.084213733673096,79962171.0,50354.0,0.07304080839020001,-0.009663662733000056,0.061039431683305265,0.0037029576809628107,-0.0004812553826033829,0.0030931368737891892,79.96217132592574
1631,E,1551341576861413.0,1.5071869,9.653839,1.1993965136732982,163,1970-01-18 22:55:41.576861413,0.016235352,-0.0010375977,-0.004272461,9.87469759801972,0.016820142286778382,97.3813705444336,-8.994227409362793,5.080023288726807,80012525.0,50354.0,0.0754979627406,-0.009208412219000064,0.06089191208720526,0.003739760640760152,-0.00047514223106650703,0.003069865442110144,80.01252533006482
1631,E,1551341627215417.0,1.4615631,9.6910095,1.288843513673298,163,1970-01-18 22:55:41.627215417,0.005783081,-0.0024414063,-0.00035095215,9.891696719759857,0.006287102511159676,97.39387512207031,-8.981769561767578,5.077998161315918,80062879.0,50354.0,0.07474421875000001,-0.00642394931550005,0.06264641916850526,0.0037826474033888367,-0.00039357596635410943,0.003110324566025024,80.06287933397107
1631,E,1551341677569421.0,1.4880219,9.620087,1.2905220136732982,163,1970-01-18 22:55:41.677569421,0.0027313232,-0.018310547,0.0012512207,9.825966715091981,0.018555371489198908,97.4072265625,-8.974935531616211,5.07503080368042,80113233.0,50354.0,0.074261701545,-0.007273723419500044,0.06494068588200526,0.0037515220552672155,-0.00034486630644909737,0.0032122605438567034,80.11323333787732
1631,E,1551341727923425.0,1.5034485,9.663406,1.1840919136732981,163,1970-01-18 22:55:41.727923425,-0.0036621094,0.0015258789,-0.0012207031,9.88570554082082,0.004150839401058921,97.43434143066406,-8.969242095947266,5.070856094360352,80163587.0,50354.0,0.07531625026080001,-0.007968696739000036,0.06230335484880527,0.0037659240926146273,-0.0003837584123305566,0.003203623213479617,80.1635873420164
1631,E,1551341778277429.0,1.5130463,9.641724,1.2307228136732982,163,1970-01-18 22:55:41.778277429,0.0013275146,0.0,-0.0035552979,9.85926202943955,0.0037950544358358778,97.4547348022461,-8.965551376342773,5.067711353302002,80213941.0,50354.0,0.07594628957960001,-0.007423941990000033,0.060797790390405254,0.003808336965561751,-0.00038754046528003474,0.0030993175336876035,80.21394134592265
1631,E,1551341828631433.0,1.4763794,9.621048,1.217768113673298,163,1970-01-18 22:55:41.828631433,-0.0010681152,-0.007522583,0.0042266846,9.83532068189806,0.008694537812916635,97.47689819335938,-8.957432746887207,5.063856601715088,80264295.0,50354.0,0.0752647708489,-0.008490389356000036,0.06164565607780526,0.003807040868408345,-0.0004006751202982438,0.003082758651730136,80.26429535006173
1631,E,1551341878985437.0,1.5302582,9.59613,1.202814413673298,163,1970-01-18 22:55:41.878985437,-0.004470825,0.008621216,0.0038909912,9.821358295925759,0.010462000478768791,97.50090789794922,-8.957870483398438,5.060481071472168,80314649.0,50354.0,0.0756981148552,-0.009638309494000023,0.060943006291005256,0.0038007925733721257,-0.0004564262509464515,0.0030864147524595426,80.31464935396798
1631,E,1551341929339440.0,1.5032043,9.640274,1.2031501136732983,163,1970-01-18 22:55:41.929339440,-0.059249878,-0.011810303,0.017623901,9.86028532669027,0.06293356168551478,97.520751953125,-8.95396900177002,5.05623722076416,80365003.0,50354.0,0.0763734853625,-0.009154256492000029,0.060574968905005265,0.003828706678681033,-0.0004731404338295233,0.003059458061509957,80.3650033569429
1631,E,1551341979693444.0,1.5084839,9.560516,1.2161048136732981,163,1970-01-18 22:55:41.979693444,-0.12654114,-0.023620605,0.030960083,9.781255373552026,0.13239758242669128,97.53667449951172,-8.953316688537598,5.051417827606201,80415357.0,50354.0,0.0758252738114,-0.010050910170000047,0.06090958130580526,0.0038319081597212802,-0.0004835284810491759,0.003058616520657577,80.41535736108199
1631,E,1551342030047448.0,1.5226135,9.534531,1.3050178136732982,163,1970-01-18 22:55:42.030047448,-0.12176514,0.027832031,0.0066223145,9.74558367976316,0.12508087910684618,97.53948974609375,-8.954713821411133,5.05135440826416,80465711.0,50354.0,0.07631393923980001,-0.012713201681000057,0.06347430438870526,0.003830408966990063,-0.0005731320440726296,0.0031316130901306916,80.46571136498824
1631,E,1551342080401452.0,1.5390625,9.725006,1.4093116136732982,163,1970-01-18 22:55:42.080401452,0.005264282,-0.0033416748,0.0035705566,9.921194699989545,0.007185285650430511,97.52986145019531,-8.954109191894531,5.052701473236084,80516065.0,50354.0,0.07708381665200001,-0.008571836951000038,0.06833867199230527,0.0038620953000878494,-0.0005358934176378665,0.0033186553063447024,80.51606536889449
1631,E,1551342130755456.0,1.5875549,9.604538,1.3881629136732982,163,1970-01-18 22:55:42.130755456,-0.015670776,0.0181427,0.015029907,9.813517837064884,0.0282953863405472,97.52464294433594,-8.963868141174316,5.054186820983887,80566419.0,50354.0,0.0787188462798,-0.006809270712000029,0.07043201617500526,0.003922643644633929,-0.00038725014763135273,0.0034938296159883774,80.56641937303357
1631,E,1551342181109460.0,1.4924774,9.683899,1.5042976136732982,163,1970-01-18 22:55:42.181109460,-0.0054779053,0.027938843,0.0019836426,9.862479840156075,0.028539818370461854,97.50150299072266,-8.95767593383789,5.059100151062012,80616773.0,50354.0,0.07754597321710001,-0.007844221651000035,0.07282347869700526,0.003934279360473452,-0.00036893097722325263,0.003606743594392609,80.61677337693982
1631,E,1551342231463464.0,1.5050354,9.660065,1.3534339136732982,163,1970-01-18 22:55:42.231463464,1.5258789e-05,0.011245728,0.0032806396,9.859359736416872,0.011714487921617143,97.5018310546875,-8.953486442565918,5.059582233428955,80667127.0,50354.0,0.0754683797656,-0.006446218372000044,0.07194910666400527,0.003852442365045438,-0.000359790408459073,0.0036449393816341616,80.6671273810789
1631,E,1551342281817468.0,1.4551697,9.678329,1.3977455136732981,163,1970-01-18 22:55:42.281817468,0.007247925,0.013381958,0.00064086914,9.86415476622596,0.015232200431125942,97.49567413330078,-8.941851615905762,5.061247825622559,80717481.0,50354.0,0.0745290838027,-0.0065864542620000565,0.06926644444230526,0.00377648614025909,-0.00032812359890622056,0.00355538393020358,80.71748138498515
1631,E,1551342332155765.0,1.4525299,9.647369,1.2890724136732983,163,1970-01-18 22:55:42.332155765,-0.0029754639,0.0028839111,-0.0025787354,9.84757791572845,0.004880594729755747,97.50566864013672,-8.930253982543945,5.0598273277282715,80767819.0,50338.0,0.0731838912324,-0.006903907038000057,0.06762452041338649,0.003717787868658432,-0.0003395389035597029,0.0034454086944529054,80.76781968190335
1631,E,1551342382509769.0,1.5524292,9.666809,1.3837837136732982,163,1970-01-18 22:55:42.382509769,-0.01083374,-0.024856567,-0.0018310547,9.86943585132877,0.027176673945269333,97.5010757446289,-8.932997703552246,5.059254169464111,80818173.0,50354.0,0.0756558552607,-0.007196140494000035,0.06729449871820527,0.003747338297456779,-0.0003549968967131663,0.003396856144676086,80.81817368604243
1631,E,1551342432863773.0,1.6202393,9.655029,1.400446313673298,163,1970-01-18 22:55:42.432863773,-0.0043182373,0.007293701,-0.0027618408,9.866716753989863,0.008914763724353939,97.49443817138672,-8.945871353149414,5.060624122619629,80868527.0,50354.0,0.0798782748245,-0.007003284674000001,0.07009855939850525,0.0039158827931550805,-0.0003574989274547369,0.003459145024204421,80.86852768994868
1631,E,1551342483217776.0,1.5552063,9.587585,1.3298439136732982,163,1970-01-18 22:55:42.483217776,-0.0048980713,-0.010101318,-0.0048980713,9.7992927808107,0.012248217431809878,97.49972534179688,-8.950215339660645,5.059304237365723,80918881.0,50354.0,0.0799481938712,-0.008997907322,0.06874051705390526,0.004023951002351639,-0.0004028620108832921,0.0034955514278423396,80.9188816929236
1631,E,1551342533571780.0,1.5341492,9.61293,1.410623913673298,163,1970-01-18 22:55:42.533571780,0.0023345947,0.0068511963,-0.0101623535,9.810427555378853,0.012476483952354688,97.49272918701172,-8.950920104980469,5.060807704925537,80969235.0,50354.0,0.0777807034235,-0.010057833845000008,0.06899675848910526,0.003971140447188663,-0.00047976639536155926,0.003467811386346376,80.96923569706269
1631,E,1551342583925784.0,1.5840912,9.64122,1.3854011136732982,163,1970-01-18 22:55:42.583925784,0.005630493,-0.0101623535,-0.0030975342,9.849211979096612,0.012023751419676843,97.48941802978516,-8.95831298828125,5.0608930587768555,81019589.0,50354.0,0.07850793855080002,-0.008707465450000012,0.07039552211350526,0.003934879138986952,-0.0004724539403502155,0.0035094794487319256,81.01958970096894
1631,E,1551342634279788.0,1.4782715,9.670364,1.4101203136732983,163,1970-01-18 22:55:42.634279788,0.0036468506,-0.0045166016,0.003479004,9.858240459971942,0.006767767589379744,97.48185729980469,-8.950104713439941,5.061851501464844,81069943.0,50354.0,0.0771011056979,-0.00726144963200004,0.07038284297630526,0.003917768907049521,-0.00040204937501951536,0.0035443768978661596,81.06994370487519
1631,E,1551342684633792.0,1.5348053,9.584564,1.4921516136732982,163,1970-01-18 22:55:42.684633792,-0.009994507,-0.009643555,-0.0037384033,9.772925013077431,0.014382766856364073,97.46337127685547,-8.952009201049805,5.0642008781433105,81120297.0,50354.0,0.0758602345936,-0.008687877744000046,0.07307050031480526,0.0038511076645190954,-0.0004015562153455542,0.00361172482404029,81.12029770901427
1631,E,1551342734987796.0,1.514389,9.715988,1.313166013673298,163,1970-01-18 22:55:42.734987796,0.0046691895,0.007293701,0.0035705566,9.92084010609879,0.009367405152875305,97.46967315673828,-8.947944641113281,5.063592433929443,81170651.0,50354.0,0.0767695648911,-0.007539202296000044,0.07062948190370527,0.0038427604616262925,-0.00040854919416708234,0.00361793445231544,81.17065171292052
1631,E,1551342785341800.0,1.4032593,9.680527,1.4385017136732983,163,1970-01-18 22:55:42.785341800,0.003616333,-0.017120361,-0.0006713867,9.85378520782189,0.017511007544917193,97.4583740234375,-8.928790092468262,5.064541339874268,81221005.0,50354.0,0.0734576312491,-0.00512314184500006,0.06927873837140526,0.0037822701172218155,-0.0003187998384379596,0.0035224692618664576,81.2210057170596
1631,E,1551342835695804.0,1.5431976,9.658707,1.3773597136732982,163,1970-01-18 22:55:42.835695804,-0.0038452148,-0.018295288,-0.0049438477,9.860864080975396,0.01933765419956305,97.45635223388672,-8.930298805236816,5.063965320587158,81271359.0,50354.0,0.0741829453713,-0.006565305582000052,0.07089494315630526,0.0037171467975718113,-0.0002942800408695818,0.0035291527798231685,81.27135972096585
1631,E,1551342886049808.0,1.5523987,9.600235,1.4142860136732982,163,1970-01-18 22:55:42.886049808,0.002609253,-0.018203735,0.0013885498,9.80040822644914,0.018442132190050965,97.45036315917969,-8.934844970703125,5.064010143280029,81321713.0,50354.0,0.07793782804510001,-0.008586817266000054,0.07028526447740525,0.003829944712304703,-0.00038148499694409864,0.0035544940875939304,81.3217137248721
1631,E,1551342936403812.0,1.5265045,9.672409,1.3235115136732982,163,1970-01-18 22:55:42.936403812,0.008712769,-0.0101623535,-0.0028076172,9.878657874491559,0.013677298221800208,97.4566879272461,-8.933505058288574,5.062619686126709,81372067.0,50354.0,0.0775175458664,-0.008241842012000044,0.06892952834600526,0.003913899948969835,-0.00042369515464220846,0.0035050108389150067,81.37206772901118
1631,E,1551342986757816.0,1.5290375,9.631363,1.3743080136732981,163,1970-01-18 22:55:42.986757816,-0.0022735596,-0.02885437,-0.0017700195,9.832258803816433,0.02899787423902022,97.45579528808594,-8.933552742004395,5.061334609985352,81422421.0,50354.0,0.07692938093400001,-0.0074581323560000265,0.06792300224000526,0.003888510276053671,-0.0003952782546631378,0.003445536162563987,81.42242173291743
1631,E,1551343037111819.0,1.5813751,9.606796,1.3659309136732982,163,1970-01-18 22:55:43.037111819,0.008392334,-0.00390625,-0.0015411377,9.817563787601475,0.009384304153234659,97.45697784423828,-8.94184684753418,5.06103515625,81472775.0,50354.0,0.0783108580302,-0.009110070857000047,0.06899099547380527,0.0039084834964016645,-0.00041713765229370287,0.003447083720440608,81.47277573589236
1631,E,1551343087465823.0,1.5422211,9.6918335,1.414743713673298,163,1970-01-18 22:55:43.087465823,-0.0018005371,-0.013839722,0.002319336,9.888504393820506,0.014147761602693777,97.44898986816406,-8.942643165588379,5.061570644378662,81523129.0,50354.0,0.0786427815274,-0.007587605078500067,0.07000904509270527,0.003951621783141695,-0.00042039738702808637,0.003499604021343036,81.52312974003144
1631,E,1551343137819827.0,1.5619049,9.610779,1.3310951136732982,163,1970-01-18 22:55:43.137819827,-0.0019989014,-0.010818481,-0.0007019043,9.8228844409234,0.011023965148740331,97.45491027832031,-8.947705268859863,5.060110569000244,81573483.0,50354.0,0.07815258030200001,-0.007487325087500026,0.06913198415610526,0.003947636824778804,-0.00037954151678938435,0.003503153693397303,81.57348374393769
1631,E,1551343188173831.0,1.5272064,9.606827,1.3238624136732982,163,1970-01-18 22:55:43.188173831,0.008010864,-0.010070801,-0.00076293945,9.814516720132664,0.012890967822955082,97.4623031616211,-8.947711944580078,5.058533191680908,81623837.0,50354.0,0.0777745552001,-0.009627533738000037,0.06684386566600525,0.003925777490536373,-0.00043090080064961503,0.0034234639709712768,81.62383774807677
1631,E,1551343238527835.0,1.50383,9.64653,1.377008813673298,163,1970-01-18 22:55:43.238527835,0.0095825195,0.0012664795,-0.0018310547,9.842890040033467,0.009837754398550138,97.4609603881836,-8.943642616271973,5.058889865875244,81674191.0,50354.0,0.0763124034428,-0.008727430811000051,0.06799983489090525,0.0038794473577522938,-0.0004621229424501753,0.003394959848921336,81.67419175198302
1631,E,1551343288881839.0,1.5477142,9.609924,1.2803596136732982,163,1970-01-18 22:55:43.288881839,0.0038452148,-0.007736206,-0.0028381348,9.826631586418534,0.009093380519671772,97.47430419921875,-8.946419715881348,5.056488990783691,81724545.0,50354.0,0.0768287283234,-0.008649457642000043,0.06690456489530526,0.003855634274477618,-0.00043749792058118346,0.003396488073417422,81.72454575588927
1631,E,1551343339235843.0,1.4901581,9.654144,1.3466896136732982,163,1970-01-18 22:55:43.339235843,0.006378174,0.0036010742,-0.0025634766,9.852172078484339,0.007760170825885807,97.47676849365234,-8.940142631530762,5.056347846984863,81774899.0,50354.0,0.07648451089710001,-0.008457759964000037,0.06614121839690526,0.0038599674238545285,-0.00043070841766626396,0.003349693685947984,81.77489976002835
1631,E,1551343389589847.0,1.5323944,9.678009,1.3267616136732983,163,1970-01-18 22:55:43.389589847,0.0009918213,-0.0013275146,0.00036621094,9.884623932330495,0.001697090144017852,97.48135375976562,-8.939607620239258,5.05557107925415,81825253.0,50354.0,0.0760988042925,-0.0067435839190000384,0.06730948155090527,0.0038415901265285595,-0.0003827242349422929,0.003359888272586026,81.8252537639346
1631,E,1551343439943851.0,1.4929657,9.646835,1.3432563136732982,163,1970-01-18 22:55:43.439943851,-0.003967285,0.0074310303,0.00036621094,9.84588292241342,0.008431706354191824,97.4837417602539,-8.934225082397461,5.055531024932861,81875607.0,50354.0,0.07616949123770002,-0.006927602612000067,0.06722304135680526,0.003833658876563846,-0.00034419946329098967,0.0033871253292474283,81.87560776807368
1631,E,1551343490297855.0,1.4723206,9.578278,1.3147224136732982,163,1970-01-18 22:55:43.490297855,-0.0037384033,-0.0020141602,0.00024414063,9.779382290363028,0.004253481537744313,97.49169158935547,-8.927347183227539,5.054169178009033,81925961.0,50354.0,0.0746570131751,-0.009438529999000073,0.06691993041840526,0.003797358901601066,-0.0004120501207471505,0.003377317600384475,81.92596177197993
1631,E,1551343540651858.0,1.5142212,9.616211,1.3300575136732982,163,1970-01-18 22:55:43.540651858,0.0035552979,-0.0001373291,-0.0005493164,9.820871217472352,0.003600104296650332,97.49678039550781,-8.925874710083008,5.053403377532959,81976315.0,50354.0,0.0751921628986,-0.010209550447000061,0.06658762423080526,0.0037727527060075457,-0.0004946797213889454,0.0033613197034031736,81.97631577495486
1631,E,1551343591005862.0,1.5385132,9.638382,1.3512977136732982,163,1970-01-18 22:55:43.591005862,-0.0041656494,0.0010528564,0.0008239746,9.843569896206063,0.004374937218313707,97.49781036376953,-8.927574157714844,5.053257942199707,82026669.0,50354.0,0.0768586939888,-0.00869631203900004,0.06750848055890527,0.00382818442385407,-0.0004759928998100246,0.003376137630290542,82.0266697788611
1631,E,1551343641359866.0,1.5108643,9.669754,1.3728737136732982,163,1970-01-18 22:55:43.641359866,-0.0056915283,0.0066986084,0.0038909912,9.86725172221883,0.009612734335491067,97.49493408203125,-8.924813270568848,5.05396032333374,82077023.0,50354.0,0.0767741773175,-0.007348259928000054,0.06858646402630526,0.0038680148008787153,-0.0004039541884131614,0.003426462419821846,82.07702378300019
1631,E,1551343691713870.0,1.5179749,9.651398,1.394754713673298,163,1970-01-18 22:55:43.691713870,-0.0029754639,-0.002609253,0.0049743652,9.84759251032835,0.006356563205159156,97.4895248413086,-8.923608779907227,5.054620265960693,82127377.0,50354.0,0.07625708453840001,-0.0070205560960000446,0.06968058091530527,0.0038528680797459943,-0.0003617636810362505,0.0034811493904949283,82.12737778690644
1631,E,1551343742067874.0,1.5312805,9.660294,1.3505500136732982,163,1970-01-18 22:55:43.742067874,0.0021972656,0.0016479492,0.0005493164,9.863997567289438,0.0028009750427365394,97.49073791503906,-8.923824310302734,5.054527282714844,82177731.0,50354.0,0.0767711032058,-0.007258730516000018,0.06911853712040526,0.003852790682835724,-0.0003595095990303256,0.0034945453947850848,82.17773179104552
1631,E,1551343792421878.0,1.5648499,9.636276,1.395273513673298,163,1970-01-18 22:55:43.792421878,0.00022888184,-0.00048828125,0.0012664795,9.84005273964373,0.0013765085541701506,97.48576354980469,-8.92955207824707,5.055267810821533,82228085.0,50354.0,0.0779512750808,-0.007639457110000014,0.06913159894800526,0.0038954453181217286,-0.0003750916698598028,0.003480723675794372,82.22808579495177
1631,E,1551343842775882.0,1.5472717,9.61586,1.3720191136732982,163,1970-01-18 22:55:43.842775882,-7.6293945e-05,0.00062561035,0.0013427734,9.820222133715411,0.0014833237946646528,97.48468017578125,-8.933016777038574,5.05545711517334,82278439.0,50354.0,0.07835388552320001,-0.008758171928000033,0.06967212647870526,0.003935295028526908,-0.0004128431062897272,0.003494661395068291,82.27843979885802
1631,E,1551343893129886.0,1.5669708,9.661423,1.345758813673298,163,1970-01-18 22:55:43.893129886,0.0014343262,0.010772705,0.0047912598,9.871327443516481,0.011877063405409921,97.48658752441406,-8.93834114074707,5.055668830871582,82328793.0,50354.0,0.0784072834225,-0.008125045909000065,0.06842549487680526,0.00394677595054589,-0.00042506877548215155,0.0034768838128676886,82.3287938029971
1631,E,1551343943483890.0,1.5366211,9.634232,1.335352313673298,163,1970-01-18 22:55:43.943483890,-0.0019226074,0.0011749268,0.00036621094,9.84129278416282,0.00228275768588536,97.49039459228516,-8.939484596252441,5.055118560791016,82379147.0,50354.0,0.07813913326630001,-0.007662494065000036,0.06750233485320525,0.0039413691329739185,-0.0003974828939254006,0.0034222549691124743,82.37914780690335
1631,E,1551343993837894.0,1.5852661,9.649643,1.3413185136732981,163,1970-01-18 22:55:43.993837894,0.004211426,0.016235352,0.00036621094,9.863300698966306,0.01677667648761088,97.49311065673828,-8.947343826293945,5.055520057678223,82429501.0,50354.0,0.0785997540344,-0.007959079125000034,0.06739054142010525,0.003946214965569725,-0.0003933043482046318,0.0033961979459331388,82.42950181104243
1631,E,1551344044191898.0,1.5528412,9.614227,1.3165992136732982,163,1970-01-18 22:55:44.044191898,-0.00079345703,0.0077667236,-0.00032043457,9.8267456719194,0.007813721766924162,97.4998779296875,-8.950998306274414,5.054841041564941,82479855.0,50354.0,0.0790081274921,-0.008462745010000062,0.06691839462140527,0.003968093633192691,-0.00041345226624689744,0.0033814960827171104,82.47985581494868
1631,E,1551344094545901.0,1.5772858,9.623459,1.3396247136732982,163,1970-01-18 22:55:44.094545901,0.0020751953,0.019073486,-0.0028381348,9.836624315081044,0.019394826961545937,97.50301361083984,-8.957887649536133,5.055325508117676,82530209.0,50354.0,0.078807207479,-0.009121979578000036,0.06687574981880527,0.003973316688567385,-0.00044273061095207844,0.003368535174571181,82.5302098179236
1631,E,1551344144899905.0,1.5506439,9.651077,1.3531898136732983,163,1970-01-18 22:55:44.144899905,-9.1552734e-05,0.025558472,-0.0015869141,9.857656577989184,0.02560785366325467,97.50337982177734,-8.960289001464844,5.056530475616455,82580563.0,50354.0,0.0787518860569,-0.008194207128000005,0.06779699135500526,0.003966865297953355,-0.00043596963269696304,0.003390655604533028,82.58056382206269
1631,E,1551344195253909.0,1.4768219,9.6521,1.2931007136732982,163,1970-01-18 22:55:44.195253909,-0.0014801025,0.018798828,0.0025024414,9.855276959639877,0.01902232505622076,97.51244354248047,-8.951988220214844,5.056008338928223,82630917.0,50354.0,0.0762225064466,-0.0074731126709999965,0.06662565660700526,0.00390179028006062,-0.000394456110579423,0.0033843590077395395,82.63091782596894
1631,E,1551344245607913.0,1.4587097,9.635742,1.3196357136732981,163,1970-01-18 22:55:44.245607913,-0.0017089844,0.0033874512,0.004348755,9.83298813930649,0.005771232395411729,97.51789093017578,-8.941710472106934,5.0552897453308105,82681271.0,50354.0,0.0739078790932,-0.007859201966000004,0.06578086503130526,0.0037798327167355454,-0.000386021685615749,0.003333598995287744,82.68127182987519
1631,E,1551344295961917.0,1.4706573,9.643173,1.3310798136732982,163,1970-01-18 22:55:44.295961917,-0.00440979,-0.008422852,0.008422852,9.840533366102038,0.012701776232948995,97.52130889892578,-8.933403968811035,5.054254531860352,82731625.0,50354.0,0.07375267295900001,-0.008083957045000001,0.06673706483200527,0.0037176497190182403,-0.00040140091441994715,0.003336403920168569,82.73162583401427
1631,E,1551344346315921.0,1.5529327,9.676346,1.4407142136732982,163,1970-01-18 22:55:44.346315921,-0.0050964355,-0.00819397,0.0021362305,9.871846620358095,0.009883232260535543,97.50801086425781,-8.9364013671875,5.055868148803711,82781979.0,50354.0,0.07612492543,-0.007061670137,0.06978545822650527,0.003773468294639853,-0.00038132145556121403,0.00343722756304412,82.78197983792052
1631,E,1551344396669925.0,1.5886688,9.636993,1.3780921136732982,163,1970-01-18 22:55:44.396669925,-0.009552002,-0.009155273,-0.001159668,9.846737106602015,0.013281739185165361,97.50468444824219,-8.944991111755371,5.055870532989502,82832333.0,50354.0,0.0790961009655,-0.007217263997000013,0.07096908690360526,0.003907999781559504,-0.0003595007246917183,0.003543777182740793,82.8323338420596
1631,E,1551344447023929.0,1.6083832,9.604752,1.3632453136732983,163,1970-01-18 22:55:44.447023929,-0.0028076172,-0.0064086914,-0.0005340576,9.820296668397589,0.007017068997971131,97.50452423095703,-8.956957817077637,5.055559158325195,82882687.0,50354.0,0.08049217820400001,-0.009019786135000039,0.06901865240830526,0.0040179541046505025,-0.0004088002111733653,0.0035244713126559714,82.88268784596585
1631,E,1551344497377933.0,1.6153717,9.662537,1.3869117136732982,163,1970-01-18 22:55:44.497377933,-0.0009460449,-0.0046081543,0.00065612793,9.874958388951008,0.004749799034269827,97.49991607666016,-8.96841049194336,5.0560407638549805,82933041.0,50354.0,0.08116447711730002,-0.008376664847000038,0.06924070347750527,0.004070029611024371,-0.00043799044637381603,0.003480955803137052,82.9330418498721
1631,E,1551344547731937.0,1.555069,9.647781,1.3979286136732982,163,1970-01-18 22:55:44.547731937,-0.008895874,-0.0044403076,0.0066833496,9.849438838319573,0.011979986130305573,97.49369812011719,-8.971606254577637,5.0566816329956055,82983395.0,50354.0,0.07982218550390001,-0.007293323714000022,0.07011392492160526,0.0040531612048139536,-0.00039452330200029855,0.003508531479204406,82.98339585401118
1631,E,1551344598085941.0,1.5323486,9.6465,1.3914436136732982,163,1970-01-18 22:55:44.598085941,-0.0044403076,0.0036773682,-0.00010681152,9.8454345032035,0.005766348685415556,97.4887466430664,-8.971183776855469,5.057600021362305,83033749.0,50354.0,0.07773191291520001,-0.007697087263000041,0.07022802456790526,0.003966739535897681,-0.00037741357716793064,0.003533389262297406,83.03374985791743
1631,E,1551344648439944.0,1.4772034,9.685883,1.3789009136732981,163,1970-01-18 22:55:44.648439944,0.0046844482,0.005203247,-0.002960205,9.877204406563449,0.007601358294641638,97.4854507446289,-8.961823463439941,5.0584235191345215,83084103.0,50354.0,0.07577149070400001,-0.006737793209000034,0.06974896416500526,0.003864755192920599,-0.0003634269856435459,0.003524200645328489,83.08410386089236
1631,E,1551344698793948.0,1.4767761,9.681763,1.3638099136732982,163,1970-01-18 22:55:44.698793948,0.0027770996,0.003616333,-6.1035156e-05,9.875021192069749,0.0045600298075206816,97.48442840576172,-8.952815055847168,5.05878210067749,83134457.0,50354.0,0.0743723418715,-0.0058499766580000214,0.06905323050010526,0.003780171272753364,-0.00031692228194146044,0.0034946228550834877,83.13445786503144
1631,E,1551344749147952.0,1.4956207,9.651459,1.3645271136732982,163,1970-01-18 22:55:44.749147952,-0.0020599365,0.00018310547,0.00079345703,9.84806428236905,0.0022150485447575614,97.48369598388672,-8.947417259216309,5.058884143829346,83184811.0,50354.0,0.0748360342336,-0.006716669706000055,0.06869134133750526,0.0037566192851981035,-0.00031639045550643,0.0034679950851555204,83.18481186893769
1631,E,1551344799501956.0,1.5332642,9.662415,1.4198555136732982,163,1970-01-18 22:55:44.799501956,-0.0021362305,-7.6293945e-05,-3.0517578e-05,9.857647781197189,0.0021378102904001796,97.47469329833984,-8.94743824005127,5.060262680053711,83235165.0,50354.0,0.0762582351273,-0.0072037943020000755,0.07010240140870526,0.003804100419699379,-0.0003504755223294193,0.0034944100611213427,83.23516587307677
1631,E,1551344849855960.0,1.5206146,9.618866,1.367334713673298,163,1970-01-18 22:55:44.849855960,0.00036621094,-0.000579834,0.0004119873,9.819602440449929,0.0008000321590367313,97.47455596923828,-8.946478843688965,5.060257911682129,83285519.0,50354.0,0.0768875065476,-0.008024388263000039,0.07017308835390526,0.0038557503381489574,-0.0003833999524390079,0.003531716005753245,83.28551987698302
1631,E,1551344900209964.0,1.5733185,9.622879,1.366602313673298,163,1970-01-18 22:55:44.900209964,0.00077819824,0.0055236816,-0.0014038086,9.83192346287893,0.0057521586821254874,97.47440338134766,-8.952985763549805,5.060564994812012,83335873.0,50354.0,0.0778959536587,-0.009019786135000039,0.06883233253750526,0.0038969831776140156,-0.00042912117881844803,0.0034997394817830427,83.33587388088927
1631,E,1551344950563968.0,1.5584412,9.65506,1.4106544136732981,163,1970-01-18 22:55:44.950563968,-0.0013122559,0.011657715,4.5776367e-05,9.855521304011063,0.011731429156078365,97.46707153320312,-8.95669937133789,5.062267303466797,83386227.0,50354.0,0.07884831396690001,-0.008108529797000039,0.06992299262440525,0.003946350426009731,-0.000431239610219966,0.0034934428216014217,83.38622788502835
1631,E,1551345000917972.0,1.5257721,9.6492,1.3847145136732981,163,1970-01-18 22:55:45.000917972,0.001083374,0.014923096,0.00065612793,9.847906213631763,0.014976748555998998,97.46392059326172,-8.95573616027832,5.063494682312012,83436581.0,50354.0,0.0776512382541,-0.007445845980000009,0.07037900348380526,0.003940189226268117,-0.0003916125189375302,0.003532383356016416,83.4365818889346
1631,E,1551345051271976.0,1.5218811,9.681961,1.3311103136732982,163,1970-01-18 22:55:45.051271976,-0.002746582,0.010238647,0.0020599365,9.88629810864743,0.010798932514714834,97.46786499023438,-8.953392028808594,5.063346862792969,83486935.0,50354.0,0.07673076461640001,-0.0067685595030000404,0.06837632167810526,0.003886875686270579,-0.00035787608684549225,0.0034934428216014217,83.48693589307368
1631,E,1551345101625980.0,1.5339203,9.646927,1.326914213673298,163,1970-01-18 22:55:45.101625980,-0.0069274902,0.00039672852,0.0043640137,9.854410907898622,0.008197080551236831,97.4728775024414,-8.953652381896973,5.062504291534424,83537289.0,50354.0,0.0769359118478,-0.006825786824000057,0.06692108352500525,0.003868865913339164,-0.00034226485747488147,0.0034063827707987134,83.53728989697993
1631,E,1551345151979983.0,1.5384827,9.649139,1.362131513673298,163,1970-01-18 22:55:45.151979983,-0.0032806396,0.0043029785,0.0012054443,9.852700169630918,0.005543583328223081,97.47274017333984,-8.954483032226562,5.062703609466553,83587643.0,50354.0,0.077353890331,-0.007652146318000043,0.06770210427740526,0.003884554349455648,-0.0003645109227161366,0.0033894079993012894,83.58764389995486
1631,E,1551345202333987.0,1.5413818,9.676804,1.4144386136732983,163,1970-01-18 22:55:45.202333987,-0.0023651123,0.0032958984,0.0012359619,9.87368070557081,0.004240790524534955,97.46450805664062,-8.955238342285156,5.064120292663574,83637997.0,50354.0,0.07754174851650002,-0.006899933089000022,0.06990570609620526,0.003899807499263508,-0.00036637770323004064,0.0034645518417763927,83.6379979038611
1631,E,1551345252687991.0,1.5393524,9.629852,1.410761213673298,163,1970-01-18 22:55:45.252687991,-0.0020141602,-0.00079345703,0.0001373291,9.827806108018004,0.0021691645053861803,97.45793914794922,-8.956647872924805,5.065087795257568,83688351.0,50354.0,0.07756364495340001,-0.007385521888000029,0.07113005605310525,0.0039050884913916736,-0.0003596648999559303,0.003550857383633191,83.68835190800019
1631,E,1551345303041995.0,1.570404,9.645706,1.4166206136732982,163,1970-01-18 22:55:45.303041995,0.00045776367,-0.0001373291,0.0014343262,9.847522434954572,0.0015118526738029465,97.45049285888672,-8.962210655212402,5.0662336349487305,83738705.0,50354.0,0.0782943368828,-0.008168476234000032,0.07118499226710526,0.003924036408690009,-0.00039160301071759556,0.0035830659715579407,83.73870591190644
1631,E,1551345353395999.0,1.5513458,9.623535,1.3764137136732981,163,1970-01-18 22:55:45.353395999,-0.0015258789,-0.0009918213,0.0010223389,9.827819077511686,0.0020873889755031547,97.44943237304688,-8.965256690979004,5.066331386566162,83789059.0,50354.0,0.0785962947146,-0.008327519343000012,0.07032022525960527,0.0039500354317277405,-0.00041531968064213015,0.0035626768616699913,83.78905991604552
1631,E,1551345403750003.0,1.5408936,9.605225,1.3790535136732982,163,1970-01-18 22:55:45.403750003,-3.0517578e-05,0.0016174316,-0.0017852783,9.80790633334648,0.0024091979810087084,97.44842529296875,-8.967022895812988,5.0665788650512695,83839413.0,50354.0,0.0778533113738,-0.009346709480000007,0.06937439838290525,0.0039389317324876475,-0.0004449840590766715,0.003517091539447487,83.83941391995177
1631,E,1551345454104007.0,1.548996,9.66008,1.3645729136732982,163,1970-01-18 22:55:45.454104007,-0.00065612793,0.0018920898,-0.0031585693,9.864747663690778,0.0037399288355117956,97.448486328125,-8.968559265136719,5.066679954528809,83889767.0,50354.0,0.0777941504592,-0.008426616014999999,0.06907628256130526,0.0039187361465694405,-0.0004474790159876152,0.003485772794132388,83.88976792385802
1631,E,1551345504458011.0,1.5523987,9.6465,1.3271736136732981,163,1970-01-18 22:55:45.504458011,0.0021820068,0.00019836426,-0.0016479492,9.856851995138392,0.0027415759374258136,97.45438385009766,-8.970802307128906,5.065793991088867,83940121.0,50354.0,0.07808381436190001,-0.0073874353400000285,0.06777010231900527,0.003924539520300835,-0.00039815037096483573,0.0034453814321315783,83.9401219279971
1631,E,1551345554812015.0,1.5573883,9.637955,1.3782142136732982,163,1970-01-18 22:55:45.554812015,0.0019226074,0.00016784668,-0.0033111572,9.842665220860258,0.0038325388094099743,97.45286560058594,-8.973971366882324,5.066076278686523,83990475.0,50354.0,0.078295107299,-0.00794447646500005,0.06811354932910527,0.00393715211065648,-0.00038601154351448696,0.003421142697544479,83.99047593190335
1631,E,1551345605166019.0,1.536789,9.61647,1.366602313673298,163,1970-01-18 22:55:45.605166019,0.00015258789,-0.004760742,-0.0043945313,9.81986778527323,0.00648072934178078,97.45343017578125,-8.974465370178223,5.065783977508545,84040829.0,50354.0,0.0779021018821,-0.00870054177500005,0.06910624570900525,0.003932577135552555,-0.00041907162422848257,0.003454782779674509,84.04082993604243
1631,E,1551345655520023.0,1.528717,9.622452,1.3719886136732982,163,1970-01-18 22:55:45.655520023,0.0041046143,-0.0031433105,-0.002960205,9.823776477895708,0.005957438467428743,97.45326232910156,-8.973746299743652,5.065706729888916,84091183.0,50354.0,0.07718024456200001,-0.009090860806000068,0.06894950377780526,0.0039045082364231065,-0.00044793414278184,0.0034758296048294285,84.09118393994868
1631,E,1551345705874026.0,1.5290527,9.654938,1.3994087136732982,163,1970-01-18 22:55:45.705874026,0.0022125244,-0.0065460205,-0.0011901855,9.852193560007146,0.00701157543861762,97.44841766357422,-8.97251033782959,5.06616735458374,84141537.0,50354.0,0.0769854677369,-0.00812235197000007,0.06977547051060526,0.0038814301385494063,-0.0004333770580613555,0.003492678677659312,84.1415379429236
1631,E,1551345756228030.0,1.54953,9.663712,1.3972114136732983,163,1970-01-18 22:55:45.756228030,-0.001159668,-0.005569458,-0.002746582,9.864262042505324,0.006317230798911181,97.44367980957031,-8.97397232055664,5.066643238067627,84191891.0,50354.0,0.0775094766379,-0.007083548950000039,0.07041050494620525,0.0038897192145243395,-0.0003828389674628428,0.003529462304076118,84.19189194706269
1631,E,1551345806582034.0,1.5352173,9.628067,1.346506513673298,163,1970-01-18 22:55:45.806582034,0.0017700195,-0.0029144287,-0.00289917,9.833578329362519,0.004475717860484945,97.447265625,-8.974005699157715,5.065974712371826,84242245.0,50354.0,0.07766468277210001,-0.007760080117000036,0.06907858625680525,0.003906819811465571,-0.0003737180490198609,0.0035119168492181957,84.24224595096894
1631,E,1551345856936038.0,1.5088348,9.617905,1.3508399136732983,163,1970-01-18 22:55:45.856936038,0.004211426,0.0013275146,-0.0032958984,9.818975823685202,0.005510113449813146,97.45039367675781,-8.97048282623291,5.065602779388428,84292599.0,50354.0,0.07664009972170001,-0.008913362956000034,0.06791109100130525,0.0038849315088464037,-0.0004197872762489228,0.0034489891043274486,84.29259995487519
1631,E,1551345907290042.0,1.5323944,9.645111,1.3876441136732982,163,1970-01-18 22:55:45.907290042,-0.0005187988,-0.0024871826,-0.0044555664,9.844558766071769,0.005129064381096533,97.44734954833984,-8.969861030578613,5.065980434417725,84342953.0,50354.0,0.0765690275684,-0.008484246168000028,0.06894681235650527,0.003857346197782848,-0.00043801960491494956,0.0034456714328395953,84.34295395901427
1631,E,1551345957644046.0,1.5370941,9.633652,1.3685249136732982,163,1970-01-18 22:55:45.957644046,-0.00024414063,-0.00044250488,-0.004928589,9.836495789750344,0.004954432838071539,97.44739532470703,-8.970120429992676,5.065982341766357,84393307.0,50354.0,0.07728051196450002,-0.008087783949000045,0.06939206760150526,0.0038734698568198243,-0.0004172340022557108,0.0034829579807028315,84.39330796292052
1631,E,1551346007998050.0,1.5225677,9.613892,1.3366493136732982,163,1970-01-18 22:55:46.007998050,0.00088500977,0.0012969971,-0.0049438477,9.819021992802066,0.005187202892812191,97.45252227783203,-8.968644142150879,5.065284729003906,84443661.0,50354.0,0.0770331051386,-0.008873784712000048,0.06810817152190525,0.0038851539378047494,-0.0004270414141779993,0.003461843520410107,84.4436619670596
1631,E,1551346058352054.0,1.5213623,9.640778,1.3182014136732982,163,1970-01-18 22:55:46.058352054,-0.00061035156,-0.0014953613,-0.005584717,9.847598555965742,0.005813578795752331,97.45963287353516,-8.966324806213379,5.064134120941162,84494015.0,50354.0,0.07663702561,-0.00869437341000006,0.06684117676240527,0.0038689528818575025,-0.00044231351703759677,0.0033976197417540863,84.49401597096585
1631,E,1551346108706058.0,1.5512695,9.627319,1.337580113673298,163,1970-01-18 22:55:46.108706058,0.0015411377,-0.0026397705,-0.0059661865,9.836532206104152,0.006703646399968736,97.464111328125,-8.968698501586914,5.063356399536133,84544369.0,50354.0,0.0773596508286,-0.008356321831000059,0.06686461151400526,0.003877174322694632,-0.00042928535408266006,0.003366310631435188,84.5443699748721
1631,E,1551346159060062.0,1.5310822,9.652039,1.3807777136732982,163,1970-01-18 22:55:46.159060062,0.006591797,-0.0018463135,-0.0061187744,9.852009505147356,0.009181506487912897,97.46195220947266,-8.96767807006836,5.063694477081299,84594723.0,50354.0,0.07760436875090002,-0.008072803634000031,0.06844009501910525,0.003901529120953072,-0.00041363609183230727,0.0034065665963841233,84.59472397901118
1631,E,1551346209414066.0,1.5168304,9.657364,1.4105781136732982,163,1970-01-18 22:55:46.209414066,0.0036773682,-0.0038604736,-0.008255005,9.851295208652084,0.009827074887508143,97.45525360107422,-8.964484214782715,5.06463098526001,84645077.0,50354.0,0.0767372955302,-0.007316360669000045,0.07027796566510526,0.0038858600816052556,-0.00038745298965663295,0.003492504613846368,84.64507798291743
1631,E,1551346259768069.0,1.5095978,9.668015,1.3888343136732981,163,1970-01-18 22:55:46.259768069,0.0028839111,-0.006866455,-0.002319336,9.863335464905886,0.007800286339656013,97.4516830444336,-8.960309028625488,5.064886569976807,84695431.0,50354.0,0.0761963827914,-0.00691413291700004,0.07048080668330527,0.003850411219102923,-0.00035828113701472417,0.003543883611415932,84.69543198589236
1631,E,1551346310122073.0,1.4683838,9.67807,1.3490394136732982,163,1970-01-18 22:55:46.310122073,0.0027160645,-0.0067596436,0.00065612793,9.872051461030019,0.007314389368068075,97.45381164550781,-8.950139045715332,5.064242362976074,84745785.0,50354.0,0.07497664274320001,-0.0063928179550000255,0.06893144683340525,0.0038060832638846243,-0.0003350291021043457,0.003509982306790221,84.74578599003144
1631,E,1551346360476077.0,1.4929047,9.648621,1.344156613673298,163,1970-01-18 22:55:46.360476077,-0.0018463135,-0.009277344,-0.0017700195,9.847506143103313,0.009623458539683044,97.45695495605469,-8.944233894348145,5.063296318054199,84796139.0,50354.0,0.0745563605645,-0.006881100693000029,0.06780659638050526,0.0037647924242779638,-0.0003341974498006974,0.0034426537139966257,84.79613999393769
1631,E,1551346410830081.0,1.532898,9.64093,1.3194374136732983,163,1970-01-18 22:55:46.410830081,0.0020141602,-0.0049438477,-0.0023651123,9.849371777990092,0.005838854989094233,97.46393585205078,-8.944321632385254,5.061999797821045,84846493.0,50354.0,0.0761806345779,-0.007816174473000006,0.06706130682650525,0.0037951053267002055,-0.0003700332968543829,0.0033955691990429043,84.84649399807677
1631,E,1551346461184085.0,1.4987335,9.637314,1.3140968136732982,163,1970-01-18 22:55:46.461184085,0.0074768066,0.0016784668,-0.0016784668,9.841282823868536,0.007844561079576602,97.47180938720703,-8.93963623046875,5.0609259605407715,84896848.0,50355.0,0.07632890209125,-0.008101011690000014,0.06630580800901893,0.0038398088594875242,-0.00040075495461893297,0.00335785053377141,84.89684800198302
1631,E,1551346511538089.0,1.4952087,9.623032,1.3541053136732981,163,1970-01-18 22:55:46.511538089,0.0035247803,-0.0012969971,-0.0025024414,9.821490197466282,0.004513146419196973,97.47374725341797,-8.934929847717285,5.060604572296143,84947202.0,50354.0,0.07537848276940001,-0.008551468758000032,0.06717732496020526,0.0038195368286365852,-0.00041925950023929715,0.003360704838766158,84.94720200588927
1631,E,1551346561892093.0,1.5054474,9.6137085,1.3546547136732983,163,1970-01-18 22:55:46.561892093,0.0038604736,0.0009765625,-0.001953125,9.813849352368315,0.004435270904728166,97.47574615478516,-8.932066917419434,5.060386657714844,84997556.0,50354.0,0.07554751862970001,-0.009145784431500041,0.06819845120850526,0.003799863937225141,-0.00044556374355204334,0.003408355916599625,84.99755601002835
1631,E,1551346612246097.0,1.5036621,9.6466675,1.360147813673298,163,1970-01-18 22:55:46.612246097,0.006164551,0.0032653809,-4.5776367e-05,9.84515660668846,0.006976137679938773,97.47634887695312,-8.928415298461914,5.060501575469971,85047910.0,50354.0,0.0757603498815,-0.00855071344800006,0.06835058323100526,0.0038094782055064827,-0.0004455447271121741,0.0034378950400835565,85.0479100139346
1631,E,1551346662600101.0,1.4902191,9.669891,1.3580879136732982,163,1970-01-18 22:55:46.662600101,0.001876831,-0.000579834,-0.0002746582,9.866138467458454,0.0019834664597477417,97.47661590576172,-8.922372817993164,5.06044864654541,85098264.0,50354.0,0.0753769469724,-0.0071362066455000536,0.06843702090740526,0.00380518372289064,-0.0003949495871940524,0.0034439015093927616,85.09826401807368
1631,E,1551346712954105.0,1.5036163,9.657745,1.3573707136732982,163,1970-01-18 22:55:46.712954105,-0.0013122559,-0.0016326904,-0.0013427734,9.856361709252543,0.002488118544821474,97.47705078125,-8.918609619140625,5.060299396514893,85148618.0,50354.0,0.07537579386580001,-0.006857308428000035,0.06836710186070526,0.003795501756083362,-0.0003523147290055118,0.0034443173989327186,85.14861802197993
1631,E,1551346763308108.0,1.5237732,9.664139,1.355570213673298,163,1970-01-18 22:55:46.763308108,0.00091552734,0.0014343262,0.00022888184,9.865952183988197,0.0017169358913412293,97.47770690917969,-8.917784690856934,5.060274600982666,85198972.0,50354.0,0.0762205854415,-0.007002126532000018,0.06830371372780526,0.0038167420418198927,-0.00034893899398792135,0.0034409611240719296,85.19897202495486
1631,E,1551346813662112.0,1.5145721,9.6523285,1.3659462136732983,163,1970-01-18 22:55:46.813662112,0.0005340576,0.00038146973,-0.0012359619,9.851630201363474,0.0013994064789315658,97.47704315185547,-8.915871620178223,5.060408115386963,85249326.0,50354.0,0.07649641961810001,-0.007138497752500039,0.06851961909130527,0.0038449560363855496,-0.00035601849761085795,0.003444801050386746,85.2493260288611
1631,E,1551346864016116.0,1.5240631,9.611206,1.3672889136732982,163,1970-01-18 22:55:46.864016116,1.5258789e-05,-0.0025634766,-0.0028381348,9.81264005270165,0.003824480912798539,97.47697448730469,-8.916193008422852,5.060308933258057,85299680.0,50354.0,0.0765037184304,-0.00847119189350007,0.06881466080120527,0.003852084475647085,-0.00039300515621734476,0.0034576651648537383,85.29968003300019
1631,E,1551346914370120.0,1.5244598,9.634415,1.3507026136732982,163,1970-01-18 22:55:46.914370120,-0.0009613037,-0.0019836426,0.0019683838,9.837575312794218,0.0029552457685057074,97.4788589477539,-8.916242599487305,5.059902667999268,85350034.0,50354.0,0.0767526610533,-0.008922200083000039,0.06843087268400526,0.0038585358662611155,-0.0004379134297923433,0.003455430796557145,85.35003403690644
1631,E,1551346964724124.0,1.5363922,9.659637,1.3500770136732982,163,1970-01-18 22:55:46.964724124,-0.0031280518,0.000869751,0.0025634766,9.864210292799658,0.004136736291357209,97.48014831542969,-8.917479515075684,5.059702396392822,85400388.0,50354.0,0.077063070804,-0.00770285279600002,0.06799752867770527,0.003872618680971243,-0.00041856895633458446,0.0034348578610837862,85.40038804104552
1631,E,1551347015078128.0,1.5056458,9.6549225,1.3071388136732982,163,1970-01-18 22:55:47.015078128,0.0004272461,0.0012817383,0.0021514893,9.860509996135082,0.0025405311467617533,97.48793029785156,-8.914237976074219,5.05854606628418,85450742.0,50354.0,0.076589390726,-0.007186535468500045,0.06690072288510526,0.0038685080239408104,-0.00037487012833531814,0.0033963332795968813,85.45074204495177
1631,E,1551347065432132.0,1.4697266,9.65831,1.3545021136732982,163,1970-01-18 22:55:47.065432132,0.00035095215,0.008239746,-0.0004119873,9.852173016803254,0.008257500535359771,97.48851776123047,-8.905900001525879,5.058867931365967,85501096.0,50354.0,0.0749109509148,-0.007219945347500041,0.06701213362780525,0.003814324101490422,-0.0003627119675044342,0.0033715239884255484,85.50109604885802
1631,E,1551347115786136.0,1.485321,9.638214,1.3125099136732983,163,1970-01-18 22:55:47.115786136,-0.0021514893,0.0019836426,-0.0010223389,9.84034273441954,0.003099825962695722,97.49549865722656,-8.900253295898438,5.057870864868164,85551450.0,50354.0,0.0743992334252,-0.007640615252000041,0.06714736181250527,0.00375918251112818,-0.0003741443342136136,0.0033777336167006983,85.5514500529971
1631,E,1551347166140140.0,1.5105438,9.629654,1.3262580136732982,163,1970-01-18 22:55:47.166140140,-0.0013122559,0.0021972656,-0.0007019043,9.83397118461077,0.0026538012944428715,97.50053405761719,-8.898627281188965,5.057197093963623,85601804.0,50354.0,0.07542688806959999,-0.008362087364000036,0.06643626010680527,0.0037721722608745796,-0.000402900043763034,0.0033632348490624823,85.60180405690335
1631,E,1551347216494144.0,1.4967957,9.640457,1.295816713673298,163,1970-01-18 22:55:47.216494144,-0.0014190674,0.0063934326,-0.001449585,9.846522754712776,0.00670753526779476,97.50960540771484,-8.894722938537598,5.056102275848389,85652158.0,50354.0,0.07571578659150001,-0.008305615353000036,0.06601597541040526,0.0038053191199425144,-0.0004196427513059108,0.0033347499336168094,85.65215806104243
1631,E,1551347266848148.0,1.4765015,9.67868,1.3037971136732982,163,1970-01-18 22:55:47.266848148,0.0013275146,0.0035095215,0.0012969971,9.879823029192467,0.003970042524908747,97.5167236328125,-8.887317657470703,5.055179595947266,85702512.0,50354.0,0.07485870360440001,-0.007071287751000048,0.06545047733110526,0.003791013939662175,-0.00038714428944941015,0.0033099308806730106,85.70251206494868
1631,E,1551347317202151.0,1.5241547,9.621246,1.3237709136732982,163,1970-01-18 22:55:47.317202151,-0.0020141602,-0.0010375977,0.0009918213,9.828169457984123,0.0024732892652180863,97.52171325683594,-8.888213157653809,5.054332256317139,85752866.0,50354.0,0.0755475211474,-0.007554963098000055,0.06615428022450526,0.003786777520576069,-0.00036824511762527563,0.0033134129809776064,85.7528660679236
1631,E,1551347367556155.0,1.5353394,9.646652,1.2983497136732982,163,1970-01-18 22:55:47.367556155,0.0007019043,0.005340576,-0.00038146973,9.858175305291155,0.005399994519723215,97.5299072265625,-8.890026092529297,5.053339004516602,85803220.0,50354.0,0.07702888295570001,-0.008361332054000066,0.06601713103470527,0.0038414161261037497,-0.0004007245630419071,0.0033276796212731437,85.80322007206269
1631,E,1551347417910159.0,1.5192413,9.649567,1.3296760136732981,163,1970-01-18 22:55:47.417910159,0.0017700195,0.0053253174,-0.0022277832,9.854357394679472,0.006037796984606658,97.5333023071289,-8.889415740966797,5.053102493286133,85853574.0,50354.0,0.0769051782839,-0.007648294237000064,0.06616580373740526,0.0038755978598294097,-0.0004030743611285103,0.003327969748757427,85.85357407596894
1631,E,1551347468264163.0,1.5128632,9.640533,1.3254188136732983,163,1970-01-18 22:55:47.468264163,0.0022583008,0.0064697266,0.0018463135,9.845091567409378,0.0070969118863284785,97.53741455078125,-8.888300895690918,5.052785873413086,85903928.0,50354.0,0.07633929499650001,-0.007802352300000063,0.06684732246810526,0.003858236103780632,-0.00038900092786205224,0.0033488714784761387,85.90392807987519
1631,E,1551347518618167.0,1.4718323,9.6311035,1.3159431136732982,163,1970-01-18 22:55:47.518618167,-0.0014038086,-0.0013275146,-0.0019378662,9.830891126409849,0.0027364756545143172,97.54291534423828,-8.88125228881836,5.051877498626709,85954282.0,50354.0,0.07514567860350001,-0.008267207839500046,0.06650156924480527,0.0038139371803272005,-0.0004045833156321943,0.0033573250466559486,85.95428208401427
1631,E,1551347568972171.0,1.5370331,9.649689,1.304468513673298,163,1970-01-18 22:55:47.568972171,-0.0019836426,0.007751465,-0.0030822754,9.860587734913556,0.008574407807668407,97.54944610595703,-8.883312225341797,5.051253318786621,86004636.0,50354.0,0.0757542041758,-0.008036687227500025,0.06597410354170526,0.003799206348734436,-0.0004104831661018608,0.0033353400137459753,86.00463608792052
1631,E,1551347619326175.0,1.5070648,9.6492,1.3120674136732982,163,1970-01-18 22:55:47.619326175,-0.00090026855,0.008300781,-0.0011749268,9.854464321642489,0.008431719970293032,97.55475616455078,-8.881147384643555,5.050836563110352,86054990.0,50354.0,0.07664125282829999,-0.007581071647000015,0.06587652504280525,0.003836860420992226,-0.00039320831518328754,0.0033196032758722217,86.0549900920596
1631,E,1551347669680179.0,1.47966,9.643311,1.3023323136732983,163,1970-01-18 22:55:47.669680179,0.004333496,0.011489868,-0.0015258789,9.845847992590734,0.012374350918610043,97.56173706054688,-8.875204086303711,5.0503668785095215,86105344.0,50354.0,0.0751967702896,-0.007741650553000009,0.06582274193540526,0.0038228259080393687,-0.00038578017682940063,0.003315792444710406,86.10534409596585
1631,E,1551347720034183.0,1.5083771,9.621643,1.3192848136732982,163,1970-01-18 22:55:47.720034183,-0.0035095215,0.0050964355,-0.0034484863,9.826720298536772,0.007083957490408182,97.56615447998047,-8.873931884765625,5.049932479858398,86155698.0,50354.0,0.0752298100667,-0.008435453142000005,0.06600445441520526,0.003787290013630566,-0.0004072909397290154,0.003319013322519321,86.1556980998721
1631,E,1551347770388187.0,1.4890747,9.657013,1.3527473136732981,163,1970-01-18 22:55:47.770388187,0.0006713867,0.009735107,0.0011138916,9.854033770735416,0.009821599813621833,97.56505584716797,-8.869488716125488,5.050576686859131,86206052.0,50354.0,0.0754668439686,-0.008090477888000042,0.06727375287020526,0.0037940896586467483,-0.00041607336554231114,0.0033555454248247805,86.20605210401118
1631,E,1551347820742191.0,1.4737854,9.6441345,1.356806113673298,163,1970-01-18 22:55:47.820742191,-0.0008087158,0.0007019043,0.0008392334,9.838586009235533,0.0013605159283167874,97.5636215209961,-8.863175392150879,5.050819396972656,86256406.0,50354.0,0.0745959287377,-0.007524209392500061,0.06821842664030525,0.0037781304284265154,-0.00039313098166115113,0.0034112866035361233,86.25640610791743
1631,E,1551347871096194.0,1.4811859,9.6601715,1.3369087136732982,163,1970-01-18 22:55:47.871096194,-0.0017242432,0.0002593994,0.00036621094,9.858002647869196,0.001781688276338564,97.56478881835938,-8.85765552520752,5.050636291503906,86306760.0,50354.0,0.0743973124201,-0.007444687838000026,0.06781965820810526,0.0037512028326299306,-0.0003768719255723007,0.003425030862228432,86.30676011089236
1631,E,1551347921450198.0,1.5122833,9.637436,1.3415321136732983,163,1970-01-18 22:55:47.921450198,-0.0077209473,-0.005935669,0.00036621094,9.839849885711542,0.009745732611739047,97.56543731689453,-8.85721206665039,5.05018424987793,86357114.0,50354.0,0.0753665740484,-0.007613335972500041,0.06743510471010528,0.0037706053696174246,-0.0003791158654769602,0.0034053091659917867,86.35711411503144
1631,E,1551347971804202.0,1.5347748,9.613022,1.365091713673298,163,1970-01-18 22:55:47.971804202,-0.0040283203,-0.0024414063,-0.0022125244,9.816370360762834,0.0052041419448038825,97.56324005126953,-8.8605318069458,5.050384521484375,86407468.0,50354.0,0.0767157817837,-0.008800418934000034,0.06814466810110525,0.003828977472784782,-0.00041324910728095243,0.0034134919400678476,86.40746811893769
1631,E,1551348022158206.0,1.5423737,9.624817,1.389917713673298,163,1970-01-18 22:55:48.022158206,-0.00012207031,0.0023498535,-0.0019378662,9.825951434883885,0.0030482844422967136,97.55741882324219,-8.864714622497559,5.051409721374512,86457822.0,50354.0,0.0774733677845,-0.00911812749700001,0.06936287235230526,0.003882020218678572,-0.00045113524349328816,0.003462027345995517,86.45782212307677
1631,E,1551348072512210.0,1.5471802,9.638016,1.319605213673298,163,1970-01-18 22:55:48.072512210,-0.00050354004,-0.001449585,0.0036468506,9.848730714066168,0.003956560190724837,97.561767578125,-8.869226455688477,5.050640106201172,86508176.0,50354.0,0.0777856985403,-0.008488853559000023,0.06821765874180526,0.0039089575128594895,-0.00044329096204691283,0.0034638650313564205,86.50817612698302
1631,E,1551348122866214.0,1.5258026,9.651947,1.3882392136732982,163,1970-01-18 22:55:48.122866214,-0.0024719238,-0.00047302246,-0.0025787354,9.8501582133515,0.0036033364794151616,97.55561065673828,-8.870142936706543,5.0515642166137695,86558530.0,50354.0,0.0773684879556,-0.007805801549000031,0.06817539914730525,0.003906316953407275,-0.0004102505316541174,0.003433968018474135,86.55853013088927
1631,E,1551348173220218.0,1.5217438,9.6441345,1.3432106136732982,163,1970-01-18 22:55:48.173220218,-0.00010681152,0.004348755,0.0014953613,9.847648973976089,0.004599911321793867,97.5564193725586,-8.870729446411133,5.051642417907715,86608884.0,50354.0,0.0767280757128,-0.007651756074500045,0.06876971230310526,0.0038796891834793077,-0.00038917492828686144,0.0034478670709869852,86.60888413502835
1631,E,1551348223574222.0,1.4793243,9.605911,1.297647813673298,163,1970-01-18 22:55:48.223574222,0.0004119873,-0.0020599365,-0.002029419,9.80980388721815,0.002920892568540401,97.56468963623047,-8.865683555603027,5.050282001495361,86659238.0,50354.0,0.07555789155370002,-0.008810804446500021,0.06648889262530525,0.003834103797868671,-0.0004144778862372187,0.003405405896282592,86.6592381389346
1631,E,1551348273928226.0,1.4758301,9.654526,1.3527626136732982,163,1970-01-18 22:55:48.273928226,0.0004119873,-0.0015106201,-0.003753662,9.849601299091615,0.004067147038420089,97.56375122070312,-8.859282493591309,5.050381660461426,86709592.0,50354.0,0.07440192232880001,-0.008549177651000002,0.06672938332930525,0.003775538234119703,-0.00043707226926875816,0.0033540365337092286,86.70959214307368
1631,E,1551348324282230.0,1.4868011,9.604004,1.3320564136732982,163,1970-01-18 22:55:48.324282230,-0.0023651123,-0.007675171,-0.0020446777,9.80445900194307,0.00828750342188343,97.56672668457031,-8.855704307556152,5.049539566040039,86759946.0,50354.0,0.0745901657224,-0.008597190190000027,0.06759568865150525,0.003751173800865063,-0.00043169410313285777,0.0033819023372608664,86.75994614697993
1631,E,1551348374636233.0,1.502945,9.704712,1.3500617136732982,163,1970-01-18 22:55:48.374636233,0.0,0.0015563965,0.0019683838,9.903225460568542,0.00250936343507964,97.56513214111328,-8.852649688720703,5.049850940704346,86810300.0,50354.0,0.0752728375597,-0.007333657268000025,0.06752768809220526,0.003773100833633432,-0.00040109094645006735,0.0034020012562763994,86.81030014995486
1631,E,1551348424990237.0,1.5050812,9.687317,1.3806404136732982,163,1970-01-18 22:55:48.424990237,-0.0061798096,-0.015731812,-0.0012512207,9.882598057315562,0.016948318758381455,97.55925750732422,-8.850168228149414,5.049942970275879,86860654.0,50354.0,0.0757330756374,-0.005236085867000015,0.06875088746020526,0.0038018758765633867,-0.00031646842290989605,0.0034310856966830398,86.8606541538611
1631,E,1551348475344241.0,1.4818115,9.6489105,1.3610939136732982,163,1970-01-18 22:55:48.475344241,0.0014648438,-0.007873535,0.001083374,9.843919733510962,0.008081585239202728,97.55745697021484,-8.845359802246094,5.049841403961182,86911008.0,50354.0,0.0752009975079,-0.006641000232500045,0.06902864515960526,0.003800067159579218,-0.000299029396727113,0.00346887529276897,86.91100815800019
1631,E,1551348525698245.0,1.5130463,9.636108,1.3667091136732983,163,1970-01-18 22:55:48.525698245,-0.0032043457,-0.010391235,-0.00047302246,9.835405668301275,0.010884362472740328,97.55488586425781,-8.845365524291992,5.049703121185303,86961362.0,50354.0,0.07540153483060001,-0.007930289225500046,0.06867789681950527,0.0037917199566864152,-0.0003668613546840683,0.003467037607408066,86.96136216190644
1631,E,1551348576052249.0,1.5016327,9.652649,1.3129219136732981,163,1970-01-18 22:55:48.576052249,0.002029419,-0.0019836426,-0.0036468506,9.856898451614967,0.004620919685605466,97.56011962890625,-8.843109130859375,5.048843860626221,87011716.0,50354.0,0.075900573183,-0.007836165011000026,0.06746507037550527,0.0038093331734584076,-0.0003969520183123623,0.0034276714850687805,87.01171616604552
1631,E,1551348626406253.0,1.5755615,9.594406,1.379007713673298,163,1970-01-18 22:55:48.626406253,-0.00044250488,-0.0012054443,-0.0019073486,9.802829245278845,0.0022993227722849755,97.55654907226562,-8.853153228759766,5.04934024810791,87062070.0,50354.0,0.07747451837340001,-0.008886096265000048,0.06777471222770526,0.003861524680115483,-0.0004210163721458538,0.003404932006601031,87.06207016995177
1631,E,1551348676760257.0,1.4876099,9.676834,1.3598274136732982,163,1970-01-18 22:55:48.676760257,0.0023345947,0.00079345703,0.0042419434,9.872326330803885,0.0049065252756434535,97.554443359375,-8.84870719909668,5.049696445465088,87112424.0,50354.0,0.0771214663378,-0.008277190520000066,0.06895565200120526,0.0038922631070738827,-0.00043212007138594786,0.0034424603801912804,87.11242417385802
1631,E,1551348727114261.0,1.534317,9.647369,1.3736366136732983,163,1970-01-18 22:55:48.727114261,-0.0053863525,0.005874634,-0.0012969971,9.848844891903234,0.008075042994660813,97.55047607421875,-8.851523399353027,5.050557613372803,87162778.0,50354.0,0.0760830535613,-0.006943741069000063,0.06882042381650527,0.003857230197499641,-0.00038321739461625627,0.0034687882608624983,87.1627781779971
1631,E,1551348777468265.0,1.4938965,9.635742,1.2991889136732981,163,1970-01-18 22:55:48.777468265,0.0009765625,0.0012664795,0.00022888184,9.84101000008146,0.0016155592025698983,97.55809783935547,-8.84854507446289,5.049457550048828,87213132.0,50354.0,0.0762413312895,-0.00797831435300004,0.06729372830200525,0.0038350710373885924,-0.0003756925893596966,0.0034269460078877397,87.21313218190335
1631,E,1551348827822269.0,1.5132294,9.702438,1.352243713673298,163,1970-01-18 22:55:48.827822269,0.007507324,0.017028809,-0.0026397705,9.902282022062812,0.018796506002236882,97.55667114257812,-8.847065925598145,5.050583362579346,87263486.0,50354.0,0.0757104087843,-0.006591842140000004,0.06675511925870525,0.0038256889598380635,-0.00036683283002426215,0.0033749478350360088,87.26348618604243
1631,E,1551348878176273.0,1.4205627,9.672134,1.3534950136732982,163,1970-01-18 22:55:48.878176273,-0.004470825,-0.0056610107,0.002319336,9.85865131650851,0.007577244737174292,97.5552749633789,-8.833086013793945,5.050471782684326,87313840.0,50354.0,0.0738640837017,-0.0056756007560000215,0.06812238393840526,0.003765836997320023,-0.00030885740979259266,0.003395810897993651,87.31384018994868
1631,E,1551348928530276.0,1.4992218,9.677689,1.3968147136732982,163,1970-01-18 22:55:48.928530276,-0.0018615723,-0.0014343262,-0.0005645752,9.87023809239054,0.002416917092617943,97.54757690429688,-8.83064079284668,5.051570892333984,87364194.0,50354.0,0.07351141435650001,-0.006298706329000019,0.06924454800540526,0.0037104729146113014,-0.00030147712947904606,0.003458487245549318,87.3641941929236
1631,E,1551348978884280.0,1.5118713,9.673386,1.2516731136732981,163,1970-01-18 22:55:48.978884280,0.0023956299,-0.0012054443,0.00033569336,9.887109434241744,0.0027027446438989736,97.56149291992188,-8.829789161682129,5.049393653869629,87414548.0,50354.0,0.07581029097870001,-0.006267184724999996,0.06668097802910526,0.0037594725752243307,-0.0003163714390665584,0.0034221969689708716,87.41454819706269
1631,E,1551349029238284.0,1.516861,9.654648,1.3530372136732982,163,1970-01-18 22:55:49.029238284,-0.000579834,-0.0053710938,-0.0037841797,9.855916694741655,0.0065958223200634,97.56057739257812,-8.830154418945312,5.049294948577881,87464902.0,50354.0,0.0762543931171,-0.006847287982000021,0.06557879191160526,0.003828532551479957,-0.00033018307934413945,0.003329904227797269,87.46490220096894
1631,E,1551349079592288.0,1.5407715,9.685089,1.3962348136732983,163,1970-01-18 22:55:49.079592288,-0.008132935,-0.0065460205,0.0014343262,9.883957903863434,0.010538135876361232,97.55242919921875,-8.833634376525879,5.050151348114014,87515256.0,50354.0,0.0769820134525,-0.006552641551000048,0.06921842183250526,0.0038580330082028194,-0.00033737002585234276,0.003393789450435471,87.51525620487519
1631,E,1551349129946292.0,1.5191498,9.611908,1.365000113673298,163,1970-01-18 22:55:49.129946292,0.00044250488,0.0030822754,-0.0038604736,9.812860149956943,0.004959787155369264,97.55078887939453,-8.835270881652832,5.0505828857421875,87565610.0,50354.0,0.0770396385701,-0.0076287065310000545,0.06951961176580526,0.003877803132973,-0.0003570438006605166,0.0034930074719046644,87.56561020901427
1631,E,1551349180300296.0,1.4911957,9.691284,1.323069013673298,163,1970-01-18 22:55:49.180300296,0.005569458,0.005065918,0.0014190674,9.891813512420793,0.007661340606070897,97.55400848388672,-8.831253051757812,5.050370693206787,87615964.0,50354.0,0.0757914686535,-0.007472735016000056,0.06767751641920525,0.0038478287865685774,-0.0003802089938288218,0.0034542120963140096,87.61596421292052
1631,E,1551349230654300.0,1.5181732,9.624664,1.3652137136732982,163,1970-01-18 22:55:49.230654300,-0.0069122314,-0.004180908,-0.00064086914,9.825176853318938,0.008103681131819926,97.55174255371094,-8.832634925842285,5.050464630126953,87666318.0,50354.0,0.0757668807953,-0.007151577204000067,0.06768289422640526,0.003815784564072438,-0.0003681963087629431,0.003407969058824536,87.6663182170596
1631,E,1551349281008304.0,1.4648743,9.689331,1.3602241136732982,163,1970-01-18 22:55:49.281008304,0.00038146973,0.0061950684,0.0014343262,9.88112916065738,0.006370375442906899,97.54928588867188,-8.825067520141602,5.0511345863342285,87716672.0,50354.0,0.0751041869075,-0.0072007478850000745,0.06861834817910527,0.003798480871553396,-0.0003613484887657566,0.0034316563800435387,87.71667222096585
1631,E,1551349331362308.0,1.4842682,9.651596,1.3351692136732982,163,1970-01-18 22:55:49.331362308,-0.0016479492,0.0010528564,0.000289917,9.850291565936384,0.001976940826552631,97.5512466430664,-8.821126937866211,5.050875186920166,87767026.0,50354.0,0.0742505607225,-0.006522680921000065,0.06786191780260525,0.0037603044810805104,-0.0003455147670486655,0.003436163656621526,87.7670262248721
1631,E,1551349381716312.0,1.5151672,9.642136,1.2632545136732982,163,1970-01-18 22:55:49.381716312,0.002456665,0.007217407,-0.0037841797,9.855432512450404,0.00851153233723318,97.5639419555664,-8.82155704498291,5.049322128295898,87817380.0,50354.0,0.07551678506580001,-0.007710909436000028,0.06542051418340526,0.0037706924649120294,-0.00035835910441819137,0.0033556517901117875,87.81738022901118
1631,E,1551349432070316.0,1.5335236,9.637939,1.4440101136732981,163,1970-01-18 22:55:49.432070316,-0.000579834,0.0029754639,0.000289917,9.830759376284973,0.003045265957949849,97.54993438720703,-8.825422286987305,5.051614284515381,87867734.0,50354.0,0.0767568882716,-0.008054751725000035,0.06816080152270526,0.00383379427361572,-0.00039693205105049853,0.003363176785532745,87.86773423291743
1631,E,1551349482424319.0,1.4695282,9.650467,1.3817085136732983,163,1970-01-18 22:55:49.482424319,0.0012359619,0.0007324219,-0.0017700195,9.840971845956034,0.0022796957446623157,97.54523468017578,-8.819404602050781,5.05239200592041,87918088.0,50354.0,0.07560783516860001,-0.007845002138000032,0.07114311788070525,0.0038360866420539164,-0.00040030810300875267,0.003507254778819667,87.91808823589236
1631,E,1551349532778323.0,1.5236053,9.670792,1.3249763136732982,163,1970-01-18 22:55:49.532778323,-0.003692627,-0.0030670166,-0.0016479492,9.87643359441387,0.005075216404409294,97.54830932617188,-8.820674896240234,5.05175256729126,87968442.0,50354.0,0.07535812212950001,-0.007017862157000004,0.06814620389810527,0.0038008699068942647,-0.0003742023343552159,0.003506887254425113,87.96844224003144
1631,E,1551349583132327.0,1.5147858,9.625763,1.334238413673298,163,1970-01-18 22:55:49.583132327,-0.0008239746,0.001663208,0.00012207031,9.829760108539919,0.0018601333697594524,97.55094146728516,-8.821792602539062,5.051421642303467,88018796.0,50354.0,0.07649757272470001,-0.007639834765000044,0.06695104919040526,0.003823270829344194,-0.0003690368354051952,0.0034013435410094298,88.01879624393769
1631,E,1551349633486331.0,1.5141296,9.599213,1.408747113673298,163,1970-01-18 22:55:49.633486331,-0.0023498535,-0.0023651123,-0.0025634766,9.794105588892982,0.0042055891313609204,97.54304504394531,-8.823441505432129,5.0525126457214355,88069150.0,50354.0,0.07625900302579999,-0.00944197924800004,0.06906014662200526,0.0038459523076703386,-0.00043006883140530314,0.003424353876969059,88.06915024807677
1631,E,1551349683840335.0,1.4853821,9.6002655,1.3164009136732981,163,1970-01-18 22:55:49.683840335,0.0023498535,-0.002960205,-1.5258789e-05,9.802664523886683,0.0037795314450509597,97.54915618896484,-8.820727348327637,5.051454067230225,88119504.0,50354.0,0.07551870607090001,-0.0100839298055,0.06861105188450525,0.0038213073819276166,-0.0004916038122399706,0.003466147764798415,88.11950425198302
1631,E,1551349734194339.0,1.5043335,9.638138,1.3559517136732981,163,1970-01-18 22:55:49.734194339,0.00061035156,0.00061035156,-0.0035858154,9.837443654125305,0.003688242147211328,97.54843139648438,-8.819937705993652,5.051621913909912,88169858.0,50354.0,0.07527206966120001,-0.009103915080500026,0.06728182209870526,0.0037964593606070827,-0.00048309237069482267,0.003421374888275291,88.16985825588927
1631,E,1551349784548343.0,1.5164795,9.685059,1.3959144136732982,163,1970-01-18 22:55:49.784548343,0.0020446777,-0.0022735596,-0.000289917,9.880210804184482,0.003071454381643727,97.5411148071289,-8.820138931274414,5.052649021148682,88220212.0,50354.0,0.076055008901,-0.006969069131000026,0.06928373348820525,0.00380996185696051,-0.00040466952349293685,0.0034383109930116464,88.22021226002835
1631,E,1551349834902347.0,1.4884186,9.659653,1.3471015136732982,163,1970-01-18 22:55:49.834902347,-0.0023040771,-0.002029419,0.002960205,9.857254060456787,0.004264988441054725,97.54135131835938,-8.816885948181152,5.052475929260254,88270566.0,50354.0,0.0756543194637,-0.006427385976000005,0.06906091200280527,0.0038195857602380525,-0.00033728255022893983,0.0034831031395271723,88.2705662639346
1631,E,1551349885256351.0,1.4869385,9.6458435,1.3545936136732981,163,1970-01-18 22:55:49.885256351,0.0013427734,-0.0005340576,-0.0021514893,9.842525827860067,0.002591749241705264,97.5409164428711,-8.813580513000488,5.052539348602295,88320920.0,50354.0,0.0749105657067,-0.007414714619500029,0.06802057822120526,0.003790772113935161,-0.0003485025666929044,0.0034513006793699132,88.32092026807368
1631,E,1551349935610355.0,1.4793549,9.637817,1.363886213673298,163,1970-01-18 22:55:49.935610355,0.0002593994,-0.0022125244,-0.003982544,9.832316899599467,0.004563245443897548,97.53925323486328,-8.809366226196289,5.052713871002197,88371274.0,50354.0,0.0746823689318,-0.00796447959150004,0.06844316661310525,0.0037663013153935144,-0.00038720197265034877,0.003435747703693436,88.37127427197993
1631,E,1551349985964358.0,1.4982605,9.6418915,1.3740943136732982,163,1970-01-18 22:55:49.985964358,-0.0008087158,0.0042877197,0.0019073486,9.837865441589697,0.0047619890962558595,97.53598022460938,-8.808256149291992,5.053407669067383,88421628.0,50354.0,0.0749674229258,-0.008063979095500039,0.06893413573700526,0.0037677328095987953,-0.000403548504362601,0.0034587483412687322,88.42162827495486
1631,E,1551350036318362.0,1.5027771,9.651352,1.3894905136732982,163,1970-01-18 22:55:50.036318362,-0.0015716553,-0.0010528564,-0.0019226074,9.845877070323121,0.00269722564787854,97.53033447265625,-8.807432174682617,5.0542192459106445,88471982.0,50354.0,0.07555712365520001,-0.007723208400500059,0.06957877519810526,0.0037897565092698373,-0.00039747401958679446,0.003487339558613278,88.4719822788611
1631,E,1551350086672366.0,1.5140839,9.628967,1.3432716136732983,163,1970-01-18 22:55:50.086672366,-0.00050354004,0.00033569336,-0.0023498535,9.831604886693453,0.0024265312846311177,97.53207397460938,-8.808606147766113,5.053981781005859,88522336.0,50354.0,0.075955509397,-0.00804860853700007,0.06880275208020527,0.0038146335623552405,-0.0003970870350354407,0.0034840317122860247,88.52233628300019
1631,E,1551350137026370.0,1.4910736,9.60228,1.3689216136732982,163,1970-01-18 22:55:50.137026370,0.00022888184,0.002380371,0.00036621094,9.798613305744512,0.00241922786171507,97.53055572509766,-8.807246208190918,5.054332256317139,88572690.0,50354.0,0.0756608503775,-0.009284094281000042,0.06828488888490528,0.0038172450900425866,-0.0004363854588487888,0.003451455536578589,88.57269028690644
1631,E,1551350187380374.0,1.4687958,9.647507,1.3202003136732983,163,1970-01-18 22:55:50.187380374,-0.00012207031,-0.0012054443,-0.00016784668,9.845941955537935,0.001223180129405726,97.5353012084961,-8.801529884338379,5.053543567657471,88623044.0,50354.0,0.07452063188380001,-0.008817312701000049,0.06770402276480526,0.0037811191788927508,-0.00045573912358581637,0.0034237928286047626,88.62304429104552
1631,E,1551350237734378.0,1.530426,9.665466,1.3656715136732982,163,1970-01-18 22:55:50.237734378,0.0019683838,0.00033569336,-0.0028381348,9.866984027238558,0.003470192207792181,97.53307342529297,-8.804428100585938,5.053936958312988,88673398.0,50354.0,0.0755114072586,-0.007226478779000049,0.06762219499710526,0.0037773566494882053,-0.0004039345380919625,0.003407108184591621,88.67339829495177
1631,E,1551350288088382.0,1.5014038,9.626694,1.3935798136732982,163,1970-01-18 22:55:50.288088382,-0.00065612793,0.0054779053,-0.0034484863,9.820982513485383,0.006506151558147248,97.52735900878906,-8.804023742675781,5.055093765258789,88723752.0,50354.0,0.07633237887460001,-0.007750487680000014,0.06946967066860527,0.003822971003475577,-0.0003770750845382446,0.003451561901865594,88.72375229885802
1631,E,1551350338442386.0,1.4899292,9.617813,1.3328498136732982,163,1970-01-18 22:55:50.338442386,0.00050354004,-0.00015258789,-0.005065918,9.818355556633241,0.005093168053263298,97.53096771240234,-8.80188274383545,5.054573059082031,88774106.0,50354.0,0.075312790941,-0.008950247261000025,0.06864331872770527,0.0038179704404473613,-0.00042047440360955805,0.0034772707340309105,88.7741063029971
1631,E,1551350388796390.0,1.4957886,9.640427,1.375543913673298,163,1970-01-18 22:55:50.388796390,0.0046081543,0.0060577393,-0.0011444092,9.835869191218588,0.007696815178787758,97.52794647216797,-8.800497055053711,5.05537223815918,88824460.0,50354.0,0.0751714170506,-0.00860449152000002,0.06818922887340526,0.0037887409046045138,-0.0004419756582892381,0.00344503305095316,88.82446030690335
1631,E,1551350439150394.0,1.4708252,9.620605,1.3444465136732981,163,1970-01-18 22:55:50.439150394,0.00018310547,-0.0027160645,-0.0030517578,9.816687248437932,0.004089469360585186,97.52980041503906,-8.79574203491211,5.0549798011779785,88874814.0,50354.0,0.07469043564260001,-0.008534197336000032,0.06848119898930527,0.003773071865256697,-0.00043150076932751334,0.0034409513622994633,88.87481431104243
1631,E,1551350489504398.0,1.5277405,9.631653,1.293436413673298,163,1970-01-18 22:55:50.489504398,-0.0011444092,0.0063476563,-0.003189087,9.842981301547136,0.007195324093711369,97.5386734008789,-8.798961639404297,5.053943157196045,88925168.0,50354.0,0.0754948886289,-0.00875510033400005,0.06641397846180526,0.003781215909183556,-0.0004352926474375921,0.0033962558826866095,88.92516831494868
1631,E,1551350539858401.0,1.4843597,9.626312,1.3323463136732983,163,1970-01-18 22:55:50.539858401,-0.0013580322,-0.006134033,-0.0014190674,9.825904589785456,0.006440835705641667,97.5418701171875,-8.796096801757812,5.053155422210693,88975522.0,50354.0,0.0758356467354,-0.008611415195000026,0.06610933172640526,0.0038100488888669812,-0.00043723676147363493,0.0033365393806085763,88.9755223179236
1631,E,1551350590212405.0,1.4656677,9.659027,1.3713783136732982,163,1970-01-18 22:55:50.590212405,0.0012969971,0.0075531006,-0.00390625,9.85010376630731,0.008601762564360212,97.53865051269531,-8.789979934692383,5.054049491882324,89025876.0,50354.0,0.0742728398498,-0.007922219997000025,0.06807167494270526,0.00377928136675558,-0.00041626733322898537,0.0033782752049081963,89.02587632206269
1631,E,1551350640566409.0,1.485199,9.612167,1.392649013673298,163,1970-01-18 22:55:50.640566409,-0.003921509,-0.008773804,-0.00390625,9.804392714512923,0.010373844925098746,97.5331802368164,-8.78780460357666,5.054454803466797,89076230.0,50354.0,0.0742939709059,-0.00827834866200005,0.06958991602060527,0.0037404665943962592,-0.00040788171712764494,0.00346590587568327,89.07623032596894
1631,E,1551350690920413.0,1.5134125,9.648788,1.3427986136732981,163,1970-01-18 22:55:50.690920413,0.0022735596,-0.0004272461,-0.0044403076,9.850976708905684,0.0050067897965997265,97.53465270996094,-8.788819313049316,5.0542521476745605,89126584.0,50354.0,0.07549604173550001,-0.008536135965000058,0.06887036491370525,0.0037712631482725283,-0.00042333827945398176,0.003486014493083136,89.12658432987519
1631,E,1551350741274417.0,1.5140228,9.6392975,1.366617513673298,163,1970-01-18 22:55:50.741274417,0.0006713867,-0.0038909912,-0.0052337646,9.838692525402372,0.006556131825064798,97.53276824951172,-8.790119171142578,5.054391384124756,89176938.0,50354.0,0.07622173854810001,-0.007853071366500054,0.06821496983820526,0.0038197985542001976,-0.00041263107298517834,0.003451397473048851,89.17693833401427
1631,E,1551350791628421.0,1.5037689,9.644043,1.339060213673298,163,1970-01-18 22:55:50.791628421,-0.0008544922,-0.0034484863,-0.002243042,9.845340303346983,0.004201601134676223,97.53475952148438,-8.789873123168945,5.053924083709717,89227292.0,50354.0,0.07597894163090001,-0.007972536231500047,0.06812084814140525,0.0038319565248666836,-0.0003984413224948485,0.0034325268892726538,89.22729233792052
1631,E,1551350841982425.0,1.4873657,9.649719,1.3639015136732981,163,1970-01-18 22:55:50.841982425,0.0014801025,-0.006866455,-0.0016174316,9.845188824280331,0.007207981177709179,97.53313446044922,-8.787236213684082,5.053861141204834,89277646.0,50354.0,0.07530779582420001,-0.007710154126000056,0.06805246740940527,0.0038089461889070533,-0.0003948430951307802,0.0034284355656227566,89.2776463420596
1631,E,1551350892336429.0,1.4592133,9.638016,1.3230232136732982,163,1970-01-18 22:55:50.892336429,0.002090454,-0.004547119,-0.0032806396,9.8348411172684,0.005984052582603628,97.53773498535156,-8.78067684173584,5.0529704093933105,89328000.0,50354.0,0.074186019483,-0.007861895905000046,0.06764870386040527,0.003763805787989375,-0.0003920575036304896,0.0034165483890600196,89.32800034596585
1631,E,1551350942690433.0,1.4575043,9.67128,1.3562873136732982,163,1970-01-18 22:55:50.942690433,0.0020446777,0.0005493164,-0.00050354004,9.86284421834044,0.002176237113935302,97.53668975830078,-8.773591995239258,5.053175449371338,89378354.0,50354.0,0.07343419901520001,-0.007319054608000041,0.06745700114700527,0.0037166342411291816,-0.0003822107910658032,0.0034015563349715752,89.3783543498721
1631,E,1551350993044437.0,1.4412079,9.6479645,1.326074913673298,163,1970-01-18 22:55:50.993044437,-0.00010681152,-0.0015869141,0.0012054443,9.84153374892959,0.0019956956235824166,97.54043579101562,-8.76482105255127,5.052517414093018,89428708.0,50354.0,0.07298087705940001,-0.007068581223500038,0.06753383379790526,0.003686292370330205,-0.0003622375073296775,0.003398664251408013,89.42870835401118
1631,E,1551351043398441.0,1.4686432,9.644653,1.3557075136732981,163,1970-01-18 22:55:51.043398441,0.004257202,0.0060272217,-0.00077819824,9.838467361275418,0.007420024446758513,97.53999328613281,-8.76032543182373,5.052917957305908,89479062.0,50354.0,0.0732613211447,-0.0077389692025000255,0.06751923617330527,0.003681939824184626,-0.0003728096970754036,0.0034002311426651675,89.47906235791743
1631,E,1551351093752444.0,1.4758759,9.646133,1.3265937136732981,163,1970-01-18 22:55:51.093752444,0.0047454834,0.0027313232,0.00077819824,9.84480716184882,0.005530400674749787,97.5438232421875,-8.756922721862793,5.052499771118164,89529416.0,50354.0,0.0741341573807,-0.00778508087800002,0.06753229800090527,0.0037109759628339966,-0.0003908490088767497,0.003400192475904099,89.52941636089236
1631,E,1551351144106448.0,1.4894257,9.657822,1.3585151136732982,163,1970-01-18 22:55:51.144106448,0.0025482178,0.005432129,-0.00035095215,9.85413482013162,0.006010374933435306,97.54255676269531,-8.755352973937988,5.052980899810791,89579770.0,50354.0,0.07465739838320001,-0.007453524965000031,0.06760298494610525,0.003746124999467711,-0.0003836623793092123,0.003402301018756884,89.57977036503144
1631,E,1551351194460452.0,1.4733276,9.652573,1.381967913673298,163,1970-01-18 22:55:51.194460452,0.0011138916,0.01159668,0.00036621094,9.843572194961563,0.011655807649902525,97.53787231445312,-8.7517671585083,5.054267883300781,89630124.0,50354.0,0.0745932398341,-0.007291385085000043,0.06899714117950526,0.0037576833183969624,-0.0003712326003288519,0.0034391813754644962,89.63012436893769
1631,E,1551351244814456.0,1.4662018,9.608124,1.3522590136732981,163,1970-01-18 22:55:51.244814456,-0.0013885498,0.008071899,0.0014190674,9.802743409768988,0.008312483160826481,97.53839874267578,-8.748146057128906,5.054563045501709,89680478.0,50354.0,0.0740085317038,-0.008542631631000027,0.06883963134980527,0.003741346802009708,-0.00039865303885873384,0.0034703164219704514,89.68047837307677
1631,E,1551351295168460.0,1.4669342,9.626022,1.3064521136732983,163,1970-01-18 22:55:51.295168460,-0.00065612793,0.0055389404,0.002532959,9.82645256000619,0.006125866951783988,97.54533386230469,-8.744244575500488,5.053759574890137,89730832.0,50354.0,0.07384756507200001,-0.009211106158000014,0.06693837005320527,0.0037225729485243176,-0.00044698585631365405,0.0034184827413235967,89.73083237698302
1631,E,1551351345522464.0,1.4812622,9.651794,1.3208717136732981,163,1970-01-18 22:55:51.345522464,-0.001373291,0.003768921,0.0018005371,9.851920106706553,0.004396888391055476,97.54944610595703,-8.741936683654785,5.05329704284668,89781186.0,50354.0,0.0742267407628,-0.008111626568000001,0.06614813200110525,0.0037280667980027606,-0.00043613444184250244,0.0033507188622213763,89.78118638088927
1631,E,1551351395876468.0,1.4840851,9.654434,1.314249413673298,163,1970-01-18 22:55:51.395876468,-0.0020751953,0.00061035156,0.0035552979,9.855811878740102,0.004161623207076889,97.55436706542969,-8.740082740783691,5.052541255950928,89831540.0,50354.0,0.0746585489721,-0.007396297644000015,0.06634444462320525,0.0037484849396555776,-0.00039044300788552446,0.003335765601670266,89.83154038502835
1631,E,1551351446230472.0,1.4618378,9.66301,1.298273413673298,163,1970-01-18 22:55:51.446230472,7.6293945e-05,0.004501343,0.00032043457,9.863031654600675,0.004513378765774455,97.56138610839844,-8.73471450805664,5.051692962646484,89881894.0,50354.0,0.07416950085330001,-0.007113912412000035,0.06577548722410526,0.0037470438104540964,-0.0003653235585799133,0.0033263835241197372,89.8818943889346
1631,E,1551351496584476.0,1.48732,9.651123,1.3313240136732982,163,1970-01-18 22:55:51.496584476,0.00033569336,0.004058838,0.0012664795,9.850793928664485,0.004265070487824597,97.56366729736328,-8.733535766601562,5.051539421081543,89932248.0,50354.0,0.07425094593060001,-0.0071972734590000365,0.06620537442830526,0.0037367815886782513,-0.0003603127266741688,0.00332288215382274,89.93224839307368
1631,E,1551351546938480.0,1.4896393,9.63945,1.352716813673298,163,1970-01-18 22:55:51.546938480,-0.0032958984,0.0019989014,0.005218506,9.836911982914156,0.0064877852879145536,97.5628433227539,-8.733219146728516,5.0517048835754395,89982602.0,50354.0,0.0749509042961,-0.007790443579000031,0.06757609591010526,0.0037564549831576267,-0.00037734575186572773,0.0033682160787101624,89.98260239697993
1631,E,1551351597292483.0,1.4669952,9.590805,1.328897813673298,163,1970-01-18 22:55:51.597292483,-0.002243042,0.0040740967,0.0012512207,9.788961094763163,0.00481612443514735,97.56649780273438,-8.730452537536621,5.0513224601745605,90032956.0,50354.0,0.0744391868065,-0.009309069865000045,0.06751501147270525,0.00376119432369016,-0.00043051444997958994,0.00340118881057702,90.03295639995486
1631,E,1551351647646487.0,1.4660339,9.627518,1.3302101136732982,163,1970-01-18 22:55:51.647646487,0.002319336,0.0051879883,0.00016784668,9.824616720390175,0.00568530690374934,97.56937408447266,-8.726778030395508,5.051156997680664,90083310.0,50354.0,0.0738448736507,-0.00960948182900004,0.06694836028680526,0.0037333477901309244,-0.00047631237599984015,0.0033853843107891964,90.0833104038611
1631,E,1551351698000491.0,1.4675598,9.632324,1.3587440136732982,163,1970-01-18 22:55:51.698000491,-0.0018005371,0.00022888184,0.0005645752,9.825826914793897,0.0019008066449834491,97.56773376464844,-8.723380088806152,5.051398754119873,90133664.0,50354.0,0.0738590885849,-0.008564157966000015,0.06769979806420526,0.0037187426572057015,-0.00045755772911871645,0.003390036682803392,90.13366440800019
1631,E,1551351748354495.0,1.4872589,9.646759,1.3765052136732983,163,1970-01-18 22:55:51.748354495,-0.0036315918,0.0016326904,-0.0002593994,9.84066041010828,0.003990166035743345,97.56317138671875,-8.722610473632812,5.052144527435303,90184018.0,50354.0,0.0743934704099,-0.008079727309000037,0.06886536979690526,0.00373255467781208,-0.0004190430995686764,0.0034383012312391792,90.18401841190644
1631,E,1551351798708499.0,1.507904,9.660797,1.3731483136732983,163,1970-01-18 22:55:51.798708499,-0.002166748,0.0021514893,0.0012359619,9.857985950673605,0.0032941318919815733,97.55902862548828,-8.724588394165039,5.052856922149658,90234372.0,50354.0,0.0754092163333,-0.007362862588000038,0.06922802685800526,0.003771582244133547,-0.0003887980858367709,0.0034767774475806825,90.23437241604552
1631,E,1551351849062503.0,1.5050812,9.643784,1.3577827136732983,163,1970-01-18 22:55:51.849062503,-0.0032348633,-0.0023956299,0.0011901855,9.842853141140044,0.004197609404395691,97.5575180053711,-8.726408958435059,5.052934169769287,90284726.0,50354.0,0.07585792838040001,-0.00743776416300002,0.06875665047550526,0.0038084529024568253,-0.0003726353797099285,0.0034740402212257945,90.28472641995177
1631,E,1551351899416507.0,1.5130768,9.645615,1.3873542136732981,163,1970-01-18 22:55:51.899416507,-0.0034179688,-0.0002593994,-0.00024414063,9.842100790938563,0.003436481254671789,97.55167388916016,-8.729321479797363,5.05378532409668,90335080.0,50354.0,0.07598816396600001,-0.007820001377000048,0.06911431241980526,0.003823029067005313,-0.00038414476300058177,0.0034711772328152334,90.33508042385802
1631,E,1551351949770511.0,1.5016937,9.669128,1.3670295136732982,163,1970-01-18 22:55:51.949770511,-0.0009765625,-0.00015258789,0.001739502,9.865983486970842,0.0020007060225292724,97.54861450195312,-8.730047225952148,5.054222583770752,90385434.0,50354.0,0.0759028768785,-0.007181915489000036,0.06934711910340526,0.0038241607353419766,-0.00037770326093528413,0.003486043461459871,90.3854344279971
1631,E,1551352000124515.0,1.4987488,9.65538,1.359278113673298,163,1970-01-18 22:55:52.000124515,7.6293945e-05,0.004135132,-0.00061035156,9.853057004382588,0.004180629910702703,97.54704284667969,-8.730525970458984,5.0546674728393555,90435788.0,50354.0,0.0755421408225,-0.006936062084000041,0.06864024713370526,0.0038129312106580772,-0.000355448321355423,0.003474107919751731,90.43578843190335
1631,E,1551352050478519.0,1.5205383,9.645737,1.3620247136732981,163,1970-01-18 22:55:52.050478519,-0.0017242432,0.004135132,-0.0021209717,9.846595229226034,0.0049568994565525664,97.54520416259766,-8.734268188476562,5.055150508880615,90486142.0,50354.0,0.0760165913167,-0.007524977291000046,0.06851424128410526,0.003815794199068639,-0.0003640855883443772,0.003453138554895216,90.48614243604243
1631,E,1551352100832523.0,1.4857635,9.637939,1.3408607136732982,163,1970-01-18 22:55:52.100832523,-0.0017242432,0.002090454,0.0009765625,9.83638967568804,0.0028803969961219734,97.54667663574219,-8.733163833618164,5.055010795593262,90536496.0,50354.0,0.07568966041860001,-0.00796408934800004,0.06805054640430526,0.0038195082999396483,-0.0003899682307701052,0.003438291659631112,90.53649643994868
1631,E,1551352151186526.0,1.4747162,9.636978,1.3625282136732981,163,1970-01-18 22:55:52.151186526,-0.002746582,0.001373291,-0.0012054443,9.830972316495794,0.0032988993336880547,97.54491424560547,-8.730469703674316,5.055333137512207,90586850.0,50354.0,0.0745359974069,-0.008184614691000073,0.06806322302380526,0.003782231387072614,-0.00040657592158990595,0.0034269363728915386,90.5868504429236
1631,E,1551352201540530.0,1.4736938,9.654877,1.3689521136732983,163,1970-01-18 22:55:52.201540530,-0.0013580322,0.005065918,-0.0002593994,9.847542207257911,0.0052511965005778635,97.54195404052734,-8.727396011352539,5.0560221672058105,90637204.0,50354.0,0.07423211857,-0.007758166665000037,0.06877048020160526,0.0037455348559504117,-0.00040139140620001483,0.00344506214610616,90.63720444706269
1631,E,1551352251894534.0,1.490387,9.659164,1.3914436136732982,163,1970-01-18 22:55:52.251894534,0.00045776367,0.0017547607,0.0004272461,9.851407445822806,0.0018631349714396885,97.53582763671875,-8.726783752441406,5.0570387840271,90687558.0,50354.0,0.07462666230159999,-0.007199589743000002,0.06949848322740526,0.003747817526004273,-0.000376591433084217,0.003481197692252198,90.68755845096894
1631,E,1551352302274253.0,1.5183563,9.636902,1.3796943136732982,163,1970-01-18 22:55:52.302274253,-0.0016937256,-0.000289917,-0.0017242432,9.835345026650872,0.0024342910441708895,97.5318832397461,-8.730544090270996,5.057620525360107,90737938.0,50380.0,0.075790243727,-0.007656097460000043,0.06980496438986077,0.0037890018628604335,-0.0003742147606435711,0.0035090538454789315,90.73793816985562
1631,E,1551352352628257.0,1.5028534,9.648895,1.3508399136732983,163,1970-01-18 22:55:52.352628257,-0.00016784668,0.0014953613,-0.0012512207,9.848418667294512,0.001956995443437006,97.53209686279297,-8.731667518615723,5.057668685913086,90788292.0,50354.0,0.0760649966169,-0.007910688931000068,0.06874666024190526,0.0038232593861383703,-0.0003919249809662098,0.003488314253353973,90.7882921739947
1631,E,1551352402982261.0,1.4812775,9.666077,1.3653053136732982,163,1970-01-18 22:55:52.402982261,0.0020141602,-0.0028076172,-0.00015258789,9.860126239309606,0.00345873368694014,97.52998352050781,-8.729353904724121,5.057864189147949,90838646.0,50354.0,0.07513146366930001,-0.0071761499560000575,0.06838438838890527,0.003806673280625658,-0.00037984134265800214,0.0034525484113779176,90.83864617790096
1631,E,1551352453336265.0,1.4958801,9.662628,1.3532356136732981,163,1970-01-18 22:55:52.453336265,-0.0012359619,-0.007659912,-0.0007019043,9.86050352657782,0.007790668990038923,97.5296630859375,-8.729178428649902,5.0575361251831055,90889000.0,50354.0,0.0749558968952,-0.0068303942150000525,0.06844470492780526,0.003778749476932417,-0.00035264276259326974,0.003444946082434821,90.88900018204004
1631,E,1551352503690269.0,1.530426,9.653336,1.3366493136732982,163,1970-01-18 22:55:52.503690269,-0.0021972656,-0.0024719238,0.0004272461,9.858862042688058,0.0033348047349005326,97.53182983398438,-8.734211921691895,5.057065010070801,90939354.0,50354.0,0.0761933086797,-0.0071511743720000555,0.06772323281580525,0.003805483548759258,-0.0003520139523149017,0.0034283001685708825,90.93935418594629
1631,E,1551352554044273.0,1.5011292,9.635132,1.3523658136732981,163,1970-01-18 22:55:52.554044273,-0.00065612793,0.0028839111,-0.000869751,9.834473491065857,0.003082841853749604,97.53207397460938,-8.735331535339355,5.057174205780029,90989708.0,50354.0,0.0763254652704,-0.007843441164000037,0.06770133386120526,0.0038399651717416676,-0.00037751943534987436,0.0034095843152270942,90.98970818985254
1631,E,1551352604398277.0,1.4732971,9.63382,1.3402046136732981,163,1970-01-18 22:55:52.604398277,-7.6293945e-05,0.00033569336,-0.0034179688,9.830563681666744,0.0034352614916138757,97.53411102294922,-8.732261657714844,5.05689811706543,91040062.0,50354.0,0.07488713095510001,-0.008334795496000023,0.06779084564930525,0.003807079535169414,-0.0004073194643888215,0.0034112866035361233,91.04006219399162
1631,E,1551352654752281.0,1.5136566,9.642029,1.3256629136732982,163,1970-01-18 22:55:52.654752281,-0.0025787354,-0.00074768066,-0.0027008057,9.84664612820006,0.003808313808196967,97.5379867553711,-8.734888076782227,5.056275367736816,91090416.0,50354.0,0.0752025333049,-0.008161149727000013,0.06711854673600526,0.0037788074770740204,-0.00041531841287947195,0.0033966137720849634,91.09041619789787
1631,E,1551352705106284.0,1.4920502,9.623856,1.3239234136732982,163,1970-01-18 22:55:52.705106284,-0.0019226074,0.0005950928,4.5776367e-05,9.825777986409632,0.002013119502394808,97.54237365722656,-8.73487663269043,5.0556206703186035,91140770.0,50354.0,0.07567468010360001,-0.008412013355000015,0.06670863496360525,0.0037986356019858052,-0.0004172625269155147,0.003369366953651094,91.1407702008728
1631,E,1551352755460288.0,1.4594116,9.652451,1.308313713673298,163,1970-01-18 22:55:52.755460288,-0.00019836426,0.0019989014,0.00024414063,9.85097707552482,0.002023501873926512,97.54844665527344,-8.729524612426758,5.054793357849121,91191124.0,50354.0,0.0743089537386,-0.008149618661000056,0.06627183415520525,0.00377613794924507,-0.0004169722092668338,0.0033480492710042924,91.19112420501187
1631,E,1551352805814292.0,1.4780273,9.671082,1.288965613673298,163,1970-01-18 22:55:52.805814292,-0.0036773682,0.0019989014,-0.0007019043,9.874608694507186,0.004243973766607387,97.556640625,-8.726476669311523,5.053624629974365,91241478.0,50354.0,0.0739558991853,-0.006960609659000051,0.06539170162460527,0.0037328642020650307,-0.0003804302184126427,0.00331489284032829,91.24147820891812
1631,E,1551352856168296.0,1.4856873,9.638855,1.3204444136732982,163,1970-01-18 22:55:52.856168296,0.00010681152,0.0044403076,-0.0013122559,9.8399682185041,0.004631388110546047,97.56085205078125,-8.725379943847656,5.0532121658325195,91291832.0,50354.0,0.0746174424842,-0.0073029161510000445,0.06569711625850526,0.0037406310232130017,-0.0003591127893183724,0.003300423167843074,91.2918322130572
1631,E,1551352906522300.0,1.4933167,9.667023,1.3620704136732982,163,1970-01-18 22:55:52.906522300,0.00033569336,0.0037841797,-0.0005187988,9.8632840036909,0.0038343002267325938,97.5583724975586,-8.72494888305664,5.053781986236572,91342186.0,50354.0,0.075002383708,-0.007405109594000039,0.06753767580810527,0.0037669783640410194,-0.00037030396418186715,0.0033544523598610537,91.34218621696346
1631,E,1551352956876304.0,1.4919128,9.65921,1.3392738136732982,163,1970-01-18 22:55:52.956876304,-0.004058838,0.0038757324,0.0010070801,9.858368544400328,0.005701725868056949,97.55919647216797,-8.724507331848145,5.053808689117432,91392540.0,50354.0,0.0751591231215,-0.006892631759000031,0.06801174361190526,0.0037806162574463217,-0.0003599742340444828,0.0034127277327376053,91.3925402208697
1631,E,1551353007230308.0,1.4902954,9.639847,1.3191322136732981,163,1970-01-18 22:55:53.007230308,-0.0017547607,0.0032806396,-0.00047302246,9.84181113374578,0.0037504041844869337,97.56343078613281,-8.72413158416748,5.053316593170166,91442894.0,50354.0,0.0750830558514,-0.00757684191100005,0.06693068855050525,0.003782647340000703,-0.00036429793858959203,0.0033974456145530103,91.44289422500879
1631,E,1551353057584312.0,1.5063324,9.651962,1.3741859136732981,163,1970-01-18 22:55:53.057584312,-0.0035247803,-0.0019378662,-0.00045776367,9.848955184746176,0.0040483267098818,97.55924987792969,-8.725931167602539,5.0538330078125,91493248.0,50354.0,0.07544609812059999,-0.007759324807000065,0.06780967049220525,0.0037898725095530444,-0.0003861186694590889,0.0033923580196183224,91.49324822891504
1631,E,1551353107938316.0,1.5175934,9.655045,1.3752235136732982,163,1970-01-18 22:55:53.107938316,-0.0026397705,0.0009613037,-0.0009765625,9.853572597922673,0.0029742507313120373,97.55498504638672,-8.729233741760254,5.054512977600098,91543602.0,50354.0,0.0761333798666,-0.007376684761000069,0.06922188115230526,0.0038163165172837347,-0.0003810793128935394,0.003450043375753842,91.54360223305412
1631,E,1551353158292320.0,1.4905548,9.672348,1.4012550136732982,163,1970-01-18 22:55:53.158292320,1.5258789e-05,0.0068511963,-0.00039672852,9.863134566647194,0.006862690222526209,97.54678344726562,-8.728333473205566,5.056095123291016,91593956.0,50354.0,0.0757361472314,-0.006863426439000063,0.06990339988300527,0.003823619083746346,-0.0003585232796824033,0.003502757200626013,91.59395623696037
1631,E,1551353208646323.0,1.461853,9.632111,1.4287361136732981,163,1970-01-18 22:55:53.208646323,-0.001663208,0.004272461,-0.0016937256,9.815969185723628,0.004887626239380458,97.53545379638672,-8.724193572998047,5.058022499084473,91644310.0,50354.0,0.0743327711806,-0.007440835757000047,0.07125068661320526,0.003778285158858924,-0.00036013840930869477,0.003553836435715093,91.6443102399353
1631,E,1551353259000327.0,1.4674988,9.647614,1.3628791136732983,163,1970-01-18 22:55:53.259000327,-0.0007171631,0.0054779053,-4.5776367e-05,9.840274607539092,0.005524840709336823,97.53376770019531,-8.720535278320312,5.058537483215332,91694664.0,50354.0,0.0737522902686,-0.008063563675000014,0.07028449657890526,0.0037283375921065088,-0.0003903542644994655,0.0035634313072277664,91.69466424407437
1631,E,1551353309354331.0,1.4506226,9.625381,1.3711036136732981,163,1970-01-18 22:55:53.309354331,-0.00030517578,0.0038146973,-0.0006713867,9.814912923740474,0.0038853323986838997,97.53140258789062,-8.714997291564941,5.059086322784424,91745018.0,50354.0,0.07346954248780001,-0.008233004884999994,0.06883348312640526,0.003706604083307883,-0.00041029870663512023,0.0035025733750406038,91.74501824798062
1631,E,1551353359708335.0,1.4786224,9.63736,1.358316713673298,163,1970-01-18 22:55:53.359708335,3.0517578e-05,0.006149292,-0.0010681152,9.832476502340127,0.006241441620675629,97.5307388305664,-8.713336944580078,5.059497356414795,91795372.0,50354.0,0.073749601365,-0.008491169843000034,0.06871861558160526,0.0037065363847819457,-0.00042106454712685675,0.003463149189171581,91.79537225188687
1631,E,1551353410062339.0,1.5081177,9.647186,1.3578437136732981,163,1970-01-18 22:55:53.410062339,-0.0009918213,0.0028076172,-0.0007019043,9.846643104695595,0.003059263551776476,97.52992248535156,-8.715737342834473,5.059752464294434,91845726.0,50354.0,0.0751971554977,-0.007942185358000065,0.06838477107930525,0.0037500324975321977,-0.0004137425838955795,0.0034518519659617443,91.84572625602596
1631,E,1551353460416343.0,1.4741211,9.677185,1.364511813673298,163,1970-01-18 22:55:53.460416343,0.0004119873,0.0005645752,-0.0014038086,9.87004605929171,0.0015681700409235888,97.5276870727539,-8.712515830993652,5.060131549835205,91896080.0,50354.0,0.0750838262676,-0.0069395113330000535,0.06854074511200525,0.0037836242779049583,-0.00037467647758931,0.0034473737211486244,91.8960802599322
1631,E,1551353510770347.0,1.4969177,9.649582,1.4031471136732983,163,1970-01-18 22:55:53.510770347,-0.0050201416,-0.004852295,-0.0017700195,9.841540024134275,0.0072027465234767085,97.52014923095703,-8.71330451965332,5.061008453369141,91946434.0,50354.0,0.07480184386760001,-0.00687918724100003,0.06968134881380526,0.003773671516993931,-0.00034791337399760013,0.003480017658770132,91.94643426407129
1631,E,1551353561124351.0,1.4987488,9.6263275,1.3611396136732983,163,1970-01-18 22:55:53.561124351,-0.004425049,0.0005493164,0.00047302246,9.824348825958008,0.0044840336090817175,97.5193862915039,-8.714873313903809,5.061115264892578,91996788.0,50354.0,0.0754218954705,-0.008159626518500013,0.06959644693440527,0.0037821830853153444,-0.0003786322140229326,0.0035065970635526967,91.99678826797754
1631,E,1551353611478355.0,1.4806519,9.645874,1.3647712136732981,163,1970-01-18 22:55:53.611478355,-0.0005187988,0.00033569336,0.0014343262,9.840296053371862,0.0015617726706649625,97.5179214477539,-8.71342658996582,5.061339855194092,92047142.0,50354.0,0.0750123714239,-0.008252982834500048,0.06863025690010525,0.0037874835376003092,-0.00041322026568048256,0.0034801337224414715,92.04714227188379
1631,E,1551353661832359.0,1.4679718,9.684891,1.3464912136732983,163,1970-01-18 22:55:53.661832359,-0.00036621094,-0.00044250488,-0.0008544922,9.879007569185909,0.0010296008650250532,97.51844787597656,-8.709185600280762,5.061244487762451,92097496.0,50354.0,0.0742374988949,-0.006778529595000048,0.06826145413330525,0.003757663985016428,-0.00037844838843752393,0.003446522608688177,92.09749627602287
1631,E,1551353712186363.0,1.4887543,9.638382,1.334360513673298,163,1970-01-18 22:55:53.712186363,-0.00065612793,-0.0047912598,-0.0033111572,9.838128654197948,0.005860924529008539,97.5216064453125,-8.70885181427002,5.060544967651367,92147850.0,50354.0,0.0744414930197,-0.006967155679000027,0.06749580393940526,0.003743290979433884,-0.0003460751181434999,0.0034179604864966323,92.14785027992912
1631,E,1551353762540366.0,1.4756622,9.648636,1.3463539136732983,163,1970-01-18 22:55:53.762540366,0.0039520264,-0.00039672852,-0.0046691895,9.844635250997005,0.006130027469089238,97.52296447753906,-8.706418991088867,5.060382843017578,92198204.0,50354.0,0.07463511422050001,-0.007879947814000043,0.06749234713730526,0.0037533017404865155,-0.0003738055246432628,0.003398596679658341,92.19820428290404
1631,E,1551353812894370.0,1.4859161,9.669922,1.4250434136732981,163,1970-01-18 22:55:53.812894370,0.0026550293,-0.0026397705,-0.006515503,9.857123552223909,0.007514608986470136,97.51234436035156,-8.705179214477539,5.061923503875732,92248558.0,50354.0,0.0745636568591,-0.00708586523400005,0.06977547051060526,0.0037563774594710896,-0.00037679427510949834,0.0034559918449214434,92.24855828704312
1631,E,1551353863248374.0,1.5140533,9.667984,1.3820289136732982,163,1970-01-18 22:55:53.863248374,0.0014801025,-0.00440979,-7.6293945e-05,9.864845351299731,0.004652179276495041,97.50826263427734,-8.708232879638672,5.0623369216918945,92298912.0,50354.0,0.07553022958380001,-0.006598740638000029,0.07067365998560526,0.0037789137789728936,-0.000344537322039346,0.0035360877585030926,92.29891229094937
1631,E,1551353913602378.0,1.4636383,9.655502,1.348749513673298,163,1970-01-18 22:55:53.913602378,0.0022583008,-0.0036315918,-0.00065612793,9.849259252215901,0.004326532718659824,97.5093994140625,-8.704120635986328,5.062007904052734,92349266.0,50354.0,0.07496934141320001,-0.006961792978000016,0.06875280846530525,0.0037891276989914695,-0.00034141355485003315,0.003510340196188574,92.34926629485562
1631,E,1551353963956382.0,1.4858246,9.660675,1.323175813673298,163,1970-01-18 22:55:53.963956382,-0.00064086914,0.00064086914,-0.0017700195,9.861002069599852,0.001988566201962844,97.5139389038086,-8.703086853027344,5.0613555908203125,92399620.0,50354.0,0.0742586274333,-0.007145811671000044,0.06727106396660525,0.0037571125716483315,-0.0003551871622478745,0.0034246730362182108,92.3996202989947
1631,E,1551354014310386.0,1.4697723,9.606201,1.3171180136732983,163,1970-01-18 22:55:54.014310386,-0.00012207031,-0.005264282,-0.0009613037,9.806029855959281,0.005352725561780763,97.52043151855469,-8.700937271118164,5.060123443603516,92449974.0,50354.0,0.0744130631513,-0.008387062948000039,0.06647467769110527,0.0037431071538484746,-0.0003910711842825651,0.003367316537716178,92.44997430290096
1631,E,1551354064664390.0,1.4451141,9.675873,1.314020513673298,163,1970-01-18 22:55:54.064664390,0.0037078857,0.0014648438,-0.0039978027,9.871063670668022,0.0056459374908681215,97.52595520019531,-8.693684577941895,5.059412956237793,92500328.0,50354.0,0.07338809489280002,-0.008004422902000043,0.06624417470300527,0.0037211897560763063,-0.00041268843924545205,0.0033414625467265207,92.50032830704004
1631,E,1551354115018394.0,1.4783325,9.658615,1.393625613673298,163,1970-01-18 22:55:54.115018394,-0.005432129,-0.0042877197,-0.0032806396,9.848778827908404,0.007658665803095031,97.51966094970703,-8.691976547241211,5.060133934020996,92550682.0,50354.0,0.07360361504820001,-0.006684795624000072,0.06817040654820525,0.003700810281184558,-0.0003698304548291049,0.003384155912161728,92.55068231094629
1631,E,1551354165372398.0,1.4827118,9.624252,1.3507789136732982,163,1970-01-18 22:55:54.165372398,0.00038146973,-0.0005950928,-0.0002746582,9.821223134845592,0.0007583480219169514,97.52071380615234,-8.69173812866211,5.0599517822265625,92601036.0,50354.0,0.07455021234110001,-0.007984457541000047,0.06909587278500526,0.0037300689121804067,-0.00036932778693520805,0.003455953114772241,92.60103631485254
1631,E,1551354215726402.0,1.4793549,9.691193,1.3535102136732982,163,1970-01-18 22:55:54.215726402,-3.0517578e-05,-0.0025177002,-0.00048828125,9.885975177745758,0.0025647932077944584,97.52003479003906,-8.689558029174805,5.059933185577393,92651390.0,50354.0,0.0745759533059,-0.0071642412350000255,0.06808588735920526,0.0037545494724945195,-0.00038139878908335386,0.0034538251751507886,92.65139031899162
1631,E,1551354266080406.0,1.4750366,9.705063,1.3003334136732982,163,1970-01-18 22:55:54.266080406,-0.0015258789,0.00010681152,0.0010375977,9.905915769100737,0.001848330085594889,97.5267333984375,-8.686460494995117,5.058908462524414,92701744.0,50354.0,0.0743827147955,-0.0051296626880000095,0.06681582100570525,0.0037503323867889484,-0.0003095236190693719,0.003396420311503352,92.70174432289787
1631,E,1551354316434409.0,1.4760437,9.637039,1.348123913673298,163,1970-01-18 22:55:54.316434409,-0.0017242432,-0.00079345703,-0.0019989014,9.83309609346958,0.0027564824465475236,97.52762603759766,-8.685025215148926,5.058732509613037,92752098.0,50354.0,0.07429934871310001,-0.006493097946000022,0.06668021013060527,0.003743368312956023,-0.00029262624448221885,0.0033610295759188905,92.7520983258728
1631,E,1551354366788413.0,1.4919586,9.659454,1.2857002136732982,163,1970-01-18 22:55:54.366788413,0.0,0.006591797,-0.00022888184,9.865761703487584,0.006595769446083663,97.5372085571289,-8.685386657714844,5.057612895965576,92802452.0,50354.0,0.07472539390710001,-0.007641395739000039,0.06631179005420526,0.003751995944948776,-0.00035586414750724655,0.003348339588652975,92.80245233001187
1631,E,1551354417142417.0,1.4506989,9.670395,1.3944648136732982,163,1970-01-18 22:55:54.417142417,-0.0030975342,0.0048980713,-0.0031280518,9.8561214013781,0.006585630466670337,97.53033447265625,-8.679730415344238,5.058886528015137,92852806.0,50354.0,0.0740872878775,-0.006801591727000051,0.06747851489350527,0.0037466568892908746,-0.0003636310954314843,0.003368438507668509,92.85280633391812
1631,E,1551354467496421.0,1.4841156,9.672806,1.333841713673298,163,1970-01-18 22:55:54.467496421,-0.0012207031,-0.0011749268,0.004058838,9.871225670643101,0.004398264993602801,97.53256225585938,-8.679107666015625,5.058455944061279,92903160.0,50354.0,0.0738898246665,-0.006465428423000068,0.06869057343900527,0.0037256197625202886,-0.00033402376631655304,0.003428329136947618,92.9031603380572
1631,E,1551354517850425.0,1.4494171,9.6214905,1.4267067136732983,163,1970-01-18 22:55:54.517850425,-0.0042266846,0.003967285,0.0021514893,9.803950038269864,0.006183293554984807,97.52196502685547,-8.674812316894531,5.06020450592041,92953514.0,50354.0,0.0738575527879,-0.007696697019500043,0.06950232775530527,0.003719835722169429,-0.0003565598322658253,0.0034792826733691566,92.95351434196346
1631,E,1551354568204429.0,1.5000153,9.643982,1.305704513673298,163,1970-01-18 22:55:54.568204429,-0.004928589,0.005203247,0.004196167,9.849131228234839,0.008304973592120507,97.5288314819336,-8.677192687988281,5.059358596801758,93003868.0,50354.0,0.0742578595348,-0.008422398867500047,0.06879391747090527,0.003729101736048618,-0.0004058304771470013,0.003481884566060303,93.0038683458697
1631,E,1551354618558433.0,1.4850006,9.649414,1.375147213673298,163,1970-01-18 22:55:54.618558433,-0.006790161,-0.00038146973,0.0,9.84309492973265,0.006800868000544289,97.5252456665039,-8.677190780639648,5.059830665588379,93054222.0,50354.0,0.07515374531430001,-0.0077193689080000474,0.06749580393940526,0.0037617359752857914,-0.0004064012872837659,0.0034313663159473884,93.05422235000879
1631,E,1551354668912437.0,1.4624634,9.645233,1.3515113136732981,163,1970-01-18 22:55:54.668912437,0.0032348633,0.006286621,0.00024414063,9.838659016225245,0.007074287866248071,97.52571868896484,-8.674022674560547,5.06008768081665,93104576.0,50354.0,0.074208301128,-0.007687872481000051,0.06864908174300526,0.0037604882432777874,-0.0003879081164508555,0.0034277197868260497,93.10457635391504
1631,E,1551354719266441.0,1.483017,9.646759,1.4199775136732982,163,1970-01-18 22:55:54.719266441,-0.005722046,0.001663208,0.0032043457,9.83458493522164,0.006765789136714836,97.51576232910156,-8.674175262451172,5.061609745025635,93154930.0,50354.0,0.07415836003080001,-0.007754717416000069,0.06977777420610526,0.003735427427995108,-0.00038879808583677203,0.003485172952230756,93.15493035805412
1631,E,1551354769620445.0,1.5026245,9.686432,1.352854113673298,163,1970-01-18 22:55:54.769620445,-0.0014953613,0.005569458,0.0035705566,9.884903179458078,0.006782613232752201,97.5152587890625,-8.676122665405273,5.061923503875732,93205284.0,50354.0,0.0751694960455,-0.006717450193000052,0.06981158188170525,0.0037596274324330054,-0.0003643657638917961,0.0035144412182228054,93.20528436196037
1631,E,1551354819974448.0,1.4819641,9.669144,1.431833613673298,163,1970-01-18 22:55:54.819974448,-0.0025482178,0.0062713623,0.0026397705,9.854938703421489,0.007265795713255939,97.5035400390625,-8.675619125366211,5.063962936401367,93255638.0,50354.0,0.0751429871822,-0.006153863048000056,0.07011008291140526,0.003784417390223803,-0.00032406105346865973,0.0035228077544961437,93.2556383649353
1631,E,1551354870328452.0,1.487381,9.670319,1.4120430136732982,163,1970-01-18 22:55:54.870328452,-0.00090026855,0.0015106201,0.0063171387,9.859329084837288,0.0065573392396368205,97.49507904052734,-8.675971984863281,5.0652618408203125,93305992.0,50354.0,0.0747592015827,-0.006559540049000074,0.07160028184670526,0.0037740874065338875,-0.0003200853497731723,0.003567841853514949,93.30599236907437
1631,E,1551354920682456.0,1.4691315,9.6922455,1.4038795136732982,163,1970-01-18 22:55:54.920682456,-0.0016174316,0.005722046,0.0019836426,9.879113875783604,0.006268391609602045,97.48757934570312,-8.673019409179688,5.066651821136475,93356346.0,50354.0,0.0744361152125,-0.005977913583500048,0.07089648147100526,0.00375629049095275,-0.0003156554701054556,0.003587641010049998,93.35634637298062
1631,E,1551354971036460.0,1.4928741,9.62561,1.3537849136732982,163,1970-01-18 22:55:54.971036460,-0.00076293945,0.0033569336,0.0014343262,9.823702624366856,0.0037293929059810395,97.48887634277344,-8.674809455871582,5.066606044769287,93406700.0,50354.0,0.07457441499120002,-0.0071035520765000285,0.06942971728730526,0.003751638118938556,-0.00032935206092182194,0.0035329927061379844,93.40670037688687
1631,E,1551355021390464.0,1.4712067,9.669357,1.4061988136732981,163,1970-01-18 22:55:55.021390464,-0.0026550293,0.0020599365,-0.0005493164,9.85668103589651,0.0034050356055700354,97.48157501220703,-8.672529220581055,5.0677924156188965,93457054.0,50354.0,0.0746266623016,-0.007679815841000043,0.06948811030340526,0.0037564355230008265,-0.00037220085405889933,0.0034975341452513193,93.45705438102596
1631,E,1551355071744468.0,1.5007935,9.610367,1.4352363136732982,163,1970-01-18 22:55:55.071744468,0.00022888184,0.0040130615,0.0033416748,9.79972747087887,0.00522722105601237,97.47142028808594,-8.67614459991455,5.069499492645264,93507408.0,50354.0,0.07482604903540001,-0.00806358885200004,0.07153881220120525,0.0037627709133316494,-0.0003963716999556631,0.003550634827898579,93.5074083849322
1631,E,1551355122098472.0,1.4845734,9.663162,1.3597511136732983,163,1970-01-18 22:55:55.122098472,-0.0036621094,-0.0029907227,0.0035705566,9.858477533522827,0.005924891725564883,97.47142028808594,-8.675922393798828,5.069300174713135,93557762.0,50354.0,0.0751625824413,-0.008219560367000039,0.07036939845830525,0.003776263774688876,-0.000409960847886765,0.0035728230197744964,93.55776238907129
1631,E,1551355172452476.0,1.497345,9.622726,1.328409513673298,163,1970-01-18 22:55:55.172452476,-0.00079345703,0.0038146973,0.00050354004,9.824882222759042,0.0039287456167289465,97.47689056396484,-8.678234100341797,5.068654537200928,93608116.0,50354.0,0.0750757595568,-0.007908397824000038,0.06767982011470526,0.0037825507364861637,-0.0004060536033748089,0.0034756651760126855,93.60811639297754
1631,E,1551355222806480.0,1.4888458,9.632187,1.293177013673298,163,1970-01-18 22:55:55.222806480,0.00035095215,0.0010681152,0.0024108887,9.837577502017025,0.002660154472177951,97.48723602294922,-8.67902660369873,5.067130088806152,93658470.0,50354.0,0.0751833257716,-0.008688255399000032,0.06600368399900526,0.003783072991313127,-0.0004178539381954728,0.00336574958307089,93.65847039688379
1631,E,1551355273160484.0,1.5225067,9.644104,1.3688148136732983,163,1970-01-18 22:55:55.273160484,0.0024414063,0.003982544,-0.0005493164,9.844428812310449,0.004703495502381676,97.48616790771484,-8.68447494506836,5.0675129890441895,93708824.0,50354.0,0.07581682189250001,-0.008150021493000023,0.06702096823710525,0.0038017307177390467,-0.00042393729730988547,0.0033491616693485547,93.70882440102287
1631,E,1551355323514488.0,1.4759979,9.644653,1.4022468136732982,163,1970-01-18 22:55:55.323514488,0.00048828125,0.004135132,-0.0007019043,9.833657639657536,0.0042226064087106255,97.4801025390625,-8.6831693649292,5.068638801574707,93759178.0,50354.0,0.07549335031420001,-0.007836165011000026,0.06976701859170527,0.0038095362056480863,-0.00040248421761120926,0.0034439111443889626,93.75917840492912
1631,E,1551355373868491.0,1.5018616,9.646957,1.3525642136732983,163,1970-01-18 22:55:55.373868491,-0.0037384033,0.0030975342,0.00033569336,9.846145069730783,0.004866525185958521,97.481201171875,-8.685470581054688,5.068594932556152,93809532.0,50354.0,0.07497356863150001,-0.007764335030000027,0.06935787723550525,0.00378830561829589,-0.0003927737895322584,0.0035027475022416793,93.80953240790404
1631,E,1551355424222495.0,1.4537811,9.633057,1.3300727136732982,163,1970-01-18 22:55:55.424222495,-0.002822876,-0.0032196045,0.0014190674,9.828242916222981,0.004510901720669495,97.48590850830078,-8.68104076385498,5.067692756652832,93859886.0,50354.0,0.07441421625790001,-0.008056287522000003,0.06754074991980526,0.0037611362601604244,-0.00039831581399170477,0.0034466967358892527,93.85988641204312
1631,E,1551355474576499.0,1.5208435,9.684433,1.320215613673298,163,1970-01-18 22:55:55.474576499,-0.0038604736,-0.0022888184,0.0014343262,9.889994339411873,0.004711606703926162,97.49089813232422,-8.685220718383789,5.0667924880981445,93910240.0,50354.0,0.07489212355420001,-0.007112754270000007,0.06672630921760525,0.003759085717449242,-0.0003819109651971843,0.003380441747902584,93.91024041594937
1631,E,1551355524930503.0,1.500412,9.644836,1.443262413673298,163,1970-01-18 22:55:55.524930503,-0.004928589,-0.0033416748,0.0025024414,9.832504061724748,0.006459101559838643,97.47850799560547,-8.68763542175293,5.068445682525635,93960594.0,50354.0,0.07606614972350001,-0.0068161943870000356,0.06957608629450526,0.0038006764463126533,-0.0003506891403372901,0.0034316854118084067,93.96059441985562
1631,E,1551355575284507.0,1.5072632,9.64473,1.400720913673298,163,1970-01-18 22:55:55.575284507,-0.0027923584,0.0009460449,0.0014190674,9.838664749464638,0.0032720052983773317,97.47270965576172,-8.690827369689941,5.069334983825684,94010948.0,50354.0,0.0757242385104,-0.007815796818000065,0.07160296823260526,0.0038216266045649006,-0.00036838964256828753,0.0035544650558290616,94.0109484239947
1631,E,1551355625638511.0,1.4802704,9.656479,1.360269913673298,163,1970-01-18 22:55:55.625638511,-0.0017089844,0.0041046143,-0.0017852783,9.851212744570466,0.004791211207999365,97.4728012084961,-8.689550399780273,5.069524765014648,94061302.0,50354.0,0.0752171334472,-0.007522661007000079,0.06951346606010525,0.0038002509217764952,-0.00038617635266002863,0.0035528884661875726,94.06130242790096
1631,E,1551355675992515.0,1.5277252,9.654526,1.4307960136732982,163,1970-01-18 22:55:55.675992515,-0.00065612793,0.0032653809,-0.0025177002,9.847718206544211,0.0041751683295037255,97.46263885498047,-8.695326805114746,5.071225166320801,94111656.0,50354.0,0.0757323052212,-0.0072760271150000425,0.07027066685280527,0.0038004540173543068,-0.0003725865708475971,0.0035193451143483486,94.11165643204004
1631,E,1551355726346519.0,1.4969788,9.663162,1.3420967136732982,163,1970-01-18 22:55:55.726346519,-0.0008544922,0.008026123,0.005432129,9.862639866560192,0.009729174312531914,97.46552276611328,-8.696524620056152,5.071146011352539,94162010.0,50354.0,0.076152972608,-0.007107769224000026,0.06981312019640526,0.0038240156399057686,-0.00036214084042700473,0.003526889506537974,94.16201043594629
1631,E,1551355776700523.0,1.4778748,9.652161,1.4024299136732983,163,1970-01-18 22:55:55.776700523,-0.0048217773,0.00024414063,-0.000579834,9.84128031673778,0.004862648295483448,97.4595718383789,-8.695005416870117,5.072023868560791,94212364.0,50354.0,0.0748978890872,-0.007167312829000052,0.06909894689670526,0.00380300754490005,-0.00035940374084838297,0.0034973891132032437,94.21236443985254
1631,E,1551355827054527.0,1.502182,9.658417,1.3423408136732982,163,1970-01-18 22:55:55.827054527,-0.0027008057,0.007095337,0.0013885498,9.858750512640707,0.0077179161125138914,97.46246337890625,-8.69685173034668,5.071902275085449,94262718.0,50354.0,0.0750288900536,-0.007286777694000047,0.06910509260240526,0.0037747065184279218,-0.00036391063709757354,0.003479563102469106,94.26271844399162
1631,E,1551355877408531.0,1.4901733,9.646652,1.3598121136732981,163,1970-01-18 22:55:55.877408531,-0.0008239746,0.0019378662,0.00036621094,9.843133535049875,0.0021373745584532637,97.46311950683594,-8.697153091430664,5.071892261505127,94313072.0,50354.0,0.0753385293881,-0.0074254777870000465,0.06803210425180525,0.0037858005192836813,-0.0003704104562451394,0.0034527032051984577,94.31307244789787
1631,E,1551355927762534.0,1.4788971,9.638184,1.3479713136732983,163,1970-01-18 22:55:55.927762534,-0.0038604736,0.0005340576,0.00044250488,9.834666808761657,0.00392228052352691,97.46549987792969,-8.695968627929688,5.071526050567627,94363426.0,50354.0,0.0747522854608,-0.007934884028000029,0.06817386335030526,0.0037788364454507555,-0.00038672782941625693,0.0034292576463183367,94.3634264508728
1631,E,1551355978116538.0,1.482254,9.616119,1.376749413673298,163,1970-01-18 22:55:55.978116538,-0.0038604736,-0.004760742,0.001159668,9.809837376322477,0.006238008550578058,97.46405792236328,-8.6958589553833,5.071471214294434,94413780.0,50354.0,0.0745529012447,-0.008703613369000033,0.06860029375240526,0.0037590566856843736,-0.00041890744896427054,0.0034435629533749426,94.41378045501187
1631,E,1551356028470542.0,1.527832,9.679413,1.3999122136732982,163,1970-01-18 22:55:56.028470542,-0.0036315918,0.0047302246,-0.0024414063,9.875928185365934,0.006443907858586441,97.45805358886719,-8.7008638381958,5.07260274887085,94464134.0,50354.0,0.07578493522200001,-0.007665590836000044,0.06990800979170526,0.0037850557087221065,-0.000412127454269287,0.003487223558330071,94.46413445891812
1631,E,1551356078824546.0,1.5105286,9.636749,1.3574470136732981,163,1970-01-18 22:55:56.078824546,-0.0008392334,-0.0013275146,0.0022277832,9.8368389079595,0.002725733974380288,97.45935821533203,-8.704272270202637,5.0723161697387695,94514488.0,50354.0,0.0764968048262,-0.007146189326000029,0.06942203326690526,0.0038339973691935317,-0.00037291618913867585,0.0035079124940866372,94.5144884630572
1631,E,1551356129178550.0,1.4469299,9.630707,1.3900856136732982,163,1970-01-18 22:55:56.129178550,-0.0035247803,-0.0021972656,-0.0025939941,9.81717934849856,0.00489702539007572,97.45587158203125,-8.698413848876953,5.072731018066406,94564842.0,50354.0,0.0744599326545,-0.008372460288000054,0.06917462895870527,0.003800637779551584,-0.0003907130413316801,0.003489448164854196,94.56484246696346
1631,E,1551356179532554.0,1.5138855,9.688599,1.4182380136732982,163,1970-01-18 22:55:56.179532554,-0.00079345703,0.0061950684,-0.0007019043,9.880524707061856,0.006284991343310941,97.44733428955078,-8.701299667358398,5.074320316314697,94615196.0,50354.0,0.07454444932580001,-0.0070670328380000565,0.07070516396570527,0.003751483325118014,-0.00038872011843330484,0.0035217535464578844,94.6151964708697
1631,E,1551356229886558.0,1.491394,9.661011,1.417948113673298,163,1970-01-18 22:55:56.229886558,-0.00079345703,-0.0022735596,-0.0008239746,9.850079177999756,0.0025451093207667407,97.43962860107422,-8.701430320739746,5.07537317276001,94665550.0,50354.0,0.07566392197150001,-0.006304069030000031,0.07140665812820525,0.003781796164152123,-0.00033664423173063824,0.0035779493448583853,94.66555047500879
1631,E,1551356280240562.0,1.500534,9.661423,1.3886055136732982,163,1970-01-18 22:55:56.280240562,0.00491333,-0.0015869141,-0.0016174316,9.855518798318037,0.005410655508379494,97.43667602539062,-8.702743530273438,5.0757904052734375,94715904.0,50354.0,0.07532777125600001,-0.0069882791820000505,0.07066060067570526,0.0038015178603887684,-0.0003346614509335261,0.0035768273749060553,94.71590447891504
1631,E,1551356330594566.0,1.5284576,9.677399,1.3952583136732981,163,1970-01-18 22:55:56.330594566,-0.0004119873,0.002029419,-0.00030517578,9.874631085876773,0.0020931811363618055,97.43224334716797,-8.707783699035645,5.0765604972839355,94766258.0,50354.0,0.07626092151320002,-0.006575678506000071,0.07008933958110526,0.0038165485178501494,-0.000341499762710779,0.0035436612458457192,94.76625848305412
1631,E,1551356380948570.0,1.4925385,9.675308,1.345011113673298,163,1970-01-18 22:55:56.380948570,0.0008392334,-0.0042266846,0.0020446777,9.873489149750304,0.004769683669220634,97.43537902832031,-8.707526206970215,5.075871467590332,94816612.0,50354.0,0.07605961880970001,-0.006226095861000067,0.06899176337230525,0.0038349742437096546,-0.00032231027323796244,0.003501644929058017,94.81661248696037
1631,E,1551356431302573.0,1.5016174,9.675613,1.3002418136732983,163,1970-01-18 22:55:56.431302573,-0.002319336,0.0019226074,-0.00036621094,9.881081490987075,0.003034773327285984,97.44473266601562,-8.70836353302002,5.074533939361572,94866966.0,50354.0,0.07538386309430001,-0.0062710619830000465,0.06659953295180525,0.003812892543897009,-0.0003146409430383909,0.00341378206755213,94.8669664899353
1631,E,1551356481656577.0,1.4948273,9.62056,1.327555013673298,163,1970-01-18 22:55:56.481656577,0.0004119873,-0.0040893555,0.0016021729,9.822490437037287,0.004411294588013359,97.45115661621094,-8.709547996520996,5.073355197906494,94917320.0,50354.0,0.07544148821190001,-0.007649452379000047,0.06616004072210527,0.0037973298698361978,-0.00035047679009207636,0.003342487786388045,94.91732049407437
1631,E,1551356532010581.0,1.4938049,9.67952,1.3592323136732982,163,1970-01-18 22:55:56.532010581,-0.00036621094,-0.0022735596,0.002319336,9.87597074546224,0.0032684098868140518,97.45159149169922,-8.709402084350586,5.073159217834473,94967674.0,50354.0,0.0752447928994,-0.0075510858400000495,0.06764524454060526,0.0037938284995392003,-0.0003827039507397654,0.0033688156670592627,94.96767449798062
1631,E,1551356582364585.0,1.5014191,9.655777,1.3760475136732981,163,1970-01-18 22:55:56.582364585,-0.002609253,-0.0015563965,0.0018005371,9.851707154139543,0.0035316434038132533,97.44991302490234,-8.710902214050293,5.07330846786499,95018028.0,50354.0,0.075410754648,-0.00666442743100002,0.06886614021310526,0.0037930547206008903,-0.0003579039776239688,0.00343694713394417,95.01802850188687
1631,E,1551356632718589.0,1.4760284,9.659409,1.3800758136732982,163,1970-01-18 22:55:56.632718589,0.0023345947,0.0007171631,0.0027313232,9.850919520376255,0.003663984408827082,97.44784545898438,-8.70870590209961,5.073657512664795,95068382.0,50354.0,0.0749631957075,-0.00717076207800002,0.06939091701260526,0.0037859649481004234,-0.00034832856626809406,0.003480897929771714,95.06838250602596
1631,E,1551356683072593.0,1.5012512,9.654617,1.3772071136732982,163,1970-01-18 22:55:56.683072593,-0.0030059814,-0.0035705566,-0.00048828125,9.850397303456242,0.0046928900679699586,97.44609069824219,-8.710099220275879,5.073727130889893,95118736.0,50354.0,0.07495896848920001,-0.007199967398000033,0.06942011226180526,0.0037745903279803165,-0.00036181185601725336,0.003494845284041834,95.1187365099322
1631,E,1551356733426597.0,1.5301361,9.692657,1.3927558136732983,163,1970-01-18 22:55:56.733426597,-0.002746582,0.00074768066,0.0005950928,9.890156636791483,0.002908070579039284,97.44139862060547,-8.714886665344238,5.074450969696045,95169090.0,50354.0,0.0763212380521,-0.0063628825020000225,0.06973935662180526,0.0038087817600903112,-0.0003414718719323014,0.0035036179480826624,95.16909051407129
1631,E,1551356783780601.0,1.515564,9.65506,1.3800605136732982,163,1970-01-18 22:55:56.783780601,0.0014801025,0.003921509,0.00038146973,9.852661029593692,0.004208854405000667,97.4395523071289,-8.718271255493164,5.0749311447143555,95219444.0,50354.0,0.0766815914177,-0.0063517290910000065,0.06981119667360527,0.003852152237561155,-0.00032011577607696175,0.003513464280318552,95.21944451797754
1631,E,1551356834134605.0,1.4995575,9.680679,1.3792671136732981,163,1970-01-18 22:55:56.834134605,0.0021972656,0.004760742,-0.0034179688,9.875424612167459,0.00625900560994163,97.43741607666016,-8.718525886535645,5.075526237487793,95269798.0,50354.0,0.07591171400550001,-0.0066532991970000305,0.06947159167370526,0.003841841650639907,-0.00032742759720697694,0.0035067227622202373,95.26979852188379
1631,E,1551356884488609.0,1.4667816,9.6714325,1.3814643136732982,163,1970-01-18 22:55:56.884488609,0.0037078857,0.0076141357,-0.0005493164,9.861154299902784,0.008486767778700437,97.43523406982422,-8.714438438415527,5.076260566711426,95320152.0,50354.0,0.0746835195207,-0.00624108876450005,0.06950693514630525,0.003791536194489138,-0.00032464200570668755,0.0034990623697474044,95.32015252602287
1631,E,1551356934842613.0,1.4828186,9.615311,1.407892613673298,163,1970-01-18 22:55:56.934842613,0.0001373291,-0.0009765625,0.0022735596,9.805206116954716,0.0024782265539827508,97.43018341064453,-8.714137077331543,5.076962947845459,95370506.0,50354.0,0.0742620842354,-0.007886858900500036,0.07022763935980526,0.0037500034657673297,-0.00035569933836170715,0.0035180973823403447,95.37050652992912
1631,E,1551356985196616.0,1.5028076,9.64566,1.3806098136732983,163,1970-01-18 22:55:56.985196616,-0.0017089844,0.003326416,-0.0007171631,9.841424091775487,0.00380788576463383,97.4285659790039,-8.71585750579834,5.07736349105835,95420860.0,50354.0,0.07516911083740001,-0.008535733133000045,0.07020612561330526,0.003762229198347886,-0.0004134715996274316,0.003535700900728004,95.42086053290404
1631,E,1551357035550620.0,1.48732,9.6670685,1.3965705136732982,163,1970-01-18 22:55:57.035550620,-0.0027618408,0.003036499,0.002243042,9.858052811813623,0.0046775344141234965,97.42420196533203,-8.715032577514648,5.078139305114746,95471214.0,50354.0,0.0752824425852,-0.00723263455550007,0.06992106910160527,0.003787918760520801,-0.0003970001932933675,0.0035279823813373027,95.47121453704312
1631,E,1551357085904624.0,1.5068359,9.645142,1.346887913673298,163,1970-01-18 22:55:57.085904624,0.0022888184,0.0017089844,0.00091552734,9.845863982240992,0.002999584580889393,97.4278793334961,-8.717294692993164,5.077676296234131,95521568.0,50354.0,0.07538386309430001,-0.00724567624150006,0.06907205282530526,0.003793325578092772,-0.0003645204309360723,0.003499429830753827,95.52156854094937
1631,E,1551357136258628.0,1.5207672,9.661102,1.3711341136732982,163,1970-01-18 22:55:57.136258628,-0.002029419,0.0043792725,-0.0007019043,9.86051714809421,0.004877421322089751,97.42737579345703,-8.72115707397461,5.077955722808838,95571922.0,50354.0,0.07622596324870001,-0.007395894812000048,0.06843164058250527,0.0038170805978377117,-0.0003686308344139722,0.003461930488928446,95.57192254485562
1631,E,1551357186612632.0,1.5304718,9.637253,1.4265846136732983,163,1970-01-18 22:55:57.186612632,-0.0010070801,-0.0018463135,0.00019836426,9.831725673233821,0.002112446981049136,97.41934967041016,-8.727017402648926,5.079076290130615,95622276.0,50354.0,0.076821044303,-0.00759451616500006,0.07043816439840526,0.003853264509129152,-0.0003774135771679318,0.003496325080004385,95.6222765489947
1631,E,1551357236966636.0,1.4915161,9.676773,1.3764900136732983,163,1970-01-18 22:55:57.236966636,0.001373291,0.00039672852,0.00091552734,9.870729106236677,0.0016975016935337256,97.41817474365234,-8.72616195678711,5.079276084899902,95672630.0,50354.0,0.07608458935830001,-0.007199967398000033,0.07057300989270526,0.0038497051386905505,-0.0003724807126656534,0.0035502383351272903,95.67263055290096
1631,E,1551357287320640.0,1.4936066,9.672287,1.3886512136732982,163,1970-01-18 22:55:57.287320640,-0.0025939941,-0.003036499,-0.00091552734,9.865112128328233,0.00409723344198537,97.41519927978516,-8.725651741027832,5.0795674324035645,95722984.0,50354.0,0.0751564342179,-0.006317916379999999,0.06961796068090527,0.0038077952505779877,-0.00034033975987870683,0.003529588066131792,95.72298455704004
1631,E,1551357337674644.0,1.5308838,9.64502,1.3799079136732981,163,1970-01-18 22:55:57.337674644,-0.0005187988,-0.001663208,0.0035705566,9.845212465069919,0.0039729444345408356,97.41417694091797,-8.731313705444336,5.079615592956543,95773338.0,50354.0,0.07614759480080001,-0.007117361661000002,0.06970401314920525,0.00380938153860381,-0.00033825999523825703,0.003507709335120693,95.77333856094629
1631,E,1551357388028648.0,1.5317688,9.658051,1.3657936136732982,163,1970-01-18 22:55:57.388028648,-0.003112793,0.00047302246,0.0017089844,9.859913465129015,0.0035824374646261183,97.41481018066406,-8.736549377441406,5.079504013061523,95823692.0,50354.0,0.0771084045102,-0.007475781433000012,0.06912852735400525,0.0038585262946530473,-0.00036741156367763836,0.003495386872249331,95.82369256485254
1631,E,1551357438382652.0,1.5367279,9.658218,1.3331855136732982,163,1970-01-18 22:55:57.438382652,-0.001953125,0.00390625,-0.001876831,9.865076173662606,0.004753523002015031,97.42024993896484,-8.742115020751953,5.0788702964782715,95874046.0,50354.0,0.0772555414159,-0.007143495387000032,0.06795219748920527,0.00388642106658142,-0.0003680695324971411,0.0034512814093775115,95.87404656899162
1631,E,1551357488736656.0,1.4992371,9.62323,1.3381294136732982,163,1970-01-18 22:55:57.488736656,0.00090026855,0.005126953,0.0010223389,9.824383319672787,0.005304838108065251,97.42562866210938,-8.743093490600586,5.078303337097168,95924400.0,50354.0,0.076436490805,-0.008020183704000055,0.06725569592580527,0.0038695042952255993,-0.0003817759484741092,0.0034041291325097207,95.92440057289787
1631,E,1551357539090659.0,1.4897766,9.632233,1.4012702136732982,163,1970-01-18 22:55:57.539090659,-0.0027923584,0.00074768066,0.0008239746,9.823678721369037,0.003005865257265162,97.42131805419922,-8.742629051208496,5.0789690017700195,95974754.0,50354.0,0.0752543979249,-0.008674408049000064,0.06896986441770526,0.0038191215055526926,-0.000420319736565284,0.0034297509327685647,95.9747545758728
1631,E,1551357589444663.0,1.495575,9.652573,1.362497713673298,163,1970-01-18 22:55:57.589444663,-0.00033569336,0.00944519,-0.0010681152,9.849409685435468,0.00951131821823448,97.42245483398438,-8.742415428161621,5.079263210296631,96025108.0,50354.0,0.0751621972332,-0.007935639338000044,0.06958338510680527,0.003787038616295484,-0.00041819116306250176,0.003488355163278602,96.02510858001187
1631,E,1551357639798667.0,1.4808044,9.656662,1.3300575136732982,163,1970-01-18 22:55:57.639798667,0.0016937256,0.008132935,0.00064086914,9.855406348011726,0.008332109659439481,97.42830657958984,-8.73997974395752,5.07877779006958,96075462.0,50354.0,0.0749363041538,-0.00732059040500001,0.06779046295890526,0.003779029969420499,-0.00038410609623951234,0.003458661372750394,96.07546258391812
1631,E,1551357690152671.0,1.4869232,9.656204,1.3617195136732982,163,1970-01-18 22:55:57.690152671,-0.0015716553,-0.00036621094,-0.0028381348,9.851758617739064,0.003264846087882982,97.42932891845703,-8.738359451293945,5.078612327575684,96125816.0,50354.0,0.07471847778520001,-0.0072291727180000005,0.06777087021750526,0.0037678584448782035,-0.00036631938614777124,0.0034130276853824876,96.1258165880572
1631,E,1551357740506675.0,1.5277863,9.635727,1.3817848136732982,163,1970-01-18 22:55:57.740506675,-0.00018310547,0.0014953613,-0.0012664795,9.835388961038495,0.0019681471882463113,97.4278335571289,-8.743253707885742,5.078919887542725,96176170.0,50354.0,0.0759013410815,-0.007756253213000038,0.06907320844960527,0.0037921551796069063,-0.000377288068664788,0.0034453233686018415,96.17617059196346
1631,E,1551357790860679.0,1.5042725,9.625687,1.4191535136732982,163,1970-01-18 22:55:57.790860679,-0.0025787354,-0.0012054443,0.0018310547,9.817252161411425,0.0033846319649273155,97.42098999023438,-8.74510669708252,5.079868316650391,96226524.0,50354.0,0.07633814440759999,-0.008524579722000075,0.07051922426760526,0.0038329335261590705,-0.00040990253080449787,0.0035145186785212096,96.2265245958697
1631,E,1551357841214683.0,1.4957886,9.656998,1.367090613673298,163,1970-01-18 22:55:57.841214683,0.00030517578,0.0018920898,0.001739502,9.853189824354423,0.002588243279903697,97.4214859008789,-8.744872093200684,5.0798797607421875,96276878.0,50354.0,0.0755325383147,-0.007989039755000062,0.07014926839420527,0.0038236481788993465,-0.0004157633975724325,0.003541610639746404,96.27687860000879
1631,E,1551357891568687.0,1.5097351,9.666794,1.3827003136732983,163,1970-01-18 22:55:57.891568687,-0.003326416,-0.00061035156,0.0015716553,9.862932383945637,0.003729299238981571,97.41932678222656,-8.746447563171387,5.080142021179199,96327232.0,50354.0,0.07567007019490002,-0.006954088816000056,0.06923148617780527,0.0038068280744462,-0.00037622314803207,0.0035091892578595096,96.32723260391504
1631,E,1551357941922691.0,1.49469,9.650742,1.3376411136732982,163,1970-01-18 22:55:57.941922691,-0.0027618408,-0.004699707,0.001953125,9.850706550754557,0.005790484241928186,97.42416381835938,-8.746039390563965,5.079143047332764,96377586.0,50354.0,0.0756424107427,-0.007111596128000068,0.06849003611630528,0.003809594332565956,-0.00035413174983509114,0.0034674147667988217,96.37758660805412
1631,E,1551357992276695.0,1.5167389,9.6519165,1.3872017136732981,163,1970-01-18 22:55:57.992276695,0.00047302246,0.0064086914,-0.0019378662,9.848859088141603,0.006711959558668456,97.42169189453125,-8.748807907104492,5.079847812652588,96427940.0,50354.0,0.07581874541530001,-0.0074861669455000435,0.06860336786410526,0.0038133375285899665,-0.00036752788090151236,0.0034516006320147964,96.42794061196037
1631,E,1551358042630698.0,1.4860382,9.643372,1.3537544136732982,163,1970-01-18 22:55:58.042630698,-0.0007019043,0.0032043457,-0.003479004,9.840076376885584,0.004781628367353843,97.4242935180664,-8.747085571289062,5.079626560211182,96478294.0,50354.0,0.07560091904670001,-0.00767172143550004,0.06900905241820525,0.003812292892159774,-0.0003816301557684391,0.0034646679054477322,96.4782946149353
1631,E,1551358092984702.0,1.4949341,9.652023,1.3702644136732982,163,1970-01-18 22:55:58.092984702,-0.0010070801,0.0026245117,-0.00016784668,9.847778273356091,0.0028161044901139454,97.42425537109375,-8.746705055236816,5.0797553062438965,96528648.0,50354.0,0.0750519395971,-0.007669040085000057,0.06858262201610527,0.0037929870220749532,-0.00038623435280163096,0.0034641455872326363,96.52864861907437
1631,E,1551358143338706.0,1.501236,9.620422,1.3938087136732982,163,1970-01-18 22:55:58.143338706,-0.002746582,-0.0027008057,0.003112793,9.814780212842516,0.00495252908852896,97.42132568359375,-8.748132705688477,5.0800275802612305,96579002.0,50354.0,0.0754345746077,-0.008246852235000051,0.06959106912720525,0.0037887989681342506,-0.00040071442094064273,0.0034787990219151293,96.57900262298062
1631,E,1551358193692710.0,1.4994812,9.6189575,1.3848060136732983,163,1970-01-18 22:55:58.193692710,-0.00088500977,0.0013885498,0.0015716553,9.814212926201316,0.0022762717812452853,97.41987609863281,-8.749227523803711,5.0802998542785645,96629356.0,50354.0,0.0755490569444,-0.009079342328500035,0.06995718299040526,0.003801314891587222,-0.0004362216005252417,0.00351340634356508,96.62935662688687
1631,E,1551358244046714.0,1.5106201,9.622437,1.3599800136732982,163,1970-01-18 22:55:58.244046714,-0.002456665,0.00340271,0.00036621094,9.822505155518458,0.004212807700204305,97.42194366455078,-8.75170612335205,5.080133438110352,96679710.0,50354.0,0.0757853204301,-0.009028610673500031,0.06910547781050526,0.0038101456191577867,-0.0004559039327313557,0.0035011806109845243,96.67971063102596
1631,E,1551358294400718.0,1.5135498,9.636124,1.386560813673298,163,1970-01-18 22:55:58.294400718,0.0007324219,0.0005340576,0.00036621094,9.832972397310005,0.0009776348051767866,97.41996002197266,-8.75429630279541,5.080460548400879,96730064.0,50354.0,0.0761395255723,-0.008596409703000029,0.06914965841010526,0.003825011847802425,-0.000443745138019142,0.0034808495646263117,96.7300646349322
1631,E,1551358344754722.0,1.5249023,9.663162,1.3891243136732982,163,1970-01-18 22:55:58.344754722,-0.00030517578,0.0006866455,-0.00010681152,9.860897274564705,0.0007589617909839525,97.41710662841797,-8.757838249206543,5.080926418304443,96780418.0,50354.0,0.0764991085217,-0.007571076378000027,0.06988342445120527,0.003842982890584638,-0.00040704879706133845,0.0035004359271992155,96.78041863907129
1631,E,1551358395108726.0,1.5127869,9.663071,1.3815254136732982,163,1970-01-18 22:55:58.395108726,-0.004348755,0.0030822754,0.00074768066,9.859899709064566,0.005382482518393181,97.41522979736328,-8.759591102600098,5.081327438354492,96830772.0,50354.0,0.0764799009884,-0.006892631759000031,0.06975664818540527,0.0038515525224357885,-0.0003641527797652505,0.003515718108771944,96.83077264297754
1631,E,1551358445462730.0,1.4942322,9.653259,1.375772813673298,163,1970-01-18 22:55:58.445462730,-0.0014953613,-0.0013885498,0.0015258789,9.84818116461292,0.002548035004092946,97.41458892822266,-8.758842468261719,5.081335067749023,96881126.0,50354.0,0.0757077198807,-0.007141959590000019,0.06942049746990525,0.003831627730621331,-0.0003533489063937743,0.0035040629961637535,96.88112664688379
1631,E,1551358495816734.0,1.5166779,9.646057,1.3874763136732982,163,1970-01-18 22:55:58.495816734,-0.0019683838,-0.000579834,0.00036621094,9.84307281045976,0.0020844310264995876,97.41236877441406,-8.761482238769531,5.081628799438477,96931480.0,50354.0,0.0758056835877,-0.007570321068000011,0.06957032327920526,0.003814652959123907,-0.0003704110901264668,0.0034993718940003553,96.93148065102287
1631,E,1551358546170738.0,1.5160675,9.620697,1.4141639136732982,163,1970-01-18 22:55:58.546170738,-0.0040130615,-0.0022735596,0.0013885498,9.814790650093219,0.004816825345039454,97.40668487548828,-8.764647483825684,5.0823445320129395,96981834.0,50354.0,0.0763554309358,-0.008390134542000022,0.07053689600390527,0.00383096038035816,-0.0004018363908929708,0.003527479459890874,96.98183465492912
1631,E,1551358596524741.0,1.5156097,9.638626,1.415232013673298,163,1970-01-18 22:55:58.596524741,-0.00065612793,0.0018615723,0.00044250488,9.832163330475293,0.0020228113746657618,97.40077209472656,-8.767252922058105,5.083326816558838,97032188.0,50354.0,0.0763285368644,-0.008577224829000031,0.07123570126280526,0.0038441242573056355,-0.00042718720688366833,0.0035694086813839714,97.03218865790404
1631,E,1551358646878745.0,1.5205383,9.670807,1.3962196136732983,163,1970-01-18 22:55:58.646878745,-0.0033416748,0.0019836426,-0.0023040771,9.866827265980929,0.004517787037503451,97.39706420898438,-8.769594192504883,5.08397912979126,97082542.0,50354.0,0.076441098196,-0.007315605359000029,0.07078391762170526,0.003846281101915691,-0.00040013378564327754,0.003575627944655322,97.08254266204312
1631,E,1551358697232749.0,1.5341339,9.655228,1.3748268136732982,163,1970-01-18 22:55:58.697232749,-0.0021362305,-0.0011749268,-0.0017242432,9.856363329032206,0.0029861259764508816,97.3969497680664,-8.77412223815918,5.083934307098389,97132896.0,50354.0,0.07690748197939999,-0.006897616805000057,0.06976663590130526,0.0038608572030760457,-0.00035784629442303016,0.003538641286048836,97.13289666594937
1631,E,1551358747586753.0,1.5366516,9.643021,1.3836006136732981,163,1970-01-18 22:55:58.747586753,-0.0030212402,0.002105713,-0.0001373291,9.843685246848821,0.0036852108306271777,97.39571380615234,-8.779298782348633,5.084203243255615,97183250.0,50354.0,0.0773131665335,-0.0075971849270000755,0.06944892733830527,0.0038828132676092834,-0.00036493562320656734,0.003505030235683675,97.18325066985562
1631,E,1551358797940757.0,1.5315857,9.591873,1.3838600136732981,163,1970-01-18 22:55:58.797940757,-0.004211426,0.0024108887,0.0009460449,9.792758746898402,0.004944036228637458,97.3953857421875,-8.784829139709473,5.084334373474121,97233604.0,50354.0,0.0772490105021,-0.009192273762000066,0.06967635621470526,0.0038914119312253013,-0.0004227082014129566,0.003502757264014146,97.2336046739947
1631,E,1551358848294761.0,1.5056,9.608688,1.3936866136732982,163,1970-01-18 22:55:58.848294761,0.0011138916,0.007171631,-0.0008392334,9.803963460318098,0.007305981001644278,97.39352416992188,-8.786060333251953,5.0849833488464355,97283958.0,50354.0,0.07646722436890001,-0.010056675703000026,0.06993029143670525,0.0038701136453471673,-0.0004846308006803073,0.0035148765679195626,97.28395867790096
1631,E,1551358898648765.0,1.5219269,9.642624,1.437281013673298,163,1970-01-18 22:55:58.898648765,-0.00036621094,0.0035858154,-0.0011291504,9.834363646682325,0.0037771898497789337,97.38465881347656,-8.788947105407715,5.086517810821533,97334312.0,50354.0,0.0762240447613,-0.008778917776000025,0.07127527195370525,0.003844308082891046,-0.00047422373702078437,0.003555132469480366,97.33431268204004
1631,E,1551358949002769.0,1.5405579,9.662476,1.4192298136732981,163,1970-01-18 22:55:58.949002769,0.00016784668,0.0025024414,0.00036621094,9.858921372348682,0.002534658935832722,97.37832641601562,-8.794005393981934,5.087606906890869,97384666.0,50354.0,0.07710417980960001,-0.007424697300000049,0.07191837310010525,0.0038603447100215497,-0.00040795841676845394,0.003605186401519787,97.38466668594629
1631,E,1551358999356773.0,1.5135345,9.655472,1.4044746136732982,163,1970-01-18 22:55:58.999356773,-0.001739502,0.004837036,-0.00021362305,9.849689852320076,0.005144746765467792,97.37432098388672,-8.795159339904785,5.088444232940674,97435020.0,50354.0,0.0768928843548,-0.00710122320400005,0.07109240636730527,0.003877184084467099,-0.0003657191005292105,0.0036005823946509952,97.43502068985254
1631,E,1551359049710777.0,1.5090942,9.648056,1.3702644136732982,163,1970-01-18 22:55:59.049710777,-0.0036010742,0.0025939941,0.00050354004,9.846050520331598,0.004466552737472564,97.37547302246094,-8.795732498168945,5.088364601135254,97485374.0,50354.0,0.07610072277990002,-0.007464275544000035,0.06985960449150526,0.003851920046830342,-0.00036671556197839816,0.003548748777392273,97.48537469399162
1631,E,1551359100064781.0,1.496109,9.671738,1.3940376136732981,163,1970-01-18 22:55:59.100064781,-0.0005340576,0.002456665,0.0014343262,9.864277706789798,0.0028944277656126087,97.37284851074219,-8.794017791748047,5.088874340057373,97535728.0,50354.0,0.07566200096640001,-0.007054746462000039,0.06959683214250525,0.0038209300957605954,-0.0003655454170450639,0.003511094705134483,97.53572869789787
1631,E,1551359150418784.0,1.5128174,9.659912,1.436914813673298,163,1970-01-18 22:55:59.150418784,-0.0008392334,0.002609253,-0.0010528564,9.849956239780662,0.00293615744072172,97.36421203613281,-8.795005798339844,5.090322017669678,97586082.0,50354.0,0.07575573997280001,-0.006756247950000042,0.07127488926330526,0.003812244463626239,-0.000347719406310926,0.0035467273298340914,97.5860827008728
1631,E,1551359200772788.0,1.5322113,9.671265,1.4134315136732982,163,1970-01-18 22:55:59.200772788,-0.0023651123,0.0017852783,0.00036621094,9.866947910852552,0.0029858140016815957,97.35895538330078,-8.798497200012207,5.091192245483398,97636436.0,50354.0,0.07666468757990001,-0.006768156671000029,0.07176316948360525,0.0038374891044943285,-0.0003405039351429188,0.003601269205070966,97.63643670501187
1631,E,1551359251126792.0,1.5529175,9.6658325,1.4096778136732981,163,1970-01-18 22:55:59.251126792,-0.00021362305,0.0028686523,0.0012207031,9.865324490770556,0.0031248866994078683,97.35459899902344,-8.805034637451172,5.091994762420654,97686790.0,50354.0,0.0776742877976,-0.006619096242500024,0.07107742353460526,0.003885792383079318,-0.0003370508666031908,0.0035962976104194863,97.68679070891812
1631,E,1551359301480796.0,1.5552673,9.659088,1.4109138136732982,163,1970-01-18 22:55:59.301480796,0.0027770996,0.002166748,0.0023345947,9.858934190653638,0.0042258030594305085,97.35041046142578,-8.811948776245117,5.09274435043335,97737144.0,50354.0,0.0782547687096,-0.006925676571500009,0.07101403540170526,0.003925825855681775,-0.0003410167451380789,0.0035774366616394904,97.7371447130572
1631,E,1551359351834800.0,1.5405273,9.660736,1.4584449136732982,163,1970-01-18 22:55:59.351834800,0.0009613037,0.0042419434,0.0002593994,9.852478535067545,0.00435723268384391,97.33926391601562,-8.816587448120117,5.094666004180908,97787498.0,50354.0,0.0779428206442,-0.007053991152000022,0.07224184467840526,0.0039325867071606235,-0.0003519660942745603,0.003606753292776943,97.78749871696346
1631,E,1551359402188804.0,1.549469,9.617065,1.4801277136732982,163,1970-01-18 22:55:59.402188804,0.0006713867,0.004928589,0.00024414063,9.808507836328724,0.00498009581023043,97.32598114013672,-8.823454856872559,5.096948146820068,97837852.0,50354.0,0.07779683684510001,-0.00811200422300003,0.07398444303870527,0.003921057356608107,-0.00038183426555637637,0.0036815392458536926,97.8378527208697
1631,E,1551359452542808.0,1.5277252,9.635376,1.4213203136732981,163,1970-01-18 22:55:59.452542808,0.003479004,0.0054626465,-0.0005645752,9.830103469157923,0.006500978447313396,97.32146453857422,-8.826397895812988,5.097942352294922,97888206.0,50354.0,0.07747451837340001,-0.00875049294300001,0.07304975698450526,0.003909266910336175,-0.00042454709114838306,0.0037018800539843724,97.88820672500879
1631,E,1551359502896812.0,1.5068512,9.652374,1.3801826136732982,163,1970-01-18 22:55:59.502896812,0.0019989014,0.0015869141,-0.0017700195,9.848676617719695,0.003105941435069409,97.32267761230469,-8.825678825378418,5.0978569984436035,97938560.0,50354.0,0.0764015300228,-0.007861518250000015,0.07053343920180526,0.003874137270471128,-0.00041824060580616164,0.00361499413038274,97.93856072891504
1631,E,1551359553250816.0,1.4929962,9.662125,1.3838905136732982,163,1970-01-18 22:55:59.553250816,0.0004119873,-0.0012054443,0.0009460449,9.85565638282939,0.001586767295030935,97.32308959960938,-8.822901725769043,5.097731113433838,97988914.0,50354.0,0.0755271579898,-0.007188058677000045,0.06959106912720525,0.0038251085780932306,-0.00037890319829108054,0.003527914746199498,97.98891473305412
1631,E,1551359603604820.0,1.4936829,9.657059,1.4426521136732982,163,1970-01-18 22:55:59.603604820,-0.0002746582,-0.00944519,0.0011444092,9.843544194538467,0.009518231121378166,97.31504821777344,-8.820528030395508,5.098494052886963,98039268.0,50354.0,0.0751956197007,-0.007070104432000038,0.07116386372870526,0.0037947473739137192,-0.00035897777259529516,0.003543786944513259,98.03926873696037
1631,E,1551359653958823.0,1.515274,9.660446,1.4267067136732983,163,1970-01-18 22:55:59.653958823,-0.001373291,-0.007659912,0.0025024414,9.852097197831586,0.008174496496962915,97.30940246582031,-8.821274757385254,5.0989580154418945,98089622.0,50354.0,0.0757565078713,-0.0071123766150000215,0.07224184719610527,0.0038005217158802443,-0.00035707232532032054,0.003610525583953955,98.0896227399353
1631,E,1551359704312827.0,1.4967804,9.632309,1.4066108136732982,163,1970-01-18 22:55:59.704312827,-0.0017242432,-0.013076782,0.0006866455,9.824152308841692,0.013207828138302697,97.307373046875,-8.819782257080078,5.098609447479248,98139976.0,50354.0,0.07583449362880001,-0.007735507365000045,0.07133443538600527,0.0038166066447680182,-0.0003738251749644617,0.003614820066569797,98.13997674407437
1631,E,1551359754666831.0,1.5076447,9.654465,1.4305519136732983,163,1970-01-18 22:55:59.754666831,0.0011444092,-0.008621216,0.00074768066,9.844592876601567,0.008728921130646024,97.30159759521484,-8.819501876831055,5.099077224731445,98190330.0,50354.0,0.07564241074269999,-0.00788609100200005,0.07143124598640527,0.003813734021361256,-0.0003933049820859614,0.00359441155991318,98.19033074798062
1631,E,1551359805020835.0,1.5354156,9.639481,1.4222053136732982,163,1970-01-18 22:55:59.805020835,-0.0017852783,-0.0029754639,-0.0007171631,9.835216261747929,0.0035432932337947577,97.2972640991211,-8.823497772216797,5.099586486816406,98240684.0,50354.0,0.07661512917310001,-0.007705521558000035,0.07182386871290526,0.0038333880824600965,-0.00039255002942312217,0.003606734022784541,98.24068475188687
1631,E,1551359855374839.0,1.5122681,9.645981,1.3576454136732983,163,1970-01-18 22:55:59.855374839,0.0019683838,0.002090454,-0.0010375977,9.846124711296598,0.003053054486455119,97.30249786376953,-8.823747634887695,5.098906517028809,98291038.0,50354.0,0.07673153251490002,-0.007919123226000017,0.06998830176240527,0.0038608089013187773,-0.0003933816817267693,0.0035704050160568932,98.29103875602596
1631,E,1551359905728843.0,1.5078125,9.651611,1.381357513673298,163,1970-01-18 22:55:59.905728843,0.002456665,0.0048675537,0.0015258789,9.847927142474386,0.00566185379200787,97.3040542602539,-8.823441505432129,5.098917484283447,98341392.0,50354.0,0.0760365692662,-0.007613726215999995,0.06895987670180526,0.003846242498542755,-0.00039107055040123434,0.0034982982891934287,98.3413927599322
1631,E,1551359956082847.0,1.495575,9.6311035,1.3534797136732981,163,1970-01-18 22:55:59.956082847,-0.0015106201,0.0037078857,0.0025024414,9.829535568680408,0.004721504253013277,97.3098373413086,-8.821794509887695,5.098184585571289,98391746.0,50354.0,0.07561628708750001,-0.007988297033500014,0.06885499687290526,0.0038181639644171055,-0.00039281213935266177,0.0034697650719904866,98.39174676407129
1631,E,1551360006436851.0,1.5102692,9.650131,1.3370307136732982,163,1970-01-18 22:56:00.006436851,-0.0005340576,0.006072998,0.0025024414,9.852564003498715,0.006590048193189159,97.31755828857422,-8.821853637695312,5.097281455993652,98442100.0,50354.0,0.07567813942340001,-0.008025558993500034,0.06773898102930526,0.0038091397762649304,-0.00040318085319178025,0.003439026581643954,98.44210076797754
1631,E,1551360056790855.0,1.5158844,9.642212,1.3981422136732982,163,1970-01-18 22:56:00.056790855,-0.00038146973,0.0073394775,0.0025024414,9.837843252401901,0.007763740212574509,97.31626892089844,-8.82307243347168,5.097815036773682,98492454.0,50354.0,0.0761894691872,-0.007745880289000019,0.06886344879180525,0.0038235707819890765,-0.00039707752681550384,0.0034392393756060994,98.49245477188379
1631,E,1551360107144859.0,1.5075531,9.654495,1.420053813673298,163,1970-01-18 22:56:00.107144859,-0.001449585,0.0049591064,0.0017242432,9.845890914976593,0.005446746512505625,97.31159210205078,-8.822803497314453,5.098758220672607,98542808.0,50354.0,0.0761210859375,-0.0076360078610000015,0.07095372138050526,0.0038347228463745716,-0.00038726979795255053,0.0035201768934282622,98.54280877602287
1631,E,1551360157498863.0,1.5514679,9.632751,1.432550813673298,163,1970-01-18 22:56:00.157498863,-0.002532959,0.0017242432,0.00064086914,9.829877034037295,0.003130432743732339,97.30553436279297,-8.829301834106445,5.099743843078613,98593162.0,50354.0,0.077016971717,-0.007874207458,0.07182002670270526,0.003855556877567347,-0.000390500691086463,0.0035946146554909917,98.59316277992912
1631,E,1551360207852866.0,1.5236206,9.641281,1.4457496136732981,163,1970-01-18 22:56:00.207852866,-0.004425049,0.005783081,0.0028076172,9.832287091747686,0.007804344869795148,97.29743957519531,-8.831611633300781,5.1012187004089355,98643516.0,50354.0,0.07742150316450001,-0.008206896336000035,0.07246696985930526,0.0038882974820915266,-0.0004048739502215389,0.003632713712441739,98.64351678290404
1631,E,1551360258206870.0,1.5189362,9.656128,1.392160713673298,163,1970-01-18 22:56:00.258206870,-0.0032958984,0.0016174316,0.0043945313,9.852701557876573,0.005726337100667477,97.29720306396484,-8.832757949829102,5.101283073425293,98693870.0,50354.0,0.0766024525536,-0.007618333607000035,0.07145006831160525,0.003877861133114604,-0.0003984318142749128,0.003623399270029014,98.69387078704312
1631,E,1551360308560874.0,1.5217438,9.638824,1.4223732136732983,163,1970-01-18 22:56:00.308560874,-0.003616333,0.0014953613,0.0013580322,9.832426519314787,0.004142248331602479,97.29283905029297,-8.834602355957031,5.101989269256592,98744224.0,50354.0,0.07655520036,-0.0076801934960000285,0.07086152068880526,0.0038560502274057077,-0.0003851710168722326,0.003582978876263336,98.74422479094937
1631,E,1551360358914878.0,1.5454254,9.64003,1.4166816136732983,163,1970-01-18 22:56:00.358914878,-0.0038604736,0.0011749268,0.0036468506,9.838000579699596,0.005439046672016665,97.2894058227539,-8.839872360229492,5.102523326873779,98794578.0,50354.0,0.07722211894840002,-0.00808549284200006,0.07147888338810526,0.0038716515682275876,-0.00039693268493182823,0.0035837043534443763,98.79457879485562
1631,E,1551360409268882.0,1.4976959,9.645935,1.421533913673298,163,1970-01-18 22:56:00.409268882,-0.0030517578,0.0066833496,0.0021820068,9.835810021190012,0.007664303048609654,97.28521728515625,-8.837989807128906,5.103456020355225,98844932.0,50354.0,0.0766166649701,-0.007906459195000057,0.07145775233200527,0.0038731990627160757,-0.00040262937643555194,0.003598715677525223,98.8449327989947
1631,E,1551360459622886.0,1.5238953,9.672974,1.4377998136732981,163,1970-01-18 22:56:00.459622886,-0.0011291504,-0.0024108887,0.00061035156,9.864364993217622,0.0027312806476820144,97.27845001220703,-8.839229583740234,5.104366779327393,98895286.0,50354.0,0.0760746016424,-0.007077028107000044,0.07198944525340525,0.0038443080195029126,-0.0003772392598024566,0.003611570093607881,98.89528680290096
1631,E,1551360509976890.0,1.5285339,9.661652,1.463938113673298,163,1970-01-18 22:56:00.509976890,0.0010223389,-0.0021209717,0.0020599365,9.850857986473695,0.003128423910323911,97.2683334350586,-8.841506004333496,5.105812072753906,98945640.0,50354.0,0.0768510099684,-0.0066813211980000335,0.07305705579680526,0.0038502081235251115,-0.00034639396045198695,0.00365183575694115,98.94564080704004
1631,E,1551360560330894.0,1.5681305,9.647079,1.4719490136732982,163,1970-01-18 22:56:00.560330894,-0.0019226074,-0.0020599365,-0.00088500977,9.841851714934307,0.002953472514103096,97.2574234008789,-8.84962272644043,5.107380390167236,98995994.0,50354.0,0.0779647195988,-0.0073332796130000395,0.07391683020520526,0.0038977956233133943,-0.00035284560461854887,0.0037003615278726185,98.99599481094629
1631,E,1551360610684898.0,1.5291443,9.640823,1.434183513673298,163,1970-01-18 22:56:00.610684898,-0.00022888184,0.007156372,0.001663208,9.834093089103414,0.007350667177224785,97.2524185180664,-8.852147102355957,5.108487129211426,99046348.0,50354.0,0.0779800876396,-0.007857691346000062,0.07316769864100525,0.003926222411841197,-0.0003824630758347456,0.0037031471827610424,99.04634881485254
1631,E,1551360661038902.0,1.5209045,9.628082,1.4562934136732981,163,1970-01-18 22:56:00.661038902,0.0012817383,0.013885498,0.0016326904,9.817659617855893,0.014039785814603549,97.24456024169922,-8.853811264038086,5.110377311706543,99096702.0,50354.0,0.0767910786376,-0.008335978815000077,0.07277353759980526,0.0038966736533610647,-0.0004077080336435005,0.0036743625048348866,99.09670281899162
1631,E,1551360711392906.0,1.5356903,9.673447,1.4349922136732982,163,1970-01-18 22:56:00.711392906,-0.002105713,0.0031738281,-0.00035095215,9.86699688431061,0.0038249679029121577,97.2391128540039,-8.856317520141602,5.11135721206665,99147056.0,50354.0,0.07695588727960001,-0.007514604367000071,0.07279389823970527,0.0038708873608973445,-0.0003990701327732178,0.003664951332131357,99.14705682289787
1631,E,1551360761746909.0,1.5123291,9.636612,1.397501313673298,163,1970-01-18 22:56:00.761746909,0.0025939941,0.01171875,-0.0007019043,9.831887372977812,0.012022918805335637,97.2401123046875,-8.856155395507812,5.111801624298096,99197410.0,50354.0,0.07673998443380001,-0.007299844557000062,0.07131368953800525,0.0038696009621282724,-0.0003729833805595514,0.003628196737479418,99.1974108258728
1631,E,1551360812100913.0,1.5358734,9.656403,1.4300636136732983,163,1970-01-18 22:56:00.812100913,0.0017852783,0.004638672,0.0011291504,9.850914565321363,0.005097006686071252,97.2359848022461,-8.85908031463623,5.112671375274658,99247764.0,50354.0,0.07674459434250001,-0.007728961345000069,0.07118960217580526,0.0038642812398509054,-0.0003783802461946573,0.0035878053754786077,99.24776483001187
1631,E,1551360862454917.0,1.49646,9.657272,1.3964332136732982,163,1970-01-18 22:56:00.862454917,0.002380371,-0.0005493164,-0.00036621094,9.849847933234008,0.0024702277339398574,97.2369155883789,-8.856046676635742,5.112520694732666,99298118.0,50354.0,0.0763450580118,-0.007208804525000038,0.07116271062210526,0.0038543381773242114,-0.0003760881313089927,0.0035840041793129933,99.29811883391812
1631,E,1551360912808921.0,1.5978699,9.5997925,1.4296516136732982,163,1970-01-18 22:56:00.912808921,-0.0020141602,-0.004852295,-0.0025177002,9.805390530474178,0.005825840915727882,97.23384857177734,-8.868956565856934,5.112756729125977,99348472.0,50354.0,0.0779059438923,-0.00863408708350003,0.07115233769810526,0.003883577474939526,-0.00039887648202720623,0.0035830659715579407,99.3484728380572
1631,E,1551360963162925.0,1.5596619,9.596039,1.3507942136732982,163,1970-01-18 22:56:00.963162925,-0.0027923584,-0.008239746,-0.0009918213,9.805520570910186,0.008756391326893759,97.24247741699219,-8.875944137573242,5.111005783081055,99398826.0,50354.0,0.07949717812860001,-0.010175750324500066,0.07000328459510526,0.0039629384031202,-0.00047357527642121844,0.0035538751024761614,99.39882684196346
1631,E,1551361013516929.0,1.5379181,9.646591,1.4585670136732982,163,1970-01-18 22:56:01.013516929,0.003692627,0.007980347,-0.0016174316,9.838186480673535,0.008940778343199016,97.23438262939453,-8.87885570526123,5.112686634063721,99449180.0,50354.0,0.07798777166,-0.008997504490000034,0.07073128762090526,0.003964998580827582,-0.00048272503646466905,0.003543274324682497,99.4491808458697
1631,E,1551361063870933.0,1.5464325,9.602081,1.3834175136732982,163,1970-01-18 22:56:01.063870933,0.0,-0.0034942627,0.0010375977,9.805144358971962,0.003645062523970828,97.23820495605469,-8.883773803710938,5.111917972564697,99499534.0,50354.0,0.07765469505620001,-0.008845385056000014,0.07155264444500527,0.003918610384513768,-0.00044923043009964324,0.0035822825576234296,99.49953485000879
1631,E,1551361114224937.0,1.5374146,9.6241,1.4436592136732982,163,1970-01-18 22:56:01.114224937,0.0012207031,0.014328003,0.0014343262,9.817843080503652,0.01445126560804849,97.23262023925781,-8.887073516845703,5.113483428955078,99549888.0,50354.0,0.0776420184367,-0.009411640963000026,0.07117731076440525,0.003909905355610744,-0.00045965714408036405,0.0035935120823073286,99.54988885391504
1631,E,1551361164578941.0,1.5529938,9.6046295,1.4342750136732982,163,1970-01-18 22:56:01.164578941,-0.0032958984,0.00074768066,0.00048828125,9.802352552272561,0.0034147314991902597,97.2287826538086,-8.892821311950684,5.1140851974487305,99600242.0,50354.0,0.07780721228680001,-0.009347477378500035,0.07245775004190526,0.003913745281925561,-0.0004722983224839471,0.0036162999259204795,99.60024285805412
1631,E,1551361214932945.0,1.4831085,9.719543,1.4297889136732982,163,1970-01-18 22:56:01.214932945,0.0049438477,0.011505127,-0.00061035156,9.904810803255572,0.012537228816358052,97.22394561767578,-8.885835647583008,5.115438938140869,99650596.0,50354.0,0.0764399476071,-0.006944508967500048,0.07210853749880526,0.0038834807446487215,-0.00041018334023324414,0.003639745421412469,99.65059686196037
1631,E,1551361265286948.0,1.5513611,9.633469,1.418573713673298,163,1970-01-18 22:56:01.265286948,-0.008087158,-0.014007568,-0.0016784668,9.832273520842175,0.016261344857984233,97.22196960449219,-8.890473365783691,5.115005970001221,99700950.0,50354.0,0.0763988411192,-0.006218416876000045,0.07171322586870525,0.003848022183762056,-0.00033140298396180186,0.003621000536303812,99.7009508649353
1631,E,1551361315640952.0,1.5617981,9.579819,1.4373115136732981,163,1970-01-18 22:56:01.315640952,0.000579834,0.005355835,-0.002746582,9.779075721900176,0.006046890828971944,97.21856689453125,-8.897859573364258,5.115816593170166,99751304.0,50354.0,0.0783800091784,-0.009736248024000027,0.07190262236890527,0.003896867113942676,-0.00040169059818730184,0.0036158162110783206,99.75130486907437
1631,E,1551361365994956.0,1.5578156,9.64592,1.5401710136732982,163,1970-01-18 22:56:01.365994956,-0.0024719238,0.017196655,0.0060424805,9.831293593691761,0.018394208899947608,97.1987533569336,-8.90377140045166,5.119668960571289,99801658.0,50354.0,0.07854251412490001,-0.009422769197000016,0.07496407759100526,0.003950838369207185,-0.00048236657657311816,0.0036976629048906676,99.80165887298062
1631,E,1551361416348960.0,1.5397186,9.642929,1.4135078136732981,163,1970-01-18 22:56:01.416348960,-0.0027923584,0.009063721,0.0037994385,9.840337931609248,0.010216850626057612,97.19805908203125,-8.906475067138672,5.120174407958984,99852012.0,50354.0,0.07798661855340001,-0.007833848727000017,0.07436477183610526,0.003940933973441561,-0.0004344698694725488,0.003759652442026362,99.85201287688687
1631,E,1551361466702964.0,1.5138245,9.657898,1.3363899136732982,163,1970-01-18 22:56:01.466702964,0.012237549,0.033462524,-0.0014343262,9.86080065800555,0.035658875607988305,97.20891571044922,-8.904728889465332,5.120235919952393,99902366.0,50354.0,0.0768790546287,-0.007532278621000038,0.06923417508140525,0.003899053053705732,-0.0003868729882405974,0.0036153906865421625,99.90236688102596
1631,E,1551361517056968.0,1.5347595,9.694992,1.451441113673298,163,1970-01-18 22:56:01.517056968,-0.007003784,0.00982666,0.0002593994,9.886004235764771,0.012069943045556444,97.20128631591797,-8.905464172363281,5.121844291687012,99952720.0,50354.0,0.076754199368,-0.006221488470000072,0.07018922177550525,0.003868024435874916,-0.0003462785940501098,0.0035102628626664362,99.9527208849322
1631,E,1551361567410972.0,1.57901,9.64949,1.3902534136732982,163,1970-01-18 22:56:01.567410972,-1.5258789e-05,0.018554688,0.00036621094,9.855881557113909,0.0185583078447514,97.20387268066406,-8.913439750671387,5.122350692749023,100003074.0,50354.0,0.0783953747015,-0.006433176686000054,0.07154534311500525,0.0039062008263478017,-0.0003186065046326152,0.003568451140248383,100.00307488907129
1631,E,1551361617764976.0,1.5262604,9.658478,1.4829658136732982,163,1970-01-18 22:56:01.617764976,-0.0026855469,0.014968872,-0.00065612793,9.845160848029483,0.015222016783757982,97.19258117675781,-8.913630485534668,5.12481689453125,100053428.0,50354.0,0.0781813928608,-0.007352489664000019,0.07233904048690526,0.003942133276916027,-0.00034708172169395184,0.0036225771259453016,100.05342889297754
1631,E,1551361668118980.0,1.556488,9.633499,1.391916613673298,163,1970-01-18 22:56:01.668118980,-0.006942749,0.006515503,0.007598877,9.836427919711882,0.012181809171101763,97.1951904296875,-8.918821334838867,5.124629974365234,100103782.0,50354.0,0.0776143564668,-0.00775509507100001,0.07238091487330525,0.003922469580820985,-0.00038036366087309577,0.0036436143161040204,100.10378289688379
1631,E,1551361718472984.0,1.5526886,9.632751,1.4816688136732983,163,1970-01-18 22:56:01.718472984,-0.01133728,0.0030670166,0.0035858154,9.824216514943723,0.012280007357732027,97.18441009521484,-8.923392295837402,5.126340866088867,100154136.0,50354.0,0.0782797392582,-0.008402823750000005,0.07234826030430527,0.0039249456480683256,-0.0004068079221563174,0.0036438464434467004,100.15413690102287
1631,E,1551361768826988.0,1.5455475,9.625504,1.413095813673298,163,1970-01-18 22:56:01.768826988,-0.0059661865,0.0051879883,0.0025024414,9.82422938115243,0.008292937773440309,97.18434143066406,-8.926748275756836,5.1265459060668945,100204490.0,50354.0,0.07800429028970002,-0.008604113865000033,0.07288148902270526,0.003934763011927479,-0.00042818366833285597,0.0036564493988061448,100.20449090492912
1631,E,1551361819180991.0,1.5477295,9.604889,1.4483589136732982,163,1970-01-18 22:56:01.819180991,0.0025482178,0.0030517578,0.0014190674,9.800068666401593,0.004221420603522047,97.1799087524414,-8.930840492248535,5.127392768859863,100254844.0,50354.0,0.07787943502900001,-0.009305595439000051,0.07204284567040527,0.003924684552348911,-0.00045091275114681015,0.003648759974568444,100.25484490790404
1631,E,1551361869534995.0,1.5312653,9.666016,1.424875613673298,163,1970-01-18 22:56:01.869534995,0.0036010742,0.0019836426,-0.0007019043,9.860252994460422,0.004170760482789547,97.177978515625,-8.930898666381836,5.127823829650879,100305198.0,50354.0,0.07751985207960001,-0.008285624815000016,0.07233942569500526,0.0039124878515332225,-0.00044289415233495974,0.0036351124461669413,100.30519891204312
1631,E,1551361919888999.0,1.5357666,9.637665,1.4505714136732981,163,1970-01-18 22:56:01.919888999,-0.0027160645,-0.002243042,-0.0017700195,9.830052717611022,0.0039422344948397605,97.17257690429688,-8.932231903076172,5.128544807434082,100355552.0,50354.0,0.07721866214630001,-0.0074604234630000115,0.07239512980750526,0.003895851572665485,-0.00039643825749520673,0.0036439819038867074,100.35555291594937
1631,E,1551361970243003.0,1.5103302,9.654419,1.4067176136732982,163,1970-01-18 22:56:01.970243003,0.0056915283,0.0018615723,-0.0028076172,9.847887234023462,0.006613747814935494,97.17378234863281,-8.929347038269043,5.128505706787109,100405906.0,50354.0,0.0766915791336,-0.007752401132000013,0.07193796584150526,0.0038749981447040423,-0.00038301328482831564,0.0036338743491551384,100.40590691985562
1631,E,1551362020597007.0,1.5388336,9.667831,1.4597724136732981,163,1970-01-18 22:56:02.020597007,0.0024871826,-0.0055389404,-0.0018157959,9.859013645340879,0.006337432665595093,97.16688537597656,-8.930484771728516,5.129336357116699,100456260.0,50354.0,0.0767687969926,-0.006992911750000027,0.07216961941850526,0.003863671889729338,-0.000371242742430115,0.003628196674091285,100.4562609239947
1631,E,1551362070951011.0,1.5554504,9.644257,1.4325202136732982,163,1970-01-18 22:56:02.070951011,0.00036621094,-0.007659912,-0.0038604736,9.841784910987508,0.00858554708312852,97.16447448730469,-8.934319496154785,5.129363059997559,100506614.0,50354.0,0.077904788268,-0.007248760424000055,0.07281925147870526,0.003894216856106126,-0.0003585625803248001,0.0036503848025790696,100.50661492790096
1631,E,1551362121305015.0,1.5648499,9.634354,1.4460090136732981,163,1970-01-18 22:56:02.121305015,-0.00048828125,-0.008331299,-0.0028686523,9.831941274649992,0.008824858504519938,97.16029357910156,-8.939722061157227,5.1296186447143555,100556968.0,50354.0,0.07855980065310002,-0.008091610853000043,0.07247273035690525,0.003939308955266535,-0.0003862245276410315,0.003658016226675166,100.55696893204004
1631,E,1551362171659019.0,1.5211487,9.665909,1.392145513673298,163,1970-01-18 22:56:02.171659019,0.003326416,-0.001083374,-0.004180908,9.862630510956594,0.0054514891849288295,97.16363525390625,-8.937823295593262,5.1290974617004395,100607322.0,50354.0,0.0776961867522,-0.007546478449000055,0.07145621653500525,0.003934056994903238,-0.00039372017435645654,0.0036236990958976307,100.60732293594629
1631,E,1551362222013023.0,1.5988159,9.581421,1.4851173136732982,163,1970-01-18 22:56:02.222013023,-0.0012359619,-0.01675415,-0.008590698,9.78092232134285,0.018868737005108625,97.15469360351562,-8.949049949645996,5.129709243774414,100657676.0,50354.0,0.0785513487342,-0.008879172590000041,0.07244084620410526,0.003933844200941093,-0.00041354861620890537,0.0036228963485825856,100.65767693985254
1631,E,1551362272341688.0,1.6044312,9.648804,1.4131416136732982,163,1970-01-18 22:56:02.272341688,0.0038757324,0.0018157959,-0.00077819824,9.856467187117392,0.00435017343189966,97.15544128417969,-8.959503173828125,5.129716873168945,100708005.0,50329.0,0.08060811164795,-0.009305202987500016,0.07293323677721342,0.004005168240786614,-0.0004576007192200002,0.003658266111183394,100.70800560503267
1631,E,1551362322695692.0,1.5431366,9.620438,1.4620002136732981,163,1970-01-18 22:56:02.322695692,-0.0041503906,0.00044250488,-0.001663208,9.812954796277001,0.004493085081840335,97.14912414550781,-8.961626052856445,5.130697727203369,100758359.0,50354.0,0.0792463145006,-0.008327494166000031,0.07238744578710526,0.004024654887142044,-0.00044393841623367074,0.0036587388249218517,100.75835960893892
1631,E,1551362373049695.0,1.5184021,9.659668,1.4088539136732983,163,1970-01-18 22:56:02.373049695,0.0030822754,0.005844116,-0.0010070801,9.85400913175325,0.006683436525524663,97.15037536621094,-8.959174156188965,5.130822658538818,100808713.0,50354.0,0.0770803598499,-0.008053971238000036,0.07227949436420526,0.003935836680122539,-0.00041243615447650973,0.003642279552189546,100.80871361191384
1631,E,1551362423403699.0,1.5118408,9.624481,1.433206913673298,163,1970-01-18 22:56:02.423403699,-0.0016174316,0.0015411377,-0.0035552979,9.815511534120057,0.0041989681528661615,97.1484603881836,-8.956536293029785,5.131206035614014,100859067.0,50354.0,0.07629242549330001,-0.007952180627000054,0.07155456545010527,0.003861466616585747,-0.00040298688550510726,0.0036213101239448964,100.85906761605293
1631,E,1551362473757703.0,1.5251465,9.640457,1.4111427136732981,163,1970-01-18 22:56:02.473757703,-0.00018310547,-0.0019226074,-0.0010528564,9.835937769780381,0.002199648477984526,97.1496353149414,-8.95556354522705,5.130934238433838,100909421.0,50354.0,0.0764622292521,-0.008435855974000062,0.07161219056770526,0.003845903942524936,-0.00041260159750337996,0.003604509416260416,100.90942161995918
1631,E,1551362524111707.0,1.502121,9.677383,1.4721931136732982,163,1970-01-18 22:56:02.524111707,0.0028381348,0.0013580322,-0.0037841797,9.86125871755824,0.00492130842369181,97.14131164550781,-8.950540542602539,5.132341384887695,100959775.0,50354.0,0.0762175138475,-0.007103942320000028,0.07259374612510526,0.0038440178920186295,-0.00039124550164804025,0.0036306728681148905,100.95977562386543
1631,E,1551362574465711.0,1.5561066,9.6306,1.4647163136732981,163,1970-01-18 22:56:02.574465711,-0.0036621094,0.0037384033,-0.0026245117,9.824641494804089,0.00585446548836494,97.13477325439453,-8.954506874084473,5.133528709411621,101010129.0,50354.0,0.0769969962852,-0.007352112009000033,0.07394256865230527,0.003857481721610988,-0.00036396007984123457,0.003689344797150865,101.0101296280045
1631,E,1551362624819715.0,1.5214539,9.637482,1.422541013673298,163,1970-01-18 22:56:02.624819715,-0.002105713,-0.008880615,-0.0005645752,9.831045498328878,0.009144293038450213,97.1346206665039,-8.953131675720215,5.133101463317871,101060483.0,50354.0,0.07748374070849999,-0.008356699486000044,0.07269247773060525,0.003889361515290385,-0.000395500747009617,0.0036918305627825386,101.06048363191076
1631,E,1551362675173719.0,1.5183563,9.663757,1.4677375136732982,163,1970-01-18 22:56:02.675173719,-0.005722046,-0.004180908,0.00015258789,9.85090049649742,0.007088376767268699,97.127197265625,-8.950953483581543,5.13400936126709,101110837.0,50354.0,0.0765333014054,-0.007521905697000018,0.07276854248300525,0.0038776870693016602,-0.00039977564269239263,0.0036622721059180723,101.11083763604984
1631,E,1551362725527723.0,1.5186462,9.591934,1.3959144136732982,163,1970-01-18 22:56:02.725527723,-0.009780884,-0.016815186,-0.0019226074,9.789278408996903,0.019547700408247173,97.13167572021484,-8.950093269348145,5.1324238777160645,101161191.0,50354.0,0.0764626119425,-0.008668667693000022,0.07209816457480527,0.0038519781103600785,-0.000407630066240031,0.0036473090835944955,101.16119163995609
1631,E,1551362775881727.0,1.567337,9.649017,1.4541114136732982,163,1970-01-18 22:56:02.775881727,0.0036621094,0.0025482178,-0.0024871826,9.845736138221728,0.005107889632671008,97.1269760131836,-8.955231666564941,5.133321762084961,101211545.0,50354.0,0.07769579902640002,-0.009039776673000016,0.07175510025510526,0.003881246312963996,-0.000445845503802783,0.003621793648622657,101.21154564386234
1631,E,1551362826235731.0,1.5700836,9.6813965,1.4969734136732982,163,1970-01-18 22:56:02.826235731,-0.0017242432,0.00035095215,-3.0517578e-05,9.872904205147911,0.001759861740848652,97.1153335571289,-8.960122108459473,5.135139465332031,101261899.0,50354.0,0.0789908384462,-0.006787379310500021,0.07429946269810526,0.0039448994716476515,-0.00039848030619658045,0.0036772157314729813,101.26189964800142
1631,E,1551362876589734.0,1.5767059,9.657837,1.5005592136732981,163,1970-01-18 22:56:02.876589734,-0.0019226074,0.003829956,0.0035705566,9.850449432724584,0.005577979617233673,97.10382080078125,-8.966591835021973,5.137083530426025,101312253.0,50354.0,0.0792267192415,-0.00656531817050002,0.07546887895870527,0.003983443449903224,-0.00033618086447913806,0.0037707175378935186,101.31225365097634
1631,E,1551362926943738.0,1.578537,9.648834,1.4879402136732982,163,1970-01-18 22:56:02.926943738,-0.0027923584,0.008071899,0.004135132,9.843369944242534,0.00948958036783901,97.09452819824219,-8.973389625549316,5.138881206512451,101362607.0,50354.0,0.07943955049330001,-0.007385144232999999,0.07524145008230526,0.00399474067311306,-0.00035123079193291997,0.0037944339542655223,101.3626076548826
1631,E,1551362977297742.0,1.5298462,9.678482,1.4296821136732982,163,1970-01-18 22:56:02.977297742,-0.0034332275,0.011184692,0.006362915,9.871669023279752,0.013318073190174516,97.09339141845703,-8.972321510314941,5.139542102813721,101412961.0,50354.0,0.0782597638264,-0.006865365067999999,0.07345697733560527,0.003970395636627088,-0.00035878507267127696,0.0037437803071007337,101.41296165902168
1631,E,1551363027651746.0,1.5308533,9.669937,1.4131568136732982,163,1970-01-18 22:56:03.027651746,-0.0047912598,0.007247925,0.0036315918,9.865469262929842,0.009416849063171199,97.09480285644531,-8.97140884399414,5.139616966247559,101463315.0,50354.0,0.07705923131150001,-0.006334054837000041,0.07157415567380526,0.003910466340586909,-0.00033232179494818606,0.0036514488357779293,101.46331566292793
1631,E,1551363078005750.0,1.5578156,9.678619,1.4728187136732982,163,1970-01-18 22:56:03.078005750,0.00018310547,0.000869751,-0.00024414063,9.871034569587392,0.0009217369811186474,97.08763885498047,-8.974125862121582,5.140782833099365,101513669.0,50354.0,0.0777634168953,-0.006330605588000073,0.07266020585200526,0.0038979698139026044,-0.00031885815552022787,0.003631388520135332,101.513669667067
1631,E,1551363128359754.0,1.5446167,9.701416,1.4995674136732982,163,1970-01-18 22:56:03.128359754,-0.0017242432,0.008422852,0.0020751953,9.88822976612096,0.008844426830484399,97.07617950439453,-8.974605560302734,5.142956256866455,101564023.0,50354.0,0.0781099380171,-0.0055380588050000495,0.07483576552820527,0.003924423456629495,-0.0002988173634225641,0.003713506071439561,101.56402367097326
1631,E,1551363178713758.0,1.5167694,9.614655,1.4707130136732982,163,1970-01-18 22:56:03.178713758,-0.0045166016,-0.0059661865,0.0043945313,9.80213847092357,0.008677959248151864,97.07070922851562,-8.972963333129883,5.143453121185303,101614377.0,50354.0,0.0770765178397,-0.007148480433000014,0.07478275031930526,0.0039071293991066545,-0.0003194089983951276,0.0037669453734927726,101.6143776748795
1631,E,1551363229067762.0,1.5160065,9.655579,1.4202217136732982,163,1970-01-18 22:56:03.229067762,-9.1552734e-05,0.0018005371,0.003829956,9.84823099478923,0.004233069656114258,97.07221221923828,-8.970219612121582,5.143284797668457,101664731.0,50354.0,0.0763561988343,-0.008302518582000028,0.07278506363040527,0.003862975507701298,-0.0003890098022006561,0.0037153148518118623,101.66473167901859
1631,E,1551363279421766.0,1.5458221,9.658554,1.4998878136732983,163,1970-01-18 22:56:03.279421766,-0.0019989014,-0.0046539307,0.0043792725,9.846333478697604,0.006695722918145635,97.06192016601562,-8.97197151184082,5.144618988037109,101715085.0,50354.0,0.0770876586622,-0.0071972734590000365,0.07351959757000527,0.0038632560001893813,-0.0003902382642162586,0.003683512455042736,101.71508568292484
1631,E,1551363329775770.0,1.4865417,9.624161,1.480188713673298,163,1970-01-18 22:56:03.329775770,-0.0006866455,-0.009002686,0.0030517578,9.805721477779436,0.0095306381175201,97.05546569824219,-8.965761184692383,5.145160675048828,101765439.0,50354.0,0.07634582339260002,-0.007988284445000002,0.07502938672900525,0.0038629947776937,-0.000382326791349009,0.0037400177776961883,101.76543968706392
1631,E,1551363380129774.0,1.5140839,9.665939,1.4887336136732983,163,1970-01-18 22:56:03.380129774,0.003189087,-0.004119873,-0.0005493164,9.849932656538837,0.005238833642807047,97.04734802246094,-8.962624549865723,5.146252155303955,101815793.0,50354.0,0.07554675073120001,-0.007802352300000019,0.07474855743560525,0.0038241993387149137,-0.0003975608613288655,0.0037709593002323983,101.81579369097017
1631,E,1551363430483777.0,1.5726624,9.624802,1.5099739136732981,163,1970-01-18 22:56:03.430483777,0.000289917,-0.010345459,-0.004852295,9.816337082659388,0.011430544193282969,97.03692626953125,-8.968734741210938,5.147397994995117,101866147.0,50354.0,0.0777150115951,-0.0077862138430000215,0.07549845941600526,0.0038586713900892558,-0.00039247332978231204,0.003782769143272998,101.8661476939451
1631,E,1551363480837781.0,1.6112366,9.617752,1.4713997136732981,163,1970-01-18 22:56:03.480837781,0.0098724365,0.005340576,-0.00024414063,9.820152042475694,0.011227036969099418,97.03292083740234,-8.98062515258789,5.14836311340332,101916501.0,50354.0,0.08016102512300001,-0.008999417942000033,0.07506204381570526,0.003974844976451604,-0.00042261185145094635,0.003790661789864776,101.91650169785134
1631,E,1551363531191785.0,1.5353851,9.648346,1.4839576136732981,163,1970-01-18 22:56:03.531191785,0.0046539307,0.012512207,0.0014190674,9.836525875985851,0.013424907718751523,97.02632904052734,-8.98076057434082,5.150036811828613,101966855.0,50354.0,0.0792224945409,-0.008406650654000048,0.07440703143060526,0.004012798874578011,-0.000438232589041494,0.0037631829074763604,101.96685570199043
1631,E,1551363581545789.0,1.5648346,9.626099,1.4744361136732982,163,1970-01-18 22:56:03.581545789,0.00088500977,0.009780884,-0.0029754639,9.820469581830796,0.01026169184562929,97.02149963378906,-8.985376358032227,5.151294231414795,102017209.0,50354.0,0.07805423138690001,-0.008196498235000035,0.07448347887340526,0.003959756128684221,-0.00041801747957835513,0.003748616377924073,102.01720970589668
1631,E,1551363631899793.0,1.6073761,9.603973,1.4752449136732981,163,1970-01-18 22:56:03.631899793,0.007461548,0.013320923,-0.0019226074,9.805571028151581,0.015388895585543745,97.01737213134766,-8.996597290039062,5.15266227722168,102067563.0,50354.0,0.0798667487939,-0.00931367725600004,0.07426411922550526,0.003975976518012002,-0.00044085368833690896,0.0037450182773362704,102.06756371003576
1631,E,1551363682253797.0,1.5801239,9.642548,1.472147313673298,163,1970-01-18 22:56:03.682253797,0.014297485,0.01889038,-0.0055999756,9.839306054279445,0.024343875217192112,97.01341247558594,-9.00255298614502,5.154351711273193,102117917.0,50354.0,0.0802516875,-0.008899540783000048,0.07420649410790527,0.00403130187057152,-0.0004585541905679052,0.003738044631895277,102.117917713942
1631,E,1551363732607801.0,1.5350647,9.652832,1.4377235136732982,163,1970-01-18 22:56:03.732607801,0.013305664,0.01322937,-0.0061187744,9.846358958579264,0.01973566125661594,97.01439666748047,-9.001493453979492,5.15498685836792,102168271.0,50354.0,0.0784311033822,-0.007669417740000043,0.07326181782010525,0.003995156626041149,-0.00041715666873357325,0.003712809689411521,102.16827171808109
1631,E,1551363782961805.0,1.526062,9.618683,1.4915718136732983,163,1970-01-18 22:56:03.782961805,0.01210022,0.0073394775,-0.00491333,9.805091253708689,0.014980789889398565,97.00806427001953,-9.000107765197754,5.156462669372559,102218625.0,50354.0,0.0770699869259,-0.008270266845000014,0.07375086845660526,0.003915050950687034,-0.0004013134387965465,0.003701338402388741,102.21862572198734
1631,E,1551363833315809.0,1.5470886,9.626007,1.4836372136732983,163,1970-01-18 22:56:03.833315809,0.014984131,0.0069885254,-0.0067596436,9.816490237908924,0.017862151345530222,97.00306701660156,-9.001505851745605,5.157744407653809,102268979.0,50354.0,0.07737271265620001,-0.008945639870000029,0.07490683768150526,0.003888403847378532,-0.0004334448833635561,0.0037427550674392087,102.26897972589359
1631,E,1551363883669813.0,1.5620117,9.666779,1.419794413673298,163,1970-01-18 22:56:03.883669813,0.017120361,0.010818481,-0.0074310303,9.866443203410862,0.021572355069328895,97.00688934326172,-9.003894805908203,5.157855987548828,102319333.0,50354.0,0.0782778182531,-0.007734726878000048,0.07309969808170526,0.003918813416703446,-0.000419961593614398,0.0037263605509103514,102.31933373003267
1631,E,1551363934023817.0,1.5713501,9.664856,1.428705613673298,163,1970-01-18 22:56:03.934023817,0.0140686035,0.014953613,-0.0071868896,9.864954655237176,0.021752874024288594,97.0091552734375,-9.007668495178223,5.15838623046875,102369687.0,50354.0,0.07888865003860002,-0.006756625605000027,0.07171668518850526,0.003956980172180131,-0.0003648487814644929,0.0036460420815940904,102.36968773393892
1631,E,1551363984377820.0,1.5146942,9.646194,1.3961891136732982,163,1970-01-18 22:56:03.984377820,0.003616333,0.008377075,1.5258789e-05,9.841807146026525,0.009124334647148565,97.01599884033203,-9.003861427307129,5.157753944396973,102420041.0,50354.0,0.07769733734110001,-0.007274894150000041,0.07112237455040527,0.003942365404258708,-0.00035327157287163674,0.003596259007046551,102.42004173691384
1631,E,1551364034731824.0,1.4893036,9.647278,1.3826545136732982,163,1970-01-18 22:56:04.034731824,-0.0010986328,0.008102417,0.004760742,9.840698197298279,0.009461544253539634,97.0244140625,-8.996670722961426,5.156797885894775,102470395.0,50354.0,0.07563165261060001,-0.007717455456000048,0.06996294600570525,0.003860363980013952,-0.00037746238603026424,0.0035521051156411944,102.47039574105293
1631,E,1551364085085828.0,1.5220795,9.624588,1.320093513673298,163,1970-01-18 22:56:04.085085828,-0.0014190674,-0.002960205,0.0064697266,9.831608217651896,0.007254924410806451,97.0422592163086,-8.994726181030273,5.153812408447266,102520749.0,50354.0,0.0758175923087,-0.008261429718000054,0.06804708708450526,0.0038130376393332166,-0.0004023003920258006,0.00347467860311223,102.52074974495918
1631,E,1551364135439832.0,1.5002899,9.642426,1.3877510136732982,163,1970-01-18 22:56:04.135439832,0.006439209,0.00390625,-0.004043579,9.836967125732773,0.00854825904716405,97.04975891113281,-8.989002227783203,5.152907371520996,102571103.0,50354.0,0.07609419438380001,-0.008383588522000045,0.06817540166500526,0.0038246830535570726,-0.00041907162422848257,0.003429673599246426,102.57110374886543
1631,E,1551364185793836.0,1.5067139,9.658508,1.395639713673298,163,1970-01-18 22:56:04.185793836,0.005355835,9.1552734e-05,-0.00579834,9.852721871363933,0.007893927869313722,97.05558776855469,-8.983901977539062,5.152078628540039,102621457.0,50354.0,0.0757073346726,-0.007529584682000041,0.07007742834240525,0.0038219070970529835,-0.0004006459617571102,0.0034807915010965744,102.6214577530045
1631,E,1551364236147840.0,1.4970703,9.656601,1.3884223136732983,163,1970-01-18 22:56:04.236147840,0.0034332275,-0.000869751,-0.0050964355,9.850287847838409,0.006206220482259512,97.06227111816406,-8.977593421936035,5.151049613952637,102671811.0,50354.0,0.0756262748034,-0.007172700707000045,0.07009432966250527,0.003810126285777252,-0.0003701594392388552,0.0035291043512896323,102.67181175691076
1631,E,1551364286501844.0,1.5198517,9.643997,1.3639625136732982,163,1970-01-18 22:56:04.286501844,0.0040130615,-0.0010681152,-0.0069122314,9.844535670539843,0.008063775518353623,97.07262420654297,-8.974839210510254,5.1494550704956055,102722165.0,50354.0,0.07595704519400001,-0.007538044154000016,0.06929679279810527,0.0038164132475745406,-0.00037037242336539856,0.0035094502901907914,102.72216576104984
1631,E,1551364336855848.0,1.522644,9.662384,1.3765052136732983,163,1970-01-18 22:56:04.336855848,0.002380371,0.0079956055,-0.00048828125,9.861379638851465,0.00835669144987254,97.08040618896484,-8.972552299499512,5.148656845092773,102772519.0,50354.0,0.0766009142389,-0.007392445563000036,0.06899675597140527,0.003840951744642124,-0.0003759049396049103,0.0034818166773699674,102.77251976495609
1631,E,1551364387209852.0,1.5274811,9.663956,1.3945564136732982,163,1970-01-18 22:56:04.387209852,-0.003036499,0.0054016113,0.0022888184,9.861393430753004,0.006605786893434214,97.0850601196289,-8.97115421295166,5.14815616607666,102822873.0,50354.0,0.0767929996427,-0.0068899378200000345,0.06976701859170527,0.0038619985697970435,-0.0003595875664337928,0.0034936555521754343,102.82287376886234
1631,E,1551364437563856.0,1.4938354,9.67778,1.353311913673298,163,1970-01-18 22:56:04.437563856,0.00018310547,0.011642456,0.0044403076,9.87503255878827,0.012461807288980907,97.09547424316406,-8.964692115783691,5.147078037261963,102873227.0,50354.0,0.07606768552050001,-0.006502312728000012,0.06918308087760526,0.0038485734703538866,-0.0003371766920469972,0.003498346654338831,102.87322777300142
1631,E,1551364487917859.0,1.4801636,9.639603,1.3322700136732981,163,1970-01-18 22:56:04.487917859,-0.0030517578,0.01625061,0.0043945313,9.838303847626461,0.0171086953444335,97.1092529296875,-8.957228660583496,5.145679473876953,102923581.0,50354.0,0.07487637282300001,-0.007115448209000048,0.06761489618480525,0.0038003185569143003,-0.00034285436711085053,0.0034441626685003095,102.92358177597634
1631,E,1551364538271863.0,1.4923248,9.613586,1.336481413673298,163,1970-01-18 22:56:04.538271863,-0.00044250488,0.012390137,-0.0024261475,9.814100260335449,0.012633190299340428,97.12271118164062,-8.951918601989746,5.144200801849365,102973935.0,50354.0,0.0748383404468,-0.008731660547000062,0.06719115468630525,0.003769367335993755,-0.00039898265714981474,0.0033940119427819495,102.9739357798826
1631,E,1551364588625867.0,1.4949036,9.600098,1.3904975136732982,163,1970-01-18 22:56:04.588625867,0.00390625,0.0064086914,-0.00970459,9.794308832815483,0.012268218354391725,97.1284408569336,-8.947166442871094,5.14371395111084,103024289.0,50354.0,0.07520944942680001,-0.009726277932000064,0.06865714845380526,0.003777753205647628,-0.0004647155170857862,0.0034202527281585625,103.02428978402168
1631,E,1551364638979871.0,1.5520782,9.621857,1.4544014136732981,163,1970-01-18 22:56:04.638979871,7.6293945e-05,0.0013885498,-0.007507324,9.816661538178726,0.007635037979872772,97.12409973144531,-8.950549125671387,5.144503116607666,103074643.0,50354.0,0.07671386077860001,-0.00951803896500005,0.07162602029380527,0.003824973181041356,-0.0004845141665157719,0.0035319093395585906,103.07464378792793
1631,E,1551364689333875.0,1.5596008,9.654343,1.4717964136732982,163,1970-01-18 22:56:04.689333875,-0.0036621094,0.0048980713,-0.0029296875,9.847635503236853,0.006781240046267962,97.11653900146484,-8.954484939575195,5.145910739898682,103124997.0,50354.0,0.078342742183,-0.008152312600000008,0.07367288269910525,0.0039038600927642038,-0.0004448864413520065,0.0036581904806525086,103.124997792067
1631,E,1551364739687879.0,1.5431671,9.659348,1.4608100136732982,163,1970-01-18 22:56:04.739687879,-0.012039185,0.0063934326,0.0017547607,9.851250166302655,0.013743985629693894,97.11024475097656,-8.956059455871582,5.147097587585449,103175351.0,50354.0,0.0781183874183,-0.007208401693000027,0.07383423202130525,0.00393922185997193,-0.0003867367037548619,0.0037137866273157755,103.17535179597326
1631,E,1551364790041883.0,1.5114899,9.689362,1.4500679136732981,163,1970-01-18 22:56:04.790041883,-0.021377563,0.005142212,0.009292603,9.877059001699628,0.023870379439538073,97.10470581054688,-8.952717781066895,5.147991180419922,103225705.0,50354.0,0.076907099289,-0.006326728330000067,0.07328717357680525,0.003903076678829692,-0.0003407739685890734,0.003704075628743628,103.2257057998795
1631,E,1551364840395887.0,1.5072479,9.712982,1.4461769136732983,163,1970-01-18 22:56:04.840395887,-0.041290283,-0.0056762695,0.012664795,9.900048264509858,0.04356035511848754,97.0985336303711,-8.9484224319458,5.14827299118042,103276059.0,50354.0,0.07600276159060002,-0.004976385112000052,0.07291875601810525,0.00384981156736569,-0.0002845784871292371,0.0036810266894110625,103.27605980401859
1631,E,1551364890749891.0,1.5619507,9.675003,1.4855903136732982,163,1970-01-18 22:56:04.890749891,-0.057861328,-0.019851685,0.018859863,9.866655599389443,0.0640134134978098,97.08673858642578,-8.953243255615234,5.148570537567139,103326413.0,50354.0,0.07727321315220001,-0.005337901655000025,0.07381310348290526,0.0038590292160994764,-0.00025968279793276095,0.0036942680266569424,103.32641380792484
1631,E,1551364941103895.0,1.6052704,9.653015,1.5582374136732982,163,1970-01-18 22:56:04.941103895,-0.052581787,-0.012710571,0.020309448,9.843900483661182,0.05778301322468493,97.06520080566406,-8.964991569519043,5.150766849517822,103376767.0,50354.0,0.0797411256347,-0.006847690814000032,0.07663445069140527,0.003953150007637782,-0.00030679666159201443,0.003787818071446617,103.37676781206392
1631,E,1551364991457899.0,1.6264496,9.625626,1.5736030136732981,163,1970-01-18 22:56:04.991457899,-0.04499817,-0.008682251,0.01638794,9.818867279173737,0.04867012803783755,97.0427474975586,-8.980016708374023,5.15339469909668,103427121.0,50354.0,0.08136501444000001,-0.008090855543000028,0.07885034643930526,0.004056169288660722,-0.0003761077816301905,0.003914640737359899,103.42712181597017
1631,E,1551365041811902.0,1.6219635,9.620239,1.544794413673298,163,1970-01-18 22:56:05.041811902,-0.031906128,-0.0035858154,0.017425537,9.815981682328454,0.036530924102377016,97.0257797241211,-8.994146347045898,5.155514240264893,103477475.0,50354.0,0.0817852966187,-0.008916056895000031,0.07851189202830526,0.004107635381524891,-0.0004281830344515275,0.0039619090778990305,103.4774758189451
1631,E,1551365092165906.0,1.6082306,9.611206,1.5903267136732981,163,1970-01-18 22:56:05.092165906,-0.02532959,0.0034637451,0.015274048,9.799940489087744,0.02978056752300362,97.00296783447266,-9.006229400634766,5.158963680267334,103527829.0,50354.0,0.0813265968557,-0.009279109235000062,0.07893294462320526,0.004106668142004969,-0.0004580996976550124,0.003963988652375081,103.52782982285134
1631,E,1551365142519910.0,1.5987091,9.643524,1.569239013673298,163,1970-01-18 22:56:05.142519910,-0.01939392,0.016296387,0.015960693,9.832333893977406,0.02994060926668691,96.98348999023438,-9.015926361083984,5.162564754486084,103578183.0,50354.0,0.0807411208269,-0.008692862790000073,0.07954838631740525,0.004080378928094821,-0.00045248033967342844,0.003990084469091751,103.57818382699043
1631,E,1551365192873914.0,1.5687408,9.630096,1.526209213673298,163,1970-01-18 22:56:05.192873914,-0.02458191,0.007751465,0.01399231,9.819065356002621,0.029328147708821042,96.9708251953125,-9.021106719970703,5.164652347564697,103628537.0,50354.0,0.07974688613230001,-0.008217269260000054,0.07793410001990525,0.004040606551211779,-0.00042574639462285323,0.003964936558514466,103.62853783089668
1631,E,1551365243227918.0,1.605484,9.557251,1.5296577136732983,163,1970-01-18 22:56:05.243227918,-0.021896362,-0.0019989014,0.008117676,9.753224334748639,0.02343806603120108,96.95942687988281,-9.03283977508545,5.166123867034912,103678891.0,50354.0,0.07991745778960001,-0.010389364581000015,0.07693756162980527,0.004019869186921677,-0.0004684592202148588,0.0038992038253547615,103.67889183503576
1631,E,1551365293581922.0,1.5982361,9.5555725,1.5213722136732981,163,1970-01-18 22:56:05.293581922,-0.00061035156,-0.0049438477,0.0021362305,9.751325865267333,0.005420114376719367,96.95063781738281,-9.042932510375977,5.1672444343566895,103729245.0,50354.0,0.08066006095770001,-0.012265642740500009,0.07681578048080527,0.004042860189500773,-0.0005703851193334062,0.0038710478943188415,103.729245838942
1631,E,1551365343935926.0,1.5645905,9.611847,1.5170387136732981,163,1970-01-18 22:56:05.343935926,0.015731812,-0.015380859,-0.006134033,9.801540154237202,0.022840470512367164,96.94264221191406,-9.046097755432129,5.167909622192383,103779599.0,50354.0,0.0796304853082,-0.010891079248500052,0.07649807191780526,0.004035635083336564,-0.0005830167895170546,0.0038599828618398175,103.77959984308109
1631,E,1551365394289930.0,1.5932312,9.666122,1.5442604136732982,163,1970-01-18 22:56:05.394289930,0.009521484,-0.017852783,-0.0115356445,9.856327404049662,0.023290590641667407,96.92964172363281,-9.051834106445312,5.169221878051758,103829953.0,50354.0,0.0795044769409,-0.008107774487000067,0.07707432812920526,0.004006540944545591,-0.00047833414049868654,0.0038664923159835835,103.82995384698734
1631,E,1551365444643934.0,1.6367035,9.605637,1.573175813673298,163,1970-01-18 22:56:05.444643934,0.0028839111,-0.018295288,-0.010574341,9.801025568364958,0.02132724065180323,96.91340637207031,-9.065244674682617,5.1709675788879395,103880307.0,50354.0,0.08132006594190001,-0.008264123657000052,0.07848769189590526,0.004049079516160257,-0.00041219527957149103,0.003916584978172208,103.88030785089359
1631,E,1551365494997938.0,1.6162872,9.635742,1.586954513673298,163,1970-01-18 22:56:05.494997938,0.014099121,0.0005340576,-0.0073547363,9.82568401946554,0.015911083449447947,96.89546203613281,-9.074968338012695,5.173976421356201,103930661.0,50354.0,0.0819005468539,-0.00902900091700003,0.07956260125160526,0.004109405368359857,-0.0004353889973996001,0.003979232230574873,103.93066185503267
1631,E,1551365545351942.0,1.5921631,9.679291,1.5812782136732981,163,1970-01-18 22:56:05.545351942,0.011306763,0.013748169,-0.0054016113,9.865073173860031,0.018601947345023254,96.87785339355469,-9.080119132995605,5.177546501159668,103981015.0,50354.0,0.0807791532031,-0.007174614159000044,0.07976659537640525,0.0040957868083350895,-0.00040795841676845394,0.004011431183503421,103.98101585893892
1631,E,1551365595705945.0,1.6057434,9.639038,1.516397813673298,163,1970-01-18 22:56:05.595705945,0.0027923584,0.022537231,-0.004333496,9.834913996549556,0.02311932598851938,96.87037658691406,-9.087959289550781,5.1798834800720215,104031369.0,50354.0,0.08051369195050001,-0.0070916307670000735,0.07799018934050525,0.004060869962432188,-0.000359181248501905,0.003971842568817656,104.03136986191384
1631,E,1551365646059949.0,1.5435638,9.666748,1.5297340136732982,163,1970-01-18 22:56:05.646059949,0.00019836426,0.023590088,0.0050201416,9.850644539501186,0.024119150522177182,96.86051177978516,-9.086535453796387,5.182569980621338,104081723.0,50354.0,0.07929010737440001,-0.00740742587800005,0.07669246101710527,0.004023380255603008,-0.0003650427491511681,0.0038944450880535604,104.08172386605293
1631,E,1551365696413953.0,1.5171661,9.653305,1.527811413673298,163,1970-01-18 22:56:05.696413953,-0.0071258545,0.012390137,0.0026550293,9.833560372348435,0.01453762283930209,96.8510971069336,-9.081463813781738,5.1845879554748535,104132077.0,50354.0,0.0770599966923,-0.007048225619000044,0.07697982122430526,0.003936426570087307,-0.00036394993773997136,0.003869007049991993,104.13207786995918
1631,E,1551365746767957.0,1.5401764,9.62471,1.5033668136732983,163,1970-01-18 22:56:05.746767957,0.0039978027,0.015335083,-0.006164551,9.81184992678458,0.017004378438408657,96.84654235839844,-9.079991340637207,5.186126708984375,104182431.0,50354.0,0.0769747121225,-0.00810661634500004,0.07631597422990526,0.00387813186383022,-0.0003815534561276301,0.0038595282421506586,104.18243187386543
1631,E,1551365797121961.0,1.5440216,9.63472,1.5550178136732982,163,1970-01-18 22:56:05.797121961,0.010498047,0.015380859,-0.0061187744,9.816492104035401,0.019601510517054173,96.83467102050781,-9.079028129577637,5.188875198364258,104232785.0,50354.0,0.077650853046,-0.008574530890000036,0.07700094976270526,0.003893007854247325,-0.0004199812439355969,0.003860060195361955,104.2327858780045
1631,E,1551365847475965.0,1.5508423,9.627594,1.662638063673298,163,1970-01-18 22:56:05.847475965,0.017227173,0.01473999,-0.0063476563,9.799385514946293,0.023544331276869144,96.8077163696289,-9.079510688781738,5.1940226554870605,104283139.0,50354.0,0.07791938841030001,-0.008501920422000039,0.08101092202395525,0.003916791969145265,-0.0004299338146822259,0.003978264895972752,104.28313988191076
1631,E,1551365897829969.0,1.7644348,9.59639,1.7561439136732981,163,1970-01-18 22:56:05.897829969,0.025878906,0.04673767,-0.0146484375,9.79614131218691,0.05539588697707749,96.76840209960938,-9.111567497253418,5.20281982421875,104333493.0,50354.0,0.08346873154670001,-0.009466954832000043,0.08607467384365526,0.00406326869615739,-0.00045240237226996005,0.00420671404715883,104.33349388604984
1631,E,1551365948183973.0,1.8152618,9.570496,1.6616462136732981,163,1970-01-18 22:56:05.948183973,0.04055786,0.095581055,-0.00440979,9.788961325261303,0.10392364663798478,96.74474334716797,-9.15131950378418,5.211607456207275,104383847.0,50354.0,0.09012602129820001,-0.01090451117800004,0.08604970203620527,0.0043705950923760475,-0.000512892399733772,0.004333575411527248,104.38384788995609
1631,E,1551365998537977.0,1.5832062,9.613388,1.657480613673298,163,1970-01-18 22:56:05.998537977,0.064819336,0.17158508,0.013336182,9.791120222865821,0.18390443101900622,96.72216796875,-9.156874656677246,5.224050045013428,104434201.0,50354.0,0.08556322883600001,-0.010476552532000015,0.08356565613210526,0.004423328250628754,-0.0005383110410266715,0.004270405872603554,104.43420189386234
1631,E,1551366048891981.0,1.5441895,9.669418,1.588800813673298,163,1970-01-18 22:56:06.048891981,0.08596802,0.2558136,0.022720337,9.846952954261875,0.27082708897204866,96.70975494384766,-9.156146049499512,5.239117622375488,104484555.0,50354.0,0.07873844153890001,-0.007985993338000017,0.08173162749630525,0.004136623155028858,-0.0004648315173689909,0.004161689709912491,104.48455589800142
1631,E,1551366099245984.0,1.5535583,9.628159,1.4030097136732982,163,1970-01-18 22:56:06.099245984,0.093688965,0.23144531,0.024932861,9.829345881138575,0.25093067018882453,96.7261734008789,-9.15719223022461,5.248454570770264,104534909.0,50354.0,0.0779919963606,-0.007614103871000025,0.07532481364700526,0.003946002234995713,-0.0003927636474309941,0.003954210018665129,104.53490990097634
1631,E,1551366149599988.0,1.4811096,9.694565,1.2738594136732981,163,1970-01-18 22:56:06.149599988,0.09945679,0.13908386,0.021316528,9.900124771739378,0.17230893057406654,96.76075744628906,-9.145289421081543,5.250439643859863,104585263.0,50354.0,0.0764038337183,-0.006980977852000013,0.06739553401920526,0.003887223813896466,-0.00036746037253997197,0.003593270193192182,104.5852639048826
1631,E,1551366199953992.0,1.4758911,9.719986,1.3002265136732982,163,1970-01-18 22:56:06.199953992,0.059509277,0.067596436,-0.0027008057,9.920678036519837,0.09009953695993103,96.78870391845703,-9.13084602355957,5.2498040199279785,104635617.0,50354.0,0.07444840662390001,-0.004669049473000005,0.06480776139280525,0.00379800685509557,-0.0002933127379615255,0.003328482368588189,104.63561790902168
1631,E,1551366250307996.0,1.5977325,9.660522,1.2672981136732981,163,1970-01-18 22:56:06.250307996,0.02960205,0.020431519,-0.007888794,9.885870931300268,0.03682338120846994,96.82073211669922,-9.13487434387207,5.246000289916992,104685971.0,50354.0,0.07738462137720001,-0.0055261500840000175,0.06464256754270527,0.0038227001459836952,-0.00025668453924658957,0.0032591709316093483,104.68597191292793
1631,E,1551366300662000.0,1.6002808,9.669037,1.2816261136732983,163,1970-01-18 22:56:06.300662000,0.025741577,-0.010055542,0.009353638,9.89264335333764,0.02917590196027772,96.84979248046875,-9.139681816101074,5.241044521331787,104736325.0,50354.0,0.0805163808541,-0.0068088930570000435,0.06417426527190526,0.00397547353317744,-0.00031055938116095856,0.0032432213997734497,104.736325917067
1631,E,1551366351016004.0,1.5385895,9.678619,1.3153327136732982,163,1970-01-18 22:56:06.351016004,0.011276245,-0.008682251,0.0044403076,9.887694430193129,0.014908102337643237,96.87230682373047,-9.135183334350586,5.2371063232421875,104786679.0,50354.0,0.0790273375431,-0.006353264888000065,0.06538363239610526,0.004016832198086305,-0.00033138365058126777,0.0032618791895875007,104.78667992097326
1631,E,1551366401370008.0,1.556778,9.648193,1.2891792136732982,163,1970-01-18 22:56:06.401370008,0.0073242188,-0.008636475,0.001159668,9.864285020089051,0.011383220604298347,96.89847564697266,-9.133853912353516,5.232581615447998,104837033.0,50354.0,0.07793206754750001,-0.006878054276000072,0.06557379679480527,0.003951766941966037,-0.0003331249225920315,0.0032971151947395545,104.8370339248795
1631,E,1551366451724012.0,1.5780487,9.6757965,1.3190101136732981,163,1970-01-18 22:56:06.451724012,0.011779785,-0.017562866,0.010818481,9.89066282530756,0.023754097076663257,96.91938018798828,-9.135478019714355,5.228428840637207,104887387.0,50354.0,0.07892553182590001,-0.006949116358500044,0.06566638269460526,0.003949203779424092,-0.0003481266750648094,0.003304233999004889,104.88738792901859
1631,E,1551366502078016.0,1.5497589,9.612915,1.3413642136732982,163,1970-01-18 22:56:06.502078016,0.0037994385,-0.013381958,0.011123657,9.8217000499371,0.017811464787678054,96.93731689453125,-9.13454532623291,5.224890232086182,104937741.0,50354.0,0.0787488119452,-0.007837310564500042,0.06698024443960525,0.003969766953124986,-0.0003722778706403732,0.003339644131358018,104.93774193292484
1631,E,1551366552432020.0,1.6567993,9.574539,1.317377413673298,163,1970-01-18 22:56:06.552432020,0.0067443848,0.011383057,0.012359619,9.804845441878275,0.018105824886507686,96.95899963378906,-9.150097846984863,5.221983432769775,104988095.0,50354.0,0.0807315158014,-0.010386670642000065,0.06693913795170525,0.004015236211676149,-0.0004588251748360533,0.0033716882904660252,104.98809593706392
1631,E,1551366602786024.0,1.6925201,9.604828,1.3260597136732981,163,1970-01-18 22:56:06.602786024,0.022583008,0.020690918,0.013183594,9.839353236359797,0.0333453668261068,96.97897338867188,-9.169770240783691,5.219919204711914,105038449.0,50354.0,0.0843258145338,-0.010590277041000058,0.06655381655520524,0.004155648405849331,-0.0005281366118148941,0.0033609521156204862,105.03844994097017
1631,E,1551366653140027.0,1.6799164,9.558319,1.2345069136732982,163,1970-01-18 22:56:06.653140027,0.04168701,0.022033691,0.0018463135,9.804382501698319,0.047187913869590196,97.01372528076172,-9.187456130981445,5.215774059295654,105088803.0,50354.0,0.08490783376050001,-0.010998647981000071,0.06446738597670526,0.004260795563105592,-0.0005435443652788973,0.0032987208161459115,105.0888039439451
1631,E,1551366703494031.0,1.7057037,9.603882,1.3332313136732983,163,1970-01-18 22:56:06.703494031,0.045516968,0.023925781,-0.009963989,9.83975997168546,0.05237860678908046,97.03239440917969,-9.206998825073242,5.214385032653809,105139157.0,50354.0,0.0852397572577,-0.011022465423000047,0.06464794534990527,0.004283805899065222,-0.0005544255721725111,0.0032507366968100733,105.13915794785134
1631,E,1551366753848035.0,1.7258301,9.638275,1.3649238136732982,163,1970-01-18 22:56:06.753848035,0.030914307,0.02104187,-0.007385254,9.872723032914426,0.038118193123909544,97.04461669921875,-9.228280067443848,5.213752746582031,105189511.0,50354.0,0.08639572648260001,-0.00900941321100002,0.06793145164120526,0.004321266574129534,-0.0005043426083682197,0.0033379514780451903,105.18951195199043
1631,E,1551366804202039.0,1.7364655,9.64035,1.3915657136732982,163,1970-01-18 22:56:06.804202039,0.014251709,0.029571533,-0.0043182373,9.873240837390439,0.03310942383627177,97.05169677734375,-9.25078296661377,5.214204788208008,105239865.0,50354.0,0.0871702163212,-0.008091258375000038,0.06940013683000526,0.004369869741971273,-0.00043054360852072353,0.0034575974029396675,105.23986595589668
1631,E,1551366854556043.0,1.6985626,9.643677,1.3815864136732983,163,1970-01-18 22:56:06.854556043,0.008529663,0.03869629,0.0020446777,9.871151189948163,0.03967793741557828,97.05963134765625,-9.267562866210938,5.214877128601074,105290219.0,50354.0,0.0864837024737,-0.007955252221000035,0.06981965111020526,0.004372084713499197,-0.00040400299727549394,0.00350513660097068,105.29021996003576
1631,E,1551366904910047.0,1.6426392,9.638931,1.2857765136732981,163,1970-01-18 22:56:06.904910047,0.0104522705,0.03616333,0.0027160645,9.869615567728536,0.037741401691805655,97.08157348632812,-9.275771141052246,5.213181972503662,105340573.0,50354.0,0.08412143771860002,-0.007990978384000043,0.06715619642180527,0.004295325614621538,-0.0004014782479420869,0.0034486409133134294,105.340573963942
1631,E,1551366955264051.0,1.6466064,9.629822,1.2648719136732982,163,1970-01-18 22:56:06.955264051,0.005050659,0.026473999,-7.6293945e-05,9.864248752552026,0.026951578806302345,97.10599517822266,-9.284299850463867,5.2105817794799805,105390927.0,50354.0,0.08281333647120001,-0.00833980571900003,0.06421767545530525,0.004202916809776595,-0.0004111601513612329,0.003307599972250012,105.39092796808109
1631,E,1551367005618055.0,1.6250153,9.641586,1.292551413673298,163,1970-01-18 22:56:07.005618055,-0.0068511963,0.012207031,0.006286621,9.868372153573931,0.01534510020083726,97.12506103515625,-9.289548873901367,5.208006381988525,105441281.0,50354.0,0.0823696195409,-0.008272960784000012,0.06438824711260525,0.0041588112835166426,-0.0004182596222460321,0.003237911312492283,105.44128197198734
1631,E,1551367055972059.0,1.5937805,9.6073,1.302591713673298,163,1970-01-18 22:56:07.055972059,-0.01626587,-0.004638672,0.014022827,9.828404942952048,0.021971242155427013,97.14257049560547,-9.291303634643555,5.204736232757568,105491635.0,50354.0,0.0810396218566,-0.008839997178000021,0.06533791851720526,0.004114154470664858,-0.0004308529426092749,0.0032661156720617396,105.49163597589359
1631,E,1551367106326063.0,1.6677246,9.583557,1.2280525136732983,163,1970-01-18 22:56:07.106326063,-0.021316528,0.004837036,0.015319824,9.827829744704964,0.026692476292600804,97.17068481445312,-9.304108619689941,5.20016622543335,105541989.0,50354.0,0.08211491390270001,-0.010300993311000007,0.06371402971190526,0.004107741746811896,-0.0004819127175415537,0.003249140900564316,105.54198998003267
1631,E,1551367156680067.0,1.6755829,9.556335,1.2289985136732982,163,1970-01-18 22:56:07.156680067,-0.012130737,0.0055389404,0.009933472,9.802491311442028,0.016628544942138057,97.19896697998047,-9.318133354187012,5.195702075958252,105592343.0,50354.0,0.0841744529275,-0.011584139116,0.061861173715505265,0.004186667388683946,-0.0005510019791145792,0.0031616068966919147,105.59234398393892
1631,E,1551367207034070.0,1.6558533,9.606491,1.325174713673298,163,1970-01-18 22:56:07.207034070,0.006072998,-0.0029754639,-0.00289917,9.834853935787907,0.0073579804849637385,97.21240234375,-9.327345848083496,5.193444728851318,105642697.0,50354.0,0.0838755692074,-0.011006729798000017,0.06430641934490526,0.004230995407290377,-0.0005687703066477784,0.003176521490481956,105.64269798691384
1631,E,1551367257388074.0,1.7150574,9.657684,1.3435920136732982,163,1970-01-18 22:56:07.257388074,0.0005493164,0.0011901855,-0.0030975342,9.892545575576573,0.003363481552185005,97.22151184082031,-9.343615531921387,5.192050457000732,105693051.0,50354.0,0.08486941869390001,-0.008455066025000041,0.06719153989440525,0.00424849256039103,-0.0004899896334356724,0.003310724119768121,105.69305199105293
1631,E,1551367307742078.0,1.7177582,9.600525,1.2849372136732982,163,1970-01-18 22:56:07.307742078,-0.014831543,0.00010681152,0.0056762695,9.84505381747883,0.01588099845407347,97.23931121826172,-9.361533164978027,5.189005374908447,105743405.0,50354.0,0.0864279983612,-0.008605272007000061,0.06617848035690525,0.0043127550691962535,-0.0004295281306316666,0.0033578569998672448,105.74340599495918
1631,E,1551367358096082.0,1.6872101,9.600769,1.3005927136732982,163,1970-01-18 22:56:07.358096082,-0.022399902,-0.016342163,0.0105896,9.837882962110497,0.02968099609663013,97.25415802001953,-9.374809265136719,5.185542583465576,105793759.0,50354.0,0.0857268868891,-0.010038220962000062,0.06509588698080525,0.0043343435459468034,-0.0004693872224805161,0.0033050947464615373,105.79375999886543
1631,E,1551367408450086.0,1.715744,9.62323,1.3270057136732982,163,1970-01-18 22:56:07.408450086,-0.028869629,-0.015411377,0.0062408447,9.861206685498484,0.03331537426179223,97.26397705078125,-9.391153335571289,5.182913303375244,105844114.0,50355.0,0.08567787685274998,-0.009466765177500057,0.06615635940451892,0.0043155434391104275,-0.0004910867885272642,0.0033046034333664995,105.8441140030045
1631,E,1551367458804090.0,1.7384338,9.619232,1.3593544136732982,163,1970-01-18 22:56:07.458804090,-0.023788452,-0.0036621094,0.008575439,9.85706366720561,0.025550726953583795,97.26907348632812,-9.41072940826416,5.181654453277588,105894468.0,50354.0,0.08696583447060001,-0.009001734226000042,0.06763448892620526,0.004346650719987983,-0.00046498140948192206,0.003368452188422643,105.89446800691076
1631,E,1551367509158094.0,1.6507874,9.616318,1.3265327136732983,163,1970-01-18 22:56:07.509158094,-0.019256592,-0.007080078,0.008911133,9.843422486255669,0.022368552284049072,97.27915954589844,-9.417224884033203,5.179446220397949,105944822.0,50354.0,0.0853304221524,-0.009175757650000038,0.06762258020520527,0.004337902852997272,-0.0004576547129620541,0.003405367229521523,105.94482201104984
1631,E,1551367559512098.0,1.6818085,9.581512,1.311655413673298,163,1970-01-18 22:56:07.559512098,-0.01687622,-0.0027770996,0.0050354004,9.816674528653639,0.017829030844805905,97.29193878173828,-9.428653717041016,5.177048206329346,105995176.0,50354.0,0.08390476697430001,-0.010125434090000043,0.06642166248220525,0.004260834356642926,-0.00048594610443798204,0.003374831898140935,105.99517601495609
1631,E,1551367609866102.0,1.6380005,9.647781,1.3083900136732982,163,1970-01-18 22:56:07.609866102,-0.013748169,-0.0012969971,0.0036621094,9.874440706820865,0.01428654603420777,97.30370330810547,-9.431833267211914,5.17492151260376,106045530.0,50354.0,0.08358283119300002,-0.009333290139000031,0.06596488372430527,0.004216835259058113,-0.0004899122999135349,0.0033330960738413157,106.04553001886234
1631,E,1551367660220106.0,1.6798401,9.590332,1.3830360136732982,163,1970-01-18 22:56:07.660220106,-0.010513306,-0.003189087,0.0025939941,9.815636679635576,0.011288431438160034,97.30555725097656,-9.442498207092285,5.174360275268555,106095884.0,50354.0,0.08353327278620001,-0.009111228999000031,0.06776203309050526,0.004207482149884319,-0.00046437765833742757,0.003366842584646485,106.09588402300142
1631,E,1551367710574109.0,1.6526794,9.532135,1.420038613673298,163,1970-01-18 22:56:07.710574109,-0.004333496,-0.001373291,-0.0024414063,9.749490316937772,0.005159998107981891,97.30328369140625,-9.450294494628906,5.174643039703369,106146238.0,50354.0,0.08390284345150001,-0.012022848341000028,0.07057300989270526,0.004215539098516573,-0.0005320926651891815,0.0034828613771882917,106.14623802597634
1631,E,1551367760928113.0,1.7049713,9.55307,1.3517860136732982,163,1970-01-18 22:56:07.760928113,0.008407593,-0.011444092,-0.017150879,9.787607708081122,0.02226673555397724,97.31144714355469,-9.46391487121582,5.172919273376465,106196592.0,50354.0,0.0845355716739,-0.012960993715000032,0.06978622864270527,0.004240773977612196,-0.0006290181914439135,0.0035338245486060313,106.1965920298826
1631,E,1551367811282117.0,1.7097015,9.579514,1.3509468136732983,163,1970-01-18 22:56:07.811282117,0.020309448,-0.012924194,-0.023986816,9.814351827503426,0.03398346377919997,97.31961059570312,-9.47685718536377,5.171262264251709,106246946.0,50354.0,0.0859712170856,-0.011768132632000047,0.06804670439410528,0.004292849420597931,-0.000622605214038421,0.003470219755067779,106.24694603402168
1631,E,1551367861636121.0,1.6981812,9.626785,1.3603157136732982,163,1970-01-18 22:56:07.861636121,0.024856567,-0.014007568,-0.008575439,9.857296692789683,0.029792600395783412,97.3255386352539,-9.487427711486816,5.169859886169434,106297300.0,50354.0,0.08580026273790001,-0.009912210077000048,0.06826145665100526,0.00432469054751626,-0.0005458459883844953,0.0034318305706327484,106.29730003792793
1631,E,1551367911990125.0,1.6932068,9.665436,1.421427113673298,163,1970-01-18 22:56:07.911990125,-0.0065460205,-0.02243042,0.0044403076,9.886549642281972,0.023784248092917255,97.32017517089844,-9.49685287475586,5.1695637702941895,106347654.0,50354.0,0.08538497567600001,-0.007748951883000046,0.07003593916410525,0.004309930747546761,-0.0004446550746669224,0.0034819135344370377,106.347654042067
1631,E,1551367962344129.0,1.7719727,9.577957,1.4340309136732983,163,1970-01-18 22:56:07.962344129,-0.019561768,-0.021530151,0.0036010742,9.813416757334936,0.029311736638461573,97.31405639648438,-9.519542694091797,5.169337272644043,106398008.0,50354.0,0.08724282427150001,-0.008978294439000055,0.07189186675450526,0.004346250119278208,-0.0004211418806489966,0.0035733163696128572,106.39800804597326
1631,E,1551368012698133.0,1.7346954,9.561722,1.4088691136732983,163,1970-01-18 22:56:08.012698133,-0.006378174,0.004470825,0.0056610107,9.793999378692972,0.00962893669625133,97.31253814697266,-9.536911964416504,5.169719219207764,106448362.0,50354.0,0.0882873827537,-0.011589501817000056,0.07157569398850526,0.0044193240222734605,-0.0005178354063373148,0.0036120827768267765,106.4483620498795
1631,E,1551368063052137.0,1.6510468,9.58963,1.3515571136732982,163,1970-01-18 22:56:08.063052137,0.0035247803,0.020004272,0.0067749023,9.814108953364935,0.021412479435782242,97.31932067871094,-9.5410795211792,5.169561386108398,106498716.0,50354.0,0.0852428313694,-0.011295610696000056,0.06949925112590527,0.004368970200977288,-0.0005761784777398039,0.0035518438931455144,106.49871605401859
1631,E,1551368113406141.0,1.6171112,9.606216,1.2987922136732981,163,1970-01-18 22:56:08.113406141,-0.0038909912,0.010467529,0.007827759,9.831669046102686,0.013637550617555904,97.33303833007812,-9.539694786071777,5.167716979980469,106549070.0,50354.0,0.082282413966,-0.010175385258000049,0.06672784501460526,0.004217783101809366,-0.0005405752651338607,0.003429789599529634,106.54907005792484
1631,E,1551368163760145.0,1.6408539,9.554459,1.3179115136732982,163,1970-01-18 22:56:08.163760145,-0.008026123,0.0010070801,0.0045318604,9.7824793146686,0.009272034265684804,97.34451293945312,-9.54284381866455,5.165769100189209,106599424.0,50354.0,0.0820257873227,-0.01106088552500005,0.06588074974340527,0.0041367875838456,-0.0005346655895035934,0.003338686590222431,106.59942406206392
1631,E,1551368214114149.0,1.6553955,9.595306,1.3492988136732982,163,1970-01-18 22:56:08.214114149,0.008041382,0.013870239,-0.01133728,9.820681141474061,0.01963622347055169,97.3509521484375,-9.546404838562012,5.1655144691467285,106649778.0,50354.0,0.0829896711438,-0.011335566595000027,0.06715235441160526,0.004154594197811071,-0.0005638754750252419,0.0033493744633107,106.64977806597017
1631,E,1551368264468152.0,1.6794281,9.642059,1.3937171136732982,163,1970-01-18 22:56:08.264468152,0.019439697,0.022979736,-0.007980347,9.864770057587059,0.03113930031843866,97.3503646850586,-9.552549362182617,5.166950225830078,106700132.0,50354.0,0.0839608537772,-0.009130061395000024,0.06906091200280527,0.004203313365936017,-0.0005152631159042313,0.0034294414085156142,106.7001320689451
1631,E,1551368314822156.0,1.6446381,9.635864,1.3448890136732983,163,1970-01-18 22:56:08.314822156,0.014770508,0.014862061,-0.003692627,9.859084886211077,0.02127637793203801,97.35687255859375,-9.553716659545898,5.166744709014893,106750486.0,50354.0,0.08369001471740001,-0.00810893262900005,0.06894988646820525,0.004220945916088545,-0.0004340261525422499,0.003474697873104632,106.75048607285134
1631,E,1551368365176160.0,1.7173004,9.606186,1.447199213673298,163,1970-01-18 22:56:08.365176160,0.0033721924,0.015396118,0.00079345703,9.829682320384338,0.01578105525974097,97.34822082519531,-9.566554069519043,5.168957710266113,106800840.0,50354.0,0.0846435256145,-0.009012107150000061,0.07029640529990526,0.004238133544936247,-0.0004310564185158858,0.0035058038878457184,106.80084007699043
1631,E,1551368415530164.0,1.6851349,9.638504,1.303263013673298,163,1970-01-18 22:56:08.415530164,-0.0005340576,0.0069274902,0.007446289,9.873998878392811,0.010184427223105617,97.36009979248047,-9.573472023010254,5.167268753051758,106851194.0,50354.0,0.08566311354810001,-0.008945639870000074,0.06924838749790527,0.004287810254196781,-0.0004521221967225435,0.0035133192482704753,106.85119408089668
1631,E,1551368465884168.0,1.7060394,9.616409,1.3073982136732982,163,1970-01-18 22:56:08.465884168,0.0010070801,-0.00015258789,0.0010528564,9.855473952410591,0.0014649232031105324,97.37163543701172,-9.583402633666992,5.165341854095459,106901548.0,50354.0,0.08537959535110001,-0.008688255399000032,0.06572861772090526,0.004306342281955159,-0.00044396858118761565,0.0033983160603939925,106.90154808503576
1631,E,1551368516238172.0,1.6925049,9.592529,1.387415313673298,163,1970-01-18 22:56:08.516238172,-0.004425049,-0.012420654,-0.0042419434,9.819403834999536,0.013850912903087672,97.37149047851562,-9.59166145324707,5.1647515296936035,106951902.0,50354.0,0.08556514984110002,-0.009845767973999995,0.06784732017800527,0.004303875849704021,-0.0004666311064620217,0.003363041388480871,106.951902088942
1631,E,1551368566592176.0,1.7331848,9.622894,1.365351113673298,163,1970-01-18 22:56:08.566592176,0.0017700195,0.006713867,-0.0074920654,9.858943384653845,0.010214696426323517,97.3741226196289,-9.604667663574219,5.164700031280518,107002256.0,50354.0,0.08624858957690001,-0.009682495129000004,0.06930640034130525,0.004325754517326987,-0.000491663080144231,0.0034531192215146813,107.00225609308109
1631,E,1551368616946180.0,1.6301575,9.622101,1.3353218136732983,163,1970-01-18 22:56:08.616946180,0.0054016113,0.010604858,0.0017852783,9.844477285335106,0.012034435443547096,97.38128662109375,-9.603001594543457,5.164060592651367,107052610.0,50354.0,0.08467886908710001,-0.008937960885000007,0.06799484229180526,0.004303440626783529,-0.00046880722106447826,0.0034568333857738233,107.05261009698734
1631,E,1551368667300184.0,1.5982208,9.66037,1.3435768136732982,163,1970-01-18 22:56:08.667300184,0.0010070801,-0.011749268,0.0051574707,9.875589762134728,0.012870859057770717,97.38627624511719,-9.59594440460205,5.162629127502441,107102964.0,50354.0,0.08128088045910001,-0.00799442763300001,0.06744663074070525,0.004178368614324678,-0.0004263067457176865,0.003410009966539518,107.10296410089359
1631,E,1551368717654188.0,1.6750183,9.626434,1.3115943136732982,163,1970-01-18 22:56:08.717654188,-0.003768921,0.0002746582,4.5776367e-05,9.859377541705319,0.0037791927850857198,97.39610290527344,-9.600589752197266,5.160969257354736,107153318.0,50354.0,0.0824103408207,-0.007885335692000034,0.06684924347320527,0.004121253878161525,-0.00039980480123352616,0.003381167225083626,107.15331810503267
1631,E,1551368768008192.0,1.6600952,9.633667,1.2885536136732982,163,1970-01-18 22:56:08.768008192,-0.002670288,-0.0052490234,0.007980347,9.86701904045888,0.00991809572937772,97.40904235839844,-9.603096961975098,5.158484935760498,107203672.0,50354.0,0.08396815258950001,-0.008557637123000022,0.06546392436680527,0.004188911328588606,-0.0004139847265632564,0.0033312486267079457,107.20367210893892
1631,E,1551368818362195.0,1.6708832,9.621048,1.393137313673298,163,1970-01-18 22:56:08.818362195,-0.0025634766,0.003982544,0.008361816,9.84285298561851,0.009609996660173174,97.40653228759766,-9.607797622680664,5.159020900726318,107254026.0,50354.0,0.0838640431768,-0.008693240445000014,0.06751693247780527,0.004225511192808135,-0.0004343253445295369,0.0033480590327767596,107.25402611191384
1631,E,1551368868716199.0,1.7238922,9.612152,1.3337196136732983,163,1970-01-18 22:56:08.868716199,-0.0074005127,0.0033569336,0.0052337646,9.8509343564209,0.0096658617466775,97.41272735595703,-9.619852066040039,5.158059120178223,107304380.0,50354.0,0.08547026024580001,-0.009234923600000035,0.06865407685980526,0.004263329757270801,-0.00045137738616096625,0.0034283775020930206,107.30438011605293
1631,E,1551368919070203.0,1.697586,9.638107,1.3822578136732981,163,1970-01-18 22:56:08.919070203,-0.003112793,0.008728027,0.008605957,9.865456711127763,0.01264636040366662,97.41133117675781,-9.627549171447754,5.158637523651123,107354734.0,50354.0,0.08614255664140001,-0.008805429157000041,0.06838016368830527,0.004320695890769035,-0.00045420196136299095,0.003450111074279779,107.35473411995918
1631,E,1551368969424207.0,1.7193604,9.584457,1.3330940136732983,163,1970-01-18 22:56:08.969424207,-0.004928589,0.028259277,0.0066375732,9.82320077678265,0.029443761717535485,97.4179458618164,-9.639385223388672,5.158827781677246,107405088.0,50354.0,0.08602845951280001,-0.009502706172000032,0.06836441295710527,0.004334749673714294,-0.0004609439231782349,0.0034428182062015015,107.40508812386543
1631,E,1551369019778211.0,1.701355,9.588959,1.2889503136732983,163,1970-01-18 22:56:09.019778211,-0.0029144287,0.020004272,0.005340576,9.83037586460363,0.020909006310897312,97.43095397949219,-9.647967338562012,5.1575703620910645,107455442.0,50354.0,0.0861233516258,-0.010740105368000047,0.06601521002960527,0.004334266149036533,-0.000509653266142582,0.003383275767936411,107.4554421280045
1631,E,1551369070132215.0,1.7477722,9.627747,1.3250831136732981,163,1970-01-18 22:56:09.070132215,0.0068206787,0.02609253,0.0042419434,9.871488800217636,0.02730083997862222,97.43798065185547,-9.662100791931152,5.157694339752197,107505796.0,50354.0,0.0868386755144,-0.009650193038000073,0.06581351960030526,0.004354664957308815,-0.000513366542967865,0.003319051925892258,107.50579613191076
1631,E,1551369120486219.0,1.7039032,9.6041565,1.3287147136732982,163,1970-01-18 22:56:09.120486219,0.006225586,0.034317017,0.008636475,9.840311370755678,0.03593054796753467,97.4447021484375,-9.670486450195312,5.158242225646973,107556150.0,50354.0,0.0869028315458,-0.009267565580500046,0.06681466789910527,0.004374289923254656,-0.0004762924087379775,0.003339179876672659,107.55615013604984
1631,E,1551369170840223.0,1.6278229,9.570847,1.2997993136732982,163,1970-01-18 22:56:09.170840223,0.0024871826,0.025817871,0.011383057,9.798751186010225,0.028325298355421302,97.4560546875,-9.668529510498047,5.157546043395996,107606504.0,50354.0,0.0838828680197,-0.010700136880500017,0.06617809766650526,0.004299871557960594,-0.0005027268448605986,0.0033483588586453762,107.60650413995609
1631,E,1551369221194227.0,1.6695862,9.619446,1.3776191136732983,163,1970-01-18 22:56:09.221194227,-0.0010681152,0.0007019043,0.0061187744,9.843026528711563,0.0062508351349979535,97.45476531982422,-9.671266555786133,5.157746315002441,107656858.0,50354.0,0.0830188689107,-0.010315193139000024,0.06740936374530526,0.004202085030696681,-0.0005291029639009525,0.0033633315159651536,107.65685814386234
1631,E,1551369271548231.0,1.7611084,9.630295,1.3710884136732981,163,1970-01-18 22:56:09.271548231,0.013427734,0.002609253,-0.003112793,9.870378573127661,0.014028603702921185,97.45498657226562,-9.686298370361328,5.15797233581543,107707212.0,50354.0,0.08637459794420001,-0.008818470843000031,0.06920420941600526,0.004264819315005818,-0.0004817282580748154,0.0034395199314823147,107.70721214800142
1631,E,1551369321902234.0,1.7671814,9.629715,1.3990577136732982,163,1970-01-18 22:56:09.321902234,0.051086426,0.021331787,-0.009628296,9.867375122372055,0.05619227831233096,97.45282745361328,-9.701725959777832,5.15986967086792,107757566.0,50354.0,0.0888317522946,-0.008559928230000052,0.06974396904820526,0.004411170279962268,-0.0004375359534609231,0.0034982982891934287,107.75756615097634
1631,E,1551369372256238.0,1.7949829,9.651337,1.2534736136732982,163,1970-01-18 22:56:09.372256238,0.07449341,-0.0018615723,0.001083374,9.912623132042468,0.07452454148856001,97.47286987304688,-9.72005558013916,5.157016754150391,107807920.0,50354.0,0.08968461058110001,-0.008030153796000063,0.06678278122860527,0.004494506468121499,-0.0004176884951686049,0.0034373339917192595,107.8079201548826
1631,E,1551369422610242.0,1.6872864,9.591034,1.3449653136732982,163,1970-01-18 22:56:09.422610242,0.05480957,0.015197754,0.0048065186,9.822500600502885,0.05708032332846024,97.47917175292969,-9.72467041015625,5.157126426696777,107858274.0,50354.0,0.0876730941661,-0.009004025333000027,0.06542089687380527,0.004465334932420255,-0.00042886952793083535,0.0033284920035843903,107.85827415902168
1631,E,1551369472964246.0,1.802948,9.500961,1.2618965136732982,163,1970-01-18 22:56:09.472964246,0.049240112,-0.004562378,0.0079956055,9.766556308500395,0.0500932493465842,97.49922943115234,-9.747889518737793,5.153875350952148,107908628.0,50354.0,0.08787363148880001,-0.012790041885000018,0.06563296022710527,0.004419739911813418,-0.0005487092303475871,0.0032995429602296253,107.90862816292793
1631,E,1551369523318250.0,1.7675171,9.495758,1.1908668136732983,163,1970-01-18 22:56:09.523318250,0.05117798,0.015563965,0.001739502,9.765214619473657,0.05352054288410787,97.52930450439453,-9.765127182006836,5.149963855743408,107958982.0,50354.0,0.0898935998227,-0.015188805737000021,0.06175322229260526,0.0044756455827296366,-0.000704423446579095,0.0032072019172987524,107.958982167067
1631,E,1551369573672254.0,1.7550812,9.545227,1.2195686136732982,163,1970-01-18 22:56:09.573672254,0.026687622,0.020004272,-0.0044555664,9.806929437906161,0.03364895448910229,97.55205535888672,-9.778668403625488,5.147332668304443,108009336.0,50354.0,0.08868845739910002,-0.014074320655000014,0.06068753275430526,0.004496160454673259,-0.0007367577331713849,0.0030826908898160662,108.00933617097326
1631,E,1551369624026258.0,1.7534943,9.557404,1.2040962136732982,163,1970-01-18 22:56:09.624026258,-0.0053100586,-0.0051879883,0.0035705566,9.82073004857606,0.008237767863333757,97.57487487792969,-9.791507720947266,5.14313268661499,108059690.0,50354.0,0.08833540536350001,-0.012522259313000023,0.06102060935810526,0.004456929792773981,-0.000669622093854337,0.00306424589396416,108.0596901748795
1631,E,1551369674380262.0,1.7999878,9.579544,1.2105354136732982,163,1970-01-18 22:56:09.674380262,-0.016448975,0.0140686035,0.004180908,9.849738373712153,0.02204482648367415,97.59496307373047,-9.810287475585938,5.140233039855957,108110044.0,50354.0,0.08946601883170001,-0.011658260204000029,0.06079318048170526,0.004476506456962551,-0.0006087929398795103,0.0030669057867969097,108.11004417901859
1631,E,1551369724734266.0,1.7667542,9.604065,1.2458747136732982,163,1970-01-18 22:56:09.724734266,-0.036697388,0.0079193115,0.0060272217,9.862568788045214,0.03802290338832014,97.6079330444336,-9.823382377624512,5.138058662414551,108160398.0,50354.0,0.089799863334,-0.010483476207000022,0.06184503777620526,0.004513377115285829,-0.0005574624976197482,0.0030876624210794132,108.16039818292484
1631,E,1551369775088270.0,1.7648468,9.549545,1.260675813673298,163,1970-01-18 22:56:09.775088270,-0.07081604,0.0053863525,0.008361816,9.807067440935523,0.07151114795158663,97.61787414550781,-9.837438583374023,5.135965824127197,108210752.0,50354.0,0.08891511837700002,-0.011238761030000025,0.06310742262700526,0.004499507094537848,-0.0005469007669159502,0.0031459280955716314,108.21075218706392
1631,E,1551369825442274.0,1.7279358,9.587372,1.230051413673298,163,1970-01-18 22:56:09.825442274,-0.1273346,0.0028686523,0.0056152344,9.841658291345466,0.1274906285989101,97.6284408569336,-9.844615936279297,5.133171558380127,108261106.0,50354.0,0.0879377875202,-0.011659040691000027,0.06270903940290526,0.004452625611773805,-0.0005764979539296184,0.0031676810645270576,108.26110619097017
1631,E,1551369875796277.0,1.6474457,9.695816,1.3982948136732982,163,1970-01-18 22:56:09.875796277,-0.05570984,0.01499939,-0.008255005,9.911384966120917,0.058281327033173534,97.61554718017578,-9.83739948272705,5.135690212249756,108311460.0,50354.0,0.0849819800255,-0.007976375724000014,0.06617387296590525,0.0043536009874980885,-0.000494360879080456,0.003244885084709542,108.3114601939451
1631,E,1551369926150281.0,1.9052734,9.4785,1.3626503136732981,163,1970-01-18 22:56:09.926150281,0.012313843,0.028823853,0.0034942627,9.750569407232746,0.03153815313252933,97.61563873291016,-9.873527526855469,5.137160301208496,108361814.0,50354.0,0.08944680878070001,-0.01071744606800001,0.06951231547120526,0.004391593615773698,-0.0004706543512571846,0.003416171166281131,108.36181419785134
1631,E,1551369976504285.0,1.5901794,9.687988,1.3221687136732982,163,1970-01-18 22:56:09.976504285,-0.020751953,-0.033416748,0.013397217,9.904113145181318,0.04155487965997257,97.616455078125,-9.858112335205078,5.1351237297058105,108412168.0,50354.0,0.0880050151456,-0.01091453162400001,0.06759568865150525,0.004467704570992455,-0.0005446283023514846,0.003451968219797483,108.41216820199043
1631,E,1551370026858289.0,1.6964874,9.603256,1.3833259136732983,163,1970-01-18 22:56:10.026858289,-0.011016846,-0.0005950928,-0.0056610107,9.831086727423148,0.012400486820034218,97.61015319824219,-9.859801292419434,5.136118412017822,108462522.0,50354.0,0.0827484100236,-0.007773549812000018,0.06811623823270527,0.0042990589854849486,-0.0004705098263141727,0.0034168191831637686,108.46252220589668
1631,E,1551370077212293.0,1.7524872,9.5849,1.3346504136732982,163,1970-01-18 22:56:10.077212293,-0.016479492,-0.029251099,-0.0007019043,9.829280125948834,0.03358114231130656,97.6114501953125,-9.869832038879395,5.1343255043029785,108512876.0,50354.0,0.0868348335042,-0.010368996388000054,0.06843048999360525,0.0042695973222994215,-0.0004567748856774018,0.0034378369765538206,108.51287621003576
1631,E,1551370127566297.0,1.6998138,9.638245,1.4157814136732982,163,1970-01-18 22:56:10.127566297,-0.0079956055,-0.0068359375,-0.0007019043,9.861797654167352,0.010542884731509446,97.60009002685547,-9.871148109436035,5.135882377624512,108563230.0,50354.0,0.08691858227700001,-0.009488078335000066,0.06924762211710526,0.004374589749123273,-0.000499941570300974,0.003466321828611359,108.563230213942
1631,E,1551370177920301.0,1.6814728,9.602722,1.3692878136732982,163,1970-01-18 22:56:10.177920301,-0.018295288,-0.03100586,-0.0018463135,9.829773114037813,0.03604843673285745,97.59615325927734,-9.870307922363281,5.134896755218506,108613584.0,50354.0,0.08513065272820002,-0.009039373841000049,0.07011968793690526,0.004331683589725921,-0.00046646566343515496,0.0035088507652298235,108.61358421808109
1631,E,1551370228274305.0,1.6578369,9.630478,1.4166358136732982,163,1970-01-18 22:56:10.228274305,-0.023483276,-0.058425903,-0.00077819824,9.84694764937237,0.0629734546103223,97.58483123779297,-9.865445137023926,5.133788585662842,108663938.0,50354.0,0.08407380031690001,-0.009234923600000035,0.07014119916570526,0.004260060514316483,-0.0004600919866720592,0.0035313483545824256,108.66393822198734
1631,E,1551370278628309.0,1.6952057,9.617859,1.4049018136732982,163,1970-01-18 22:56:10.278628309,-0.020553589,-0.060760498,0.006652832,9.842426160051245,0.06448680726791449,97.575927734375,-9.866686820983887,5.132127285003662,108714292.0,50354.0,0.0844195535402,-0.008853819351000053,0.07103785284370526,0.004242157170060207,-0.0004554202812773293,0.0035544649924409283,108.71429222589359
1631,E,1551370328982313.0,1.6678467,9.631912,1.3913368136732982,163,1970-01-18 22:56:10.328982313,-0.016174316,-0.06410217,0.0071258545,9.853183832877802,0.06649416891075433,97.5692138671875,-9.86358642578125,5.129962921142578,108764646.0,50354.0,0.0846715702748,-0.00881771553300006,0.07040089992070526,0.0042572072242902555,-0.0004449162337744708,0.0035610034783495645,108.76464623003267
1631,E,1551370379336317.0,1.7267456,9.617798,1.4175361136732982,163,1970-01-18 22:56:10.379336317,-0.015914917,-0.0647583,0.003753662,9.846286424196135,0.06679080760416911,97.55912017822266,-9.869267463684082,5.128369331359863,108815000.0,50354.0,0.0854656503371,-0.008819251330000027,0.07071899369180526,0.004283544803345807,-0.00044404591470975315,0.003552975561482178,108.81500023393892
1631,E,1551370429690320.0,1.7708588,9.620621,1.395868613673298,163,1970-01-18 22:56:10.429690320,-0.011764526,-0.04838562,0.012329102,9.859558297452601,0.051298918613509575,97.55247497558594,-9.881505966186523,5.126965045928955,108865354.0,50354.0,0.08805918597880001,-0.009103524837000027,0.07083309082040526,0.004368834803925415,-0.0004512417355565604,0.0035638568317639245,108.86535423691384
1631,E,1551370480044324.0,1.7014923,9.595413,1.424875613673298,163,1970-01-18 22:56:10.480044324,-0.01159668,-0.050750732,0.019973755,9.819112845418058,0.055759041189373484,97.54224395751953,-9.884599685668945,5.126014232635498,108915708.0,50354.0,0.08742338364470001,-0.009667111982000024,0.07101787741190525,0.00441812465541086,-0.00047258832319196426,0.0035713818271848824,108.91570824105293
1631,E,1551370530398328.0,1.7083435,9.593796,1.4506019136732982,163,1970-01-18 22:56:10.530398328,-0.0073394775,-0.04890442,0.012817383,9.815602788382355,0.051086157934200675,97.5287094116211,-9.888385772705078,5.125804424285889,108966062.0,50354.0,0.0858494359366,-0.010342485007000038,0.07239589770600525,0.00436248977859839,-0.0005037816233920546,0.003610728616143633,108.96606224495918
1631,E,1551370580752332.0,1.7147064,9.601959,1.4097236136732982,163,1970-01-18 22:56:10.580752332,-0.0027923584,-0.05606079,0.008911133,9.829673427493612,0.056833244955763695,97.52165222167969,-9.89240837097168,5.1241984367370605,109016416.0,50354.0,0.0861821273323,-0.010177676365000034,0.07201441580200525,0.004331238668421096,-0.0005166361028628459,0.0036358184631911806,109.01641624886543
1631,E,1551370631106336.0,1.7416229,9.577438,1.3724464136732981,163,1970-01-18 22:56:10.631106336,0.00390625,-0.06097412,0.0071258545,9.815164040211437,0.0615132498019091,97.5210952758789,-9.900572776794434,5.121304988861084,109066770.0,50354.0,0.0870200027861,-0.010589521730999996,0.07004669477850527,0.004360710029990958,-0.0005228557464629928,0.0035766725810855134,109.0667702530045
1631,E,1551370681460340.0,1.7565613,9.6085205,1.3531288136732982,163,1970-01-18 22:56:10.681460340,0.011016846,-0.047836304,0.004638672,9.850631390809014,0.049307201848124746,97.52301025390625,-9.909772872924805,5.118703842163086,109117124.0,50354.0,0.0880737836034,-0.010424322845500038,0.06862180749890526,0.004408336259928442,-0.0005290655649025413,0.003491256881838365,109.11712425691076
1631,E,1551370731814344.0,1.74646,9.615875,1.378122713673298,163,1970-01-18 22:56:10.731814344,0.0069732666,-0.04989624,0.002380371,9.852808079473892,0.05043736094711852,97.5208969116211,-9.917068481445312,5.116676330566406,109167478.0,50354.0,0.0881955672701,-0.009456594496500038,0.06876471970400526,0.004437933446942109,-0.000500541855919536,0.003458980595387678,109.16747826104984
1631,E,1551370782168348.0,1.7478027,9.594162,1.3279670136732982,163,1970-01-18 22:56:10.782168348,0.012435913,-0.048324585,0.0002593994,9.838359732563665,0.049899746849202696,97.52685546875,-9.924666404724121,5.113396167755127,109217832.0,50354.0,0.08797505199790001,-0.009818098450999997,0.06813122106540526,0.004435447681310436,-0.00048527894433920835,0.003446629100751449,109.21783226495609
1631,E,1551370832522352.0,1.7643738,9.60051,1.3244575136732981,163,1970-01-18 22:56:10.832522352,0.019714355,-0.042236328,-0.0010070801,9.847969799445615,0.04662164096551541,97.53337097167969,-9.934247016906738,5.110388278961182,109268186.0,50354.0,0.0884260677405,-0.01020494305600002,0.06678009232500526,0.004441250991653697,-0.0005041201160217395,0.003396662137230366,109.26818626886234
1631,E,1551370882876356.0,1.773056,9.594254,1.2940162136732982,163,1970-01-18 22:56:10.882876356,0.016143799,-0.03404236,-0.0014801025,9.847509345703015,0.037705373939698666,97.54402160644531,-9.944915771484375,5.107030868530273,109318540.0,50354.0,0.08906187007460001,-0.010202626772000055,0.06592531303340525,0.004468613810370774,-0.000513801385559558,0.003341123990708702,109.31854027300142
1631,E,1551370933230359.0,1.7269897,9.596954,1.2542823136732981,163,1970-01-18 22:56:10.933230359,0.010803223,-0.03642273,0.0,9.847417151666932,0.037991115906756794,97.55997467041016,-9.948580741882324,5.102595806121826,109368894.0,50354.0,0.0881206505889,-0.010292156184000046,0.06415851202300527,0.00446092432274494,-0.0005159971504832146,0.003275120463445248,109.36889427597634
1631,E,1551370983584363.0,1.7358246,9.593842,1.3008216136732982,163,1970-01-18 22:56:10.983584363,0.0039520264,-0.047286987,-0.0017700195,9.839551895663012,0.04748484622734758,97.56848907470703,-9.953490257263184,5.098857402801514,109419248.0,50354.0,0.0871832756311,-0.01030252910800002,0.06432985157880526,0.004413626950440941,-0.0005185123915966857,0.003234951530402784,109.4192482798826
1631,E,1551371033938367.0,1.7604065,9.567673,1.3165687136732982,163,1970-01-18 22:56:11.033938367,0.00033569336,-0.05596924,-0.00076293945,9.816299281725076,0.055975446338675273,97.57493591308594,-9.962528228759766,5.095021724700928,109469602.0,50354.0,0.08802461040470001,-0.011039736845000045,0.06589803627160526,0.004411208946723337,-0.0005373342298986828,0.0032787475324097854,109.46960228402168
1631,E,1551371084292371.0,1.74469,9.617004,1.2538551136732983,163,1970-01-18 22:56:11.084292371,0.00047302246,-0.06594849,-0.0031280518,9.870131115283828,0.06602432727102373,97.58944702148438,-9.967415809631348,5.089311122894287,109519956.0,50354.0,0.0882478145805,-0.010456587171000065,0.06471556070110526,0.004438010843852381,-0.0005412129497508347,0.003288458530981933,109.51995628792793
1631,E,1551371134646375.0,1.75531,9.621536,1.2510017136732983,163,1970-01-18 22:56:11.134646375,-0.010818481,-0.08596802,-0.009643555,9.8768263352415,0.08718106530036088,97.6035385131836,-9.97312068939209,5.082643508911133,109570310.0,50354.0,0.0881195,-0.009100478420000026,0.06306478034210528,0.004440399879193249,-0.0004923882403846093,0.003217125646444912,109.570310292067
1631,E,1551371185000379.0,1.8233795,9.580627,1.3277534136732982,163,1970-01-18 22:56:11.185000379,-0.01878357,-0.08164978,-0.00920105,9.838914852731847,0.08428622898846407,97.6064682006836,-9.98979663848877,5.0780510902404785,109620664.0,50354.0,0.09010066554150001,-0.010016342149000023,0.06492531784120527,0.004487049107838346,-0.0004813041914657142,0.0032224067019612094,109.62066429597326
1631,E,1551371235354383.0,1.8508759,9.562622,1.3491004136732982,163,1970-01-18 22:56:11.235354383,-0.014526367,-0.046707153,-0.0021972656,9.823723082437926,0.04896326639125541,97.6064453125,-10.01113224029541,5.075663089752197,109671018.0,50354.0,0.0925067282058,-0.01149961992700006,0.06739514881110527,0.004597506352375772,-0.0005417073771874541,0.0033314323889052228,109.6710182998795
1631,E,1551371285708387.0,1.7770996,9.569962,1.2991127136732983,163,1970-01-18 22:56:11.285708387,-0.005203247,-0.0068511963,0.008056641,9.82388341710167,0.011786523418168044,97.61375427246094,-10.021758079528809,5.073959827423096,109721372.0,50354.0,0.0913415391635,-0.011768132632000047,0.06667406190720526,0.004628747827556866,-0.0005858122061779457,0.003375460518254904,109.72137230401859
1631,E,1551371336062391.0,1.7213287,9.586792,1.2810768136732982,163,1970-01-18 22:56:11.336062391,-0.004928589,0.0037994385,0.012527466,9.832814975617882,0.013987999386165243,97.62310791015625,-10.023920059204102,5.07239294052124,109771726.0,50354.0,0.0880799293091,-0.011159604542000007,0.06496143173000526,0.00451729431173465,-0.0005772516388297994,0.0033141868233040497,109.77172630792484
1631,E,1551371386416395.0,1.7468872,9.621033,1.271356913673298,163,1970-01-18 22:56:11.386416395,-0.006088257,0.017990112,0.012802124,9.872024607030268,0.02290426558486364,97.63274383544922,-10.028887748718262,5.071452617645264,109822080.0,50354.0,0.0873192717143,-0.009873789974999998,0.06426262395340525,0.004416025684166143,-0.0005295577737545092,0.003253474049941226,109.82208031206392
1631,E,1551371436770399.0,1.6769714,9.586716,1.2566780136732982,163,1970-01-18 22:56:11.436770399,-0.008132935,0.024337769,0.016586304,9.828447722107823,0.030554494137393307,97.64488983154297,-10.024765014648438,5.07034969329834,109872434.0,50354.0,0.08620248797220001,-0.009875703427000043,0.06364833536580526,0.004368757343627011,-0.0004972329953821551,0.0032204142227797634,109.87243431597017
1631,E,1551371487124402.0,1.6097107,9.546036,1.2599891136732981,163,1970-01-18 22:56:11.487124402,-0.012893677,0.014434814,0.010299683,9.777010193022184,0.02192474017395449,97.65694427490234,-10.011673927307129,5.0687785148620605,109922788.0,50354.0,0.0827487952317,-0.011763902896000038,0.06336212826520526,0.004253686457224591,-0.000544820368394173,0.0031977424428379525,109.9227883189451
1631,E,1551371537478406.0,1.6555939,9.583252,1.2895149136732982,163,1970-01-18 22:56:11.537478406,-0.0045776367,-0.007019043,0.0011749268,9.816911134023504,0.008461806862508393,97.66416931152344,-10.00412654876709,5.067133903503418,109973142.0,50354.0,0.0822105739142,-0.011851116024000017,0.06418886289650526,0.004153182036986325,-0.0005945553313488415,0.0032113513044783864,109.97314232285134
1631,E,1551371587832410.0,1.7667694,9.620148,1.3256172136732982,163,1970-01-18 22:56:11.587832410,-0.0021362305,-0.02470398,-0.00491333,9.86739079704471,0.025278269724774087,97.66544342041016,-10.011478424072266,5.06572151184082,110023496.0,50354.0,0.0861648408041,-0.00998519820000003,0.06584118157020526,0.004239187816362639,-0.0005497728832176492,0.003273766429538371,110.02349632699043
1631,E,1551371638186414.0,1.7546234,9.680176,1.3713630136732982,163,1970-01-18 22:56:11.638186414,-0.0031280518,-0.017486572,0.0038757324,9.917868165021757,0.01818202986498144,97.65876007080078,-10.016022682189941,5.06597900390625,110073850.0,50354.0,0.08865810652560001,-0.0075449426520000406,0.06790187118390527,0.004401517344919857,-0.0004413563562308058,0.003367248839190241,110.07385033089668
1631,E,1551371688540418.0,1.7050629,9.626678,1.3430274136732983,163,1970-01-18 22:56:11.688540418,-0.0017242432,-0.003326416,0.0039978027,9.860618414890117,0.005479095221469465,97.6573257446289,-10.014734268188477,5.066022872924805,110124204.0,50354.0,0.0871045219751,-0.007380536842000049,0.06834020778930526,0.004425175697762124,-0.0003757787972204403,0.0034301668223085217,110.12420433503576
1631,E,1551371738894422.0,1.728775,9.612167,1.315882113673298,163,1970-01-18 22:56:11.738894422,-0.0054626465,-0.02053833,-0.007171631,9.854164242891253,0.02242979708274293,97.66014862060547,-10.016475677490234,5.064528942108154,110174558.0,50354.0,0.0864537368083,-0.009092799435000049,0.06694336517000525,0.004369676281389662,-0.00041474918744603147,0.003406034516396561,110.174558338942
1631,E,1551371789248426.0,1.800766,9.60701,1.3848823136732982,163,1970-01-18 22:56:11.789248426,-0.0023651123,-0.02406311,-0.008377075,9.853080619689356,0.02558910714775598,97.65309143066406,-10.02875804901123,5.064618110656738,110224912.0,50354.0,0.08886325375700001,-0.009587980671000033,0.06799714598730526,0.004413955871462558,-0.0004703260007287641,0.003397397249407607,110.22491234308109
1631,E,1551371839602430.0,1.723526,9.615524,1.3369392136732983,163,1970-01-18 22:56:11.839602430,-0.0064086914,-0.00064086914,-0.005126953,9.853738175232396,0.008232113081053205,97.65264892578125,-10.029617309570312,5.064641952514648,110275266.0,50354.0,0.088731099684,-0.009503461482000002,0.06852730059400526,0.004471293036584057,-0.00048066523908608195,0.003437275991577655,110.27526634698734
1631,E,1551371889956434.0,1.6167755,9.561768,1.2557777136732982,163,1970-01-18 22:56:11.889956434,-0.01133728,-0.01512146,-0.0078125,9.7941241840228,0.020450614332581798,97.66509246826172,-10.015937805175781,5.0616865158081055,110325620.0,50354.0,0.0840987708655,-0.010642519316000004,0.06527683407980525,0.0043513376508247615,-0.0005072153585512462,0.003368786698682528,110.32562035089359
1631,E,1551371940310438.0,1.7415466,9.575058,1.370569613673298,163,1970-01-18 22:56:11.940310438,-0.015274048,-0.014984131,-0.020141602,9.813068505205413,0.029385453123235466,97.65988159179688,-10.02000617980957,5.061862945556641,110375974.0,50354.0,0.08455247551169999,-0.011661331798000012,0.06612354666060526,0.004246132430038764,-0.0005615440594971784,0.0033082673859013154,110.37597435503267
1631,E,1551371990664442.0,1.7107086,9.554489,1.2816719136732981,163,1970-01-18 22:56:11.990664442,0.0015106201,-0.012786865,-0.018356323,9.799381510726796,0.022421875115499996,97.66909790039062,-10.019862174987793,5.059769153594971,110426328.0,50354.0,0.0869174291704,-0.011844595181000023,0.06677548493400526,0.004317097790181232,-0.000591808723550284,0.0033459989184575095,110.42632835893892
1631,E,1551372041018445.0,1.6914673,9.578445,1.3286842136732981,163,1970-01-18 22:56:12.041018445,0.018600464,0.0049591064,-0.01889038,9.81307134364642,0.02697065912887961,97.67139434814453,-10.0166015625,5.059898853302002,110476682.0,50354.0,0.08565658263430001,-0.011759320682000023,0.06572093621820525,0.0043448958952069325,-0.0005942757896827521,0.003335862395349204,110.47668236191384
1631,E,1551372091372449.0,1.7028046,9.598511,1.3067878136732982,163,1970-01-18 22:56:12.091372449,0.014953613,-0.0051574707,-0.014556885,9.837532416588978,0.02149681247716397,97.67636108398438,-10.014626502990723,5.059011936187744,110527036.0,50354.0,0.0854575836263,-0.010650978788000023,0.06635327923250525,0.004308141363943126,-0.0005642241097561912,0.0033252325224025388,110.52703636605293
1631,E,1551372141726453.0,1.6815186,9.5699005,1.3100685136732981,163,1970-01-18 22:56:12.141726453,0.01109314,-0.0051879883,-0.008926392,9.805504987634102,0.01515432122525456,97.68108367919922,-10.010640144348145,5.058088779449463,110577390.0,50354.0,0.0852071052064,-0.010866103664500049,0.06588459175360525,0.0042968248707408885,-0.0005417355849065943,0.0033293528778173044,110.57739036995918
1631,E,1551372192080457.0,1.6889191,9.580765,1.3291267136732983,163,1970-01-18 22:56:12.192080457,0.0019989014,-0.009902954,-0.0025787354,9.814838501005445,0.010426599685240205,97.68228912353516,-10.00789737701416,5.057432174682617,110627744.0,50354.0,0.08485750997290001,-0.011312894706500067,0.06644701823890527,0.004281716816369237,-0.00055840064198667,0.003331712944781438,110.62774437386543
1631,E,1551372242434461.0,1.7239227,9.551239,1.3153480136732982,163,1970-01-18 22:56:12.242434461,3.0517578e-05,0.002960205,0.0032043457,9.793958009195812,0.004362519493331861,97.68587493896484,-10.011327743530273,5.0569329261779785,110678098.0,50354.0,0.0859251179986,-0.01178273529200003,0.06657994021040527,0.004299794224438456,-0.000581478676472237,0.0033492197328782915,110.6780983780045
1631,E,1551372292788465.0,1.7188263,9.619873,1.2608894136732982,163,1970-01-18 22:56:12.292788465,0.010955811,0.018508911,0.004638672,9.867411721850527,0.022002882970129756,97.69635009765625,-10.01219654083252,5.056080341339111,110728452.0,50354.0,0.08667809157300001,-0.010798113176000016,0.06486192970830526,0.004345631007384174,-0.0005685180218788372,0.0033093119589433753,110.72845238191076
1631,E,1551372343150988.0,1.6582642,9.649673,1.2184852136732982,163,1970-01-18 22:56:12.343150988,-0.0077667236,-0.010101318,-0.0065460205,9.892081632539883,0.014325117982143854,97.71142578125,-10.00277042388916,5.0529398918151855,110778814.0,50362.0,0.0850385158805,-0.008321162174000033,0.06243313249121464,0.004323995892286584,-0.00048144247258835116,0.003205416961246111,110.77881490485743
1631,E,1551372393504992.0,1.7032471,9.599243,1.3064216136732982,163,1970-01-18 22:56:12.393504992,-0.00869751,-0.019866943,-0.003829956,9.838372421579892,0.02202295773340368,97.71438598632812,-10.001617431640625,5.05141019821167,110829168.0,50354.0,0.08463277000010001,-0.00883924186800005,0.06356957919210526,0.0042718139646158665,-0.00043204749256543605,0.003172370272050945,110.82916890899651
1631,E,1551372443858996.0,1.7125397,9.6024475,1.3343910136732982,163,1970-01-18 22:56:12.443858996,-0.00036621094,-0.003829956,-0.001449585,9.83939478651536,0.004111443795886876,97.71336364746094,-10.002058982849121,5.051402568817139,110879522.0,50354.0,0.08599926426360001,-0.010028238281500042,0.06648773951870526,0.0042960027266571756,-0.0004750265477239638,0.0032744531131820766,110.87952291290276
1631,E,1551372494213000.0,1.693222,9.629883,1.311045013673298,163,1970-01-18 22:56:12.494213000,-0.003829956,-0.012390137,0.00050354004,9.86592629660341,0.012978351606139674,97.71517181396484,-9.999008178710938,5.050451278686523,110929876.0,50354.0,0.08574686232090001,-0.009256815001500041,0.06660414286050526,0.004324052229017957,-0.00048553978650609316,0.0033508543226613836,110.92987691704184
1631,E,1551372544567003.0,1.7376099,9.62561,1.3373817136732982,163,1970-01-18 22:56:12.544567003,-0.0006713867,0.0068359375,-0.0008392334,9.865993403600168,0.006919907102304098,97.713134765625,-10.002633094787598,5.051136016845703,110980230.0,50354.0,0.08637805474630002,-0.008673652739000047,0.06667943971440525,0.004333589037000895,-0.0004514353863025708,0.003355680758488522,110.98023092001677
1631,E,1551372594921007.0,1.6698456,9.613968,1.3166908136732982,163,1970-01-18 22:56:12.594921007,-6.1035156e-05,0.015411377,0.002090454,9.845647701376166,0.015552628853429023,97.7143783569336,-9.996891021728516,5.0516581535339355,111030584.0,50354.0,0.08578950712350002,-0.00907434469400004,0.06682158402100526,0.004334662705195956,-0.00044684133137064323,0.0033611552745864306,111.03058492392302
1631,E,1551372645275011.0,1.6863556,9.60611,1.3381599136732982,163,1970-01-18 22:56:12.645275011,0.00012207031,0.028839111,0.0020141602,9.837952324865057,0.028909618913817742,97.71249389648438,-9.994013786315918,5.053381443023682,111080938.0,50354.0,0.08449907761240001,-0.009565296194000058,0.06684117676240527,0.004287355697895756,-0.00046929023863717846,0.003365227328243927,111.0809389280621
1631,E,1551372695629015.0,1.6313324,9.581375,1.2405037136732981,163,1970-01-18 22:56:12.695629015,0.0027618408,0.0056915283,0.0037994385,9.81782298029022,0.007379498079783461,97.72579956054688,-9.983514785766602,5.051346302032471,111131292.0,50354.0,0.083529430776,-0.010385890155000067,0.06492301414570527,0.004230453755694747,-0.0005023110187087761,0.003317427034493499,111.13129293196835
1631,E,1551372745983019.0,1.7168579,9.635345,1.307550813673298,163,1970-01-18 22:56:12.745983019,0.0028076172,-0.002822876,-0.007293701,9.875806072133038,0.00830959791629612,97.72793579101562,-9.983834266662598,5.050914287567139,111181646.0,50354.0,0.0842973871831,-0.009649840560000069,0.06415236883500526,0.00422537579575626,-0.0005044395922115585,0.003249730917305349,111.1816469358746
1631,E,1551372796337023.0,1.749527,9.563324,1.2616371136732982,163,1970-01-18 22:56:12.796337023,-0.0056610107,-0.014587402,-0.0023498535,9.817609702095341,0.015822804768010654,97.73787689208984,-9.9906587600708,5.0484466552734375,111232000.0,50354.0,0.0872731726273,-0.010104310587000065,0.06468444444680525,0.00431963198434644,-0.0004973502634280224,0.0032437244479961436,111.23200094001368
1631,E,1551372846691027.0,1.740448,9.61499,1.3221839136732982,163,1970-01-18 22:56:12.846691027,-0.0014801025,0.012527466,-0.0021209717,9.858135088261069,0.012791662469900584,97.73761749267578,-9.995092391967773,5.049102783203125,111282354.0,50354.0,0.08786710057500001,-0.010616788422000029,0.06505286200550527,0.004409506658414308,-0.0005216951097495953,0.003266396164549822,111.28235494391993
1631,E,1551372897045031.0,1.7177277,9.568146,1.2787879136732982,163,1970-01-18 22:56:12.897045031,0.0029296875,0.00944519,-0.0036773682,9.814319912949696,0.01055072129582274,97.74492645263672,-9.997099876403809,5.048345565795898,111332708.0,50354.0,0.08706648959890001,-0.01049538492800001,0.06548466769710526,0.004404302999808281,-0.0005315411884329511,0.003286543385322625,111.33270894805901
1631,E,1551372947399035.0,1.6932373,9.63652,1.3552345136732982,163,1970-01-18 22:56:12.947399035,0.0019073486,0.010513306,-0.0055999756,9.86660883638811,0.01206347000046642,97.73941802978516,-9.994007110595703,5.049868106842041,111383062.0,50354.0,0.08587786580500001,-0.009953324118000002,0.06631678265330526,0.004354220036003991,-0.0005148371476511424,0.003318365115472286,111.38306295196526
1631,E,1551372997753039.0,1.6883698,9.602524,1.3100379136732982,163,1970-01-18 22:56:12.997753039,-0.004425049,0.009918213,-0.0051879883,9.838524691344007,0.012036080357271916,97.74102783203125,-9.990999221801758,5.050069332122803,111433416.0,50354.0,0.08513872195670001,-0.009087789211999996,0.06710356390330526,0.0043056846300763224,-0.00047939811030940996,0.0033591240652557828,111.43341695587151
1631,E,1551373048107043.0,1.635437,9.581848,1.3085273136732982,163,1970-01-18 22:56:13.048107043,0.0050201416,0.0018310547,-0.0049743652,9.809585021301054,0.007300609025376834,97.74375915527344,-9.980915069580078,5.049757480621338,111483770.0,50354.0,0.0836834838036,-0.010464266155999997,0.06592761672890526,0.004250436674427073,-0.0004922620980001358,0.0033493260347771648,111.48377096001059
1631,E,1551373098461046.0,1.7056732,9.65097,1.3606514136732981,163,1970-01-18 22:56:13.098461046,0.002746582,0.010131836,-0.012664795,9.88216480016608,0.01644976734807046,97.73726654052734,-9.979316711425781,5.051488876342773,111534124.0,50354.0,0.08411913150540001,-0.009244541214000037,0.06720191281840526,0.004224766445634694,-0.0004962086431544909,0.0033518021654126372,111.53412496298552
1631,E,1551373148815050.0,1.672409,9.587387,1.2913917136732982,163,1970-01-18 22:56:13.148815050,-0.0028533936,-0.0046539307,-0.008514404,9.823540817969556,0.010114148578705942,97.74214935302734,-9.974431037902832,5.050442695617676,111584478.0,50354.0,0.0850499755494,-0.009105085811000066,0.06677048981720526,0.0042591706083187,-0.0004619885596084276,0.0033730231811567664,111.58447896689177
1631,E,1551373199169054.0,1.6968536,9.609421,1.3446296136732983,163,1970-01-18 22:56:13.199169054,-0.0012359619,0.013183594,-0.004470825,9.842143832656621,0.013975801542513138,97.73863220214844,-9.973135948181152,5.051718235015869,111634832.0,50354.0,0.0848279244802,-0.010151164984000063,0.06636710895860526,0.00427701588904524,-0.00048481462626571834,0.0033520053243785816,111.63483297103085
1631,E,1551373249523058.0,1.6617126,9.649963,1.3526710136732982,163,1970-01-18 22:56:13.249523058,-0.009490967,0.010940552,0.0031738281,9.874715556117504,0.014827249153775712,97.73282623291016,-9.966231346130371,5.053152084350586,111685186.0,50354.0,0.08455862121740002,-0.008575689032000063,0.06790993789470526,0.004264645061028477,-0.0004714860035608352,0.003380693208625799,111.6851869749371
1631,E,1551373299877062.0,1.6347656,9.676422,1.3430732136732981,163,1970-01-18 22:56:13.299877062,-0.009567261,0.029083252,0.001083374,9.897328441869433,0.03063562842772286,97.72789001464844,-9.955007553100586,5.055334091186523,111735540.0,50354.0,0.08299543164140001,-0.006888804855000033,0.06787075241190525,0.004218508388826009,-0.0003893495625930014,0.0034185504398495325,111.73554097907618
1631,E,1551373350231066.0,1.641449,9.606766,1.2699684136732983,163,1970-01-18 22:56:13.350231066,-0.020217896,-0.0018920898,-0.0032958984,9.840175638651532,0.020571977754732348,97.73490142822266,-9.946024894714355,5.053881645202637,111785894.0,50354.0,0.08248525498420001,-0.007976375724000014,0.06578854905170527,0.004166307247172731,-0.0003742606514374842,0.003365140232949322,111.78589498298243
1631,E,1551373400585070.0,1.665863,9.596725,1.2974647136732982,163,1970-01-18 22:56:13.400585070,-0.0062561035,-0.00019836426,-0.0066833496,9.830719369270746,0.009156710176596056,97.73855590820312,-9.94094181060791,5.053226470947266,111836248.0,50354.0,0.083268194224,-0.009982907093000046,0.06464026384720527,0.004173174590714852,-0.00045216086348361047,0.003283806222355871,111.83624898688868
1631,E,1551373450939074.0,1.6609802,9.599121,1.3368019136732983,163,1970-01-18 22:56:13.450939074,0.004562378,0.008407593,-0.0024261475,9.82698560855791,0.00986859183269271,97.73680877685547,-9.935632705688477,5.053997993469238,111886602.0,50354.0,0.08375993124640001,-0.010175385258000049,0.06632293087670525,0.004205267114968262,-0.0005075253265211295,0.0032972603535638954,111.88660299102776
1631,E,1551373501293078.0,1.6246338,9.609756,1.403574313673298,163,1970-01-18 22:56:13.501293078,0.0010986328,-0.01373291,-0.004547119,9.822754885784681,0.014507794535955382,97.72509002685547,-9.924935340881348,5.055385112762451,111936956.0,50354.0,0.082721903678,-0.009847303771000009,0.06899445227590525,0.004191513157891619,-0.0005041112416831345,0.0034068857556332744,111.93695699493401
1631,E,1551373551647082.0,1.7151794,9.652985,1.3712562136732982,163,1970-01-18 22:56:13.551647082,-0.0014648438,-0.0032043457,-0.0049743652,9.8844234290456,0.006095728657550135,97.71739196777344,-9.926368713378906,5.056578159332275,111987310.0,50354.0,0.0840864769364,-0.008491169843000034,0.06986190818700526,0.004199734598728749,-0.0004617077501796791,0.003495986587374698,111.98731099907309
1631,E,1551373602001086.0,1.6888733,9.595856,1.3232673136732982,163,1970-01-18 22:56:13.602001086,-0.0017242432,0.008224487,-0.0021362305,9.830338356698503,0.008670564097856926,97.7178955078125,-9.925474166870117,5.056891918182373,112037665.0,50355.0,0.08570553685425,-0.008841305722500066,0.06784136610976893,0.00427493842721409,-0.00043638840355037867,0.0034670241886070323,112.03766500297934
1631,E,1551373652355089.0,1.6326599,9.646957,1.302851113673298,163,1970-01-18 22:56:13.652355089,0.00970459,0.01423645,-0.0017700195,9.873493009545294,0.017320177386533322,97.72087860107422,-9.91529655456543,5.057168483734131,112088019.0,50354.0,0.08362624137640001,-0.008992897099000037,0.06611778364530525,0.004263266180513076,-0.00044901172443690817,0.0033726895133835027,112.08801900595427
1631,E,1551373702709093.0,1.6114807,9.649887,1.3438819136732982,163,1970-01-18 22:56:13.702709093,-0.0052490234,-0.0034484863,-0.007522583,9.867452572610862,0.00979967139280314,97.71712493896484,-9.901999473571777,5.057650566101074,112138373.0,50354.0,0.0816777278862,-0.007632558612000033,0.06663679742950526,0.00416185803412448,-0.00041857909843584875,0.003342362087720505,112.13837300986052
1631,E,1551373753063097.0,1.6746368,9.593231,1.301111613673298,163,1970-01-18 22:56:13.753063097,0.0016479492,-0.00064086914,-0.005264282,9.82830655758527,0.0055532976505774465,97.72116088867188,-9.899443626403809,5.05696964263916,112188727.0,50354.0,0.0827345802975,-0.00898521811400006,0.06659300203800525,0.004139408683141015,-0.0004183857646305044,0.003354326661193512,112.1887270139996
1631,E,1551373803417101.0,1.657074,9.675354,1.302866313673298,163,1970-01-18 22:56:13.803417101,0.005493164,0.004776001,-0.0010223389,9.905293305982148,0.007350524682589006,97.72338104248047,-9.892702102661133,5.056880474090576,112239081.0,50354.0,0.0838824828116,-0.00834403545500004,0.06556035227680526,0.0041949177978978115,-0.00043629861710671556,0.0033272250015839843,112.23908101790585
1631,E,1551373853771105.0,1.6572723,9.615509,1.3930458136732982,163,1970-01-18 22:56:13.853771105,-0.008331299,-0.0028533936,-0.0007019043,9.835147707962737,0.008834311954548608,97.71287536621094,-9.887856483459473,5.058475494384766,112289435.0,50354.0,0.0834452967951,-0.007783142249000039,0.06787497963020525,0.004212811507157886,-0.00040603395305361,0.003359501351422804,112.28943502204493
1631,E,1551373904125109.0,1.6619415,9.581924,1.310449913673298,163,1970-01-18 22:56:13.904125109,0.001953125,0.015930176,-0.0027160645,9.813854464931742,0.016277659875570605,97.71577453613281,-9.884378433227539,5.05879020690918,112339789.0,50354.0,0.0835678458426,-0.01013542935900003,0.06806591192740527,0.0042048898921893734,-0.00045113587737461775,0.00342258382674596,112.33978902595118
1631,E,1551373954479113.0,1.5972137,9.649826,1.384210913673298,163,1970-01-18 22:56:13.954479113,0.003540039,0.0028686523,0.0011901855,9.859903739940036,0.004709308193803686,97.70665740966797,-9.870413780212402,5.060516834259033,112390143.0,50354.0,0.08205575047040001,-0.009271430250000039,0.06784347565010526,0.004169905284372401,-0.0004886065043757949,0.0034217906510389828,112.39014302985743
1631,E,1551374004833117.0,1.651825,9.656418,1.3710578136732983,163,1970-01-18 22:56:14.004833117,-0.003479004,0.008071899,-0.000579834,9.87700865392958,0.008808815457584124,97.69918060302734,-9.86436653137207,5.062168121337891,112440497.0,50354.0,0.0818010473499,-0.007395894812000048,0.06936940074840527,0.004125422598721693,-0.0004196332430859762,0.0034546085890853,112.44049703399651
1631,E,1551374055187121.0,1.6390991,9.592789,1.3905738136732981,163,1970-01-18 22:56:14.055187121,-0.0028533936,0.013504028,0.0013427734,9.810194948252548,0.013867359794317465,97.6902084350586,-9.85837173461914,5.064327716827393,112490851.0,50354.0,0.0828555960657,-0.008831915361000031,0.06952959948170526,0.004145560311274561,-0.000408567576725623,0.003497060128793493,112.49085103790276
1631,E,1551374105541125.0,1.6131134,9.587601,1.281290413673298,163,1970-01-18 22:56:14.105541125,0.007507324,0.014770508,0.0035095215,9.815210101574262,0.01693648609889319,97.6981430053711,-9.848673820495605,5.063734531402588,112541205.0,50354.0,0.0818809541125,-0.010564520970000057,0.06726952565190525,0.004147572123836541,-0.0004883440775055892,0.003444191573488912,112.54120504204184
1631,E,1551374155895128.0,1.6917572,9.553421,1.3477119136732982,163,1970-01-18 22:56:14.155895128,-0.0063934326,0.0046081543,-0.0025482178,9.78618941455703,0.008282782166614554,97.69617462158203,-9.851232528686523,5.064258098602295,112591559.0,50354.0,0.0832067270962,-0.011555689106000048,0.06619039159560526,0.00415641254979144,-0.0005569205290834546,0.0033601203365405717,112.59155904501677
1631,E,1551374206249132.0,1.6908417,9.668457,1.3300270136732981,163,1970-01-18 22:56:14.206249132,0.0002593994,0.020874023,0.006591797,9.900667514519553,0.02189164022960496,97.69479370117188,-9.851248741149902,5.06547212600708,112641913.0,50354.0,0.08516369250530001,-0.00951997759400003,0.06741743297380527,0.004239062054306966,-0.0005306220605059021,0.003363844199184049,112.64191304892302
1631,E,1551374256603136.0,1.5219421,9.620895,1.246439313673298,163,1970-01-18 22:56:14.256603136,-0.00920105,-0.0022888184,0.008895874,9.838045839683243,0.013001330124050945,97.70633697509766,-9.827886581420898,5.063248634338379,112692267.0,50354.0,0.0808882577326,-0.007821184696000013,0.06486769272360525,0.0041806899511396085,-0.0004365984429753312,0.0033305426096837047,112.6922670530621
1631,E,1551374306957140.0,1.638092,9.651718,1.3270362136732983,163,1970-01-18 22:56:14.306957140,-0.008148193,-0.0033416748,0.00039672852,9.875828601628537,0.008815737811027811,97.70524597167969,-9.820879936218262,5.063199996948242,112742621.0,50354.0,0.07956017853570001,-0.008242622498999997,0.06479239335200526,0.0040396102799269895,-0.00040443847374851526,0.0032644519871256462,112.74262105696835
1631,E,1551374357311144.0,1.6608429,9.614258,1.2971137136732982,163,1970-01-18 22:56:14.357311144,-0.012283325,-0.016067505,0.0046691895,9.847035258083745,0.020756833105451327,97.7092056274414,-9.818236351013184,5.061604976654053,112792975.0,50354.0,0.0830572839773,-0.008409722248000032,0.06606822272080526,0.004094219853689802,-0.0004192560836952198,0.0032946777308651507,112.7929750608746
1631,E,1551374407665148.0,1.7045746,9.63736,1.333994213673298,163,1970-01-18 22:56:14.407665148,-0.007232666,-0.01210022,0.005584717,9.872143070198861,0.015162976142104986,97.70743560791016,-9.821545600891113,5.061216831207275,112843329.0,50354.0,0.0847311163975,-0.008771213614000066,0.06624340428680525,0.00422440855623634,-0.00043256442219757646,0.00333120983317061,112.84332906501368
1631,E,1551374458019152.0,1.6904602,9.629959,1.3931831136732982,163,1970-01-18 22:56:14.458019152,-0.0124053955,-0.018722534,0.0014038086,9.85489687979866,0.022503284104281537,97.69698333740234,-9.822882652282715,5.061968803405762,112893683.0,50354.0,0.0854767911596,-0.008375909537000069,0.06866214357060525,0.004285324488565107,-0.0004317131195727305,0.003396516978406024,112.89368306891993
1631,E,1551374508373156.0,1.6866608,9.563187,1.3218483136732981,163,1970-01-18 22:56:14.508373156,-0.012023926,-0.028442383,0.0005645752,9.798259152957671,0.03088466759297597,97.69868469238281,-9.824955940246582,5.060187816619873,112944037.0,50354.0,0.085025775417,-0.01024336315800007,0.06835634624630525,0.004292743118699059,-0.00046877742864201855,0.003449714518120356,112.94403707305901
1631,E,1551374558727160.0,1.7433472,9.5971985,1.4054664136732982,163,1970-01-18 22:56:14.558727160,-0.004272461,-0.017471313,0.0045318604,9.830590831881336,0.018548273764034704,97.68766784667969,-9.834814071655273,5.061145782470703,112994391.0,50354.0,0.086357311416,-0.011068174266500074,0.06866560289040526,0.004314911977194442,-0.00053656057773664,0.0034498016134149605,112.99439107696526
1631,E,1551374609081164.0,1.6290741,9.523895,1.361780513673298,163,1970-01-18 22:56:14.609081164,-0.01083374,-0.020858765,0.0025787354,9.74485687218063,0.02364546205883992,97.68448638916016,-9.829521179199219,5.060563564300537,113044745.0,50354.0,0.0849074510701,-0.012057428950500066,0.06967097588980525,0.0043119329251125405,-0.0005822333121944126,0.00348290004394936,113.04474508087151
1631,E,1551374659435168.0,1.7380371,9.644897,1.412607513673298,163,1970-01-18 22:56:14.659435168,-0.0033569336,-0.010879517,0.003692627,9.875344885096007,0.011969477328155434,97.67188262939453,-9.83731746673584,5.06212854385376,113095099.0,50354.0,0.0847737586824,-0.01085652381600004,0.06985076736450525,0.004272063817938693,-0.0005769045888021733,0.0035127389299137754,113.09509908501059
1631,E,1551374709789171.0,1.6490021,9.649109,1.3231452136732982,163,1970-01-18 22:56:14.709789171,-0.012954712,-0.011444092,0.005706787,9.875608229682243,0.01820327505068187,97.672119140625,-9.83189582824707,5.0613837242126465,113145453.0,50354.0,0.0852754859384,-0.007704010938000047,0.06887804641640526,0.004281329831817882,-0.00046729858350146025,0.003492775344561984,113.14545308798552
1631,E,1551374760143175.0,1.6947937,9.644012,1.3691200136732982,163,1970-01-18 22:56:14.760143175,-0.0047912598,-0.00491333,0.005218506,9.872412802469382,0.008621472439904453,97.66606903076172,-9.83344841003418,5.062100410461426,113195807.0,50354.0,0.08418674685659999,-0.007726292583000054,0.06778316162890527,0.004266550635079715,-0.00038848875174821954,0.003440719234956783,113.19580709189177
1631,E,1551374810497179.0,1.5901947,9.634796,1.3593391136732982,163,1970-01-18 22:56:14.810497179,-0.0030822754,-0.0116119385,-0.0018157959,9.84723208645319,0.012150500076938572,97.66192626953125,-9.81977653503418,5.062228679656982,113246161.0,50354.0,0.0827061529468,-0.008086650984000044,0.06869441544920526,0.004201862538350202,-0.0003981224801863614,0.003436095958095589,113.24616109603085
1631,E,1551374860851183.0,1.6763916,9.627731,1.4213966136732983,163,1970-01-18 22:56:14.860851183,-0.008117676,-0.0053710938,-0.0015106201,9.846818171858256,0.00985024290745657,97.64862060546875,-9.819234848022461,5.064174652099609,113296515.0,50354.0,0.08224284327510001,-0.008496557721000025,0.07001058340740526,0.004152920877878777,-0.0004175154455657867,0.0034921757562128837,113.2965150999371
1631,E,1551374911205187.0,1.6582031,9.62323,1.318979613673298,163,1970-01-18 22:56:14.911205187,0.0010070801,-0.005722046,0.008804321,9.852421455114799,0.010548558623099794,97.65119934082031,-9.816384315490723,5.0634074211120605,113346869.0,50354.0,0.08395509076190001,-0.00878775490300003,0.06899445227590525,0.004184365385249549,-0.0004351671389344494,0.0034997297833987092,113.34686910407618
1631,E,1551374961559191.0,1.6867218,9.601349,1.4054969136732982,163,1970-01-18 22:56:14.961559191,-0.0031738281,-0.016296387,-0.00032043457,9.824759338594024,0.016605664466553864,97.6413345336914,-9.8179931640625,5.064268112182617,113397223.0,50354.0,0.0842151742073,-0.009451974517000028,0.06859414552900527,0.004234022761129549,-0.0004592216676073415,0.003464068126934232,113.39722310798243
1631,E,1551375011913195.0,1.7073822,9.583069,1.4081977136732982,163,1970-01-18 22:56:15.011913195,-0.004928589,-0.016433716,0.0029144287,9.81013411100143,0.01740264076934764,97.63157653808594,-9.823158264160156,5.065068244934082,113447577.0,50354.0,0.085453356408,-0.010463108014000015,0.07084038963270527,0.004271744595301409,-0.0005014020328829881,0.0035105432917663863,113.44757711188868
1631,E,1551375062267199.0,1.6830292,9.600876,1.4242195136732982,163,1970-01-18 22:56:15.062267199,0.0026855469,-0.009857178,0.0052948,9.82135108069711,0.011506999057781468,97.61970520019531,-9.824462890625,5.066600322723389,113497931.0,50354.0,0.0853603878178,-0.010475016735000047,0.07131176853290526,0.004300577638372967,-0.0005271591668055746,0.0035789648861355764,113.49793111602776
1631,E,1551375112621203.0,1.6384735,9.5997925,1.320856413673298,163,1970-01-18 22:56:15.112621203,0.0026550293,-0.004699707,0.002380371,9.825971510369026,0.0058993722180710455,97.62326049804688,-9.8189115524292,5.065770626068115,113548285.0,50354.0,0.0836254734779,-0.01005396917550006,0.06911277662280527,0.004254557029841839,-0.0005168582782686612,0.0035354687733853236,113.54828511993401
1631,E,1551375162975207.0,1.6849365,9.627609,1.3992713136732982,163,1970-01-18 22:56:15.162975207,-0.0026397705,-0.011886597,0.0009765625,9.850892941900597,0.01221528758767003,97.61450958251953,-9.819624900817871,5.066654682159424,113598639.0,50354.0,0.08367349357000001,-0.009380912434500057,0.06848465579140525,0.004212086093364978,-0.000489312014294973,0.0034642905558925786,113.59863912407309
1631,E,1551375213329211.0,1.6642151,9.584137,1.3545936136732981,163,1970-01-18 22:56:15.213329211,0.0045166016,-0.0009460449,-0.0012969971,9.810572138089348,0.0047934217885918385,97.61360931396484,-9.818227767944336,5.066807746887207,113648993.0,50354.0,0.0843215898332,-0.009775070958000042,0.06933405727580526,0.004229612214842367,-0.00048229019387297504,0.0034698617388931588,113.64899312797934
1631,E,1551375263683214.0,1.674057,9.603729,1.3910926136732982,163,1970-01-18 22:56:15.263683214,0.0024719238,-0.009613037,0.0010681152,9.826722339335186,0.009983073560624828,97.60698699951172,-9.81797981262207,5.067483425140381,113699347.0,50354.0,0.08404767666170002,-0.010376297718000046,0.06912814214590526,0.004239033022542098,-0.0005073510091556543,0.0034860627948404056,113.69934713095427
1631,E,1551375314037218.0,1.7230225,9.644516,1.3393501136732981,163,1970-01-18 22:56:15.314037218,-0.002609253,-0.001876831,-0.00032043457,9.881628785693742,0.0032300733945563966,97.60698699951172,-9.823548316955566,5.067372798919678,113749701.0,50354.0,0.0855282705715,-0.008856135635000062,0.06874435654640526,0.004269413623490277,-0.00048421497452848374,0.0034712158995763025,113.74970113486052
1631,E,1551375364391222.0,1.6885376,9.596344,1.3685096136732982,163,1970-01-18 22:56:15.364391222,-0.0013122559,-0.010726929,0.0012359619,9.824854005590137,0.01087734448918381,97.60379028320312,-9.82535457611084,5.067373275756836,113800055.0,50354.0,0.0858928486377,-0.009042067780000046,0.06817578435540526,0.004315869518330029,-0.00045062306737945774,0.003447238387484884,113.8000551389996
1631,E,1551375414745226.0,1.6759491,9.6267395,1.3822578136732981,163,1970-01-18 22:56:15.414745226,-0.0008392334,0.0056762695,0.00079345703,9.850647193709754,0.0057925747465839604,97.59796905517578,-9.824691772460938,5.068631172180176,113850409.0,50354.0,0.08470768164590001,-0.009489626720500048,0.06925607151830525,0.004295209550950197,-0.0004665724724390909,0.0034601218353324096,113.85040914290585
1631,E,1551375465099230.0,1.7161102,9.607803,1.3258918136732982,163,1970-01-18 22:56:15.465099230,-0.005554199,0.000579834,0.0036315918,9.846363638326519,0.006661365700889288,97.6007080078125,-9.830190658569336,5.068118572235107,113900763.0,50354.0,0.0854018769961,-0.00920112347750004,0.06818308316770527,0.004282848357929634,-0.00047057701773504826,0.0034603055975296875,113.90076314704493
1631,E,1551375515453234.0,1.6105957,9.629868,1.2755531136732983,163,1970-01-18 22:56:15.515453234,-0.005874634,0.0048828125,0.006958008,9.856875049747705,0.010332814615204139,97.61027526855469,-9.819924354553223,5.0666327476501465,113951117.0,50354.0,0.0837564744443,-0.00912235723300002,0.06549657893580527,0.004258899814214951,-0.00046133027384825996,0.003365652852780085,113.95111715095118
1631,E,1551375565807238.0,1.6062775,9.6203,1.3287147136732982,163,1970-01-18 22:56:15.565807238,-0.01210022,-0.006942749,0.0028839111,9.83966052153057,0.014245491601138383,97.61177825927734,-9.809404373168945,5.065911293029785,114001471.0,50354.0,0.08099121655640001,-0.008807720264000026,0.06556765108910527,0.004147852616324625,-0.0004514255611419702,0.0032998041193371725,114.00147115485743
1631,E,1551375616161242.0,1.6455231,9.601318,1.3095802136732981,163,1970-01-18 22:56:15.616161242,-0.008560181,-0.018722534,0.00079345703,9.830145919566498,0.02060193078797163,97.6167221069336,-9.804999351501465,5.064079284667969,114051825.0,50354.0,0.08187058370620001,-0.00952652361400005,0.06642435138580526,0.004100371545211481,-0.00046160125811640793,0.0033231626463108223,114.05182515899651
1631,E,1551375666515246.0,1.6517181,9.63356,1.4228767136732983,163,1970-01-18 22:56:15.666515246,-0.016830444,-0.03050232,0.0025024414,9.84816815045908,0.03492731858559958,97.60399627685547,-9.801180839538574,5.06459379196167,114102179.0,50354.0,0.08301464169240001,-0.009192676594000077,0.06879506805980526,0.004151315319860553,-0.00047129330363681926,0.003404419323382136,114.10217916290276
1631,E,1551375716869250.0,1.6887817,9.617432,1.4234260136732981,163,1970-01-18 22:56:15.716869250,-0.024932861,-0.03538513,0.0037841797,9.838618959009857,0.04345198498071306,97.59146881103516,-9.803205490112305,5.064762592315674,114152533.0,50354.0,0.08410376346460001,-0.008786974416000034,0.07166136376640526,0.00420754008663779,-0.0004526736734787728,0.003536271584088503,114.15253316704184
1631,E,1551375767223253.0,1.752655,9.607162,1.418924713673298,163,1970-01-18 22:56:15.767223253,-0.025756836,-0.028701782,0.0067749023,9.840308357584634,0.039154899972812664,97.58000946044922,-9.814769744873047,5.065049648284912,114202887.0,50354.0,0.08664505179590001,-0.009451596861999999,0.07156186426240525,0.004298942921813609,-0.0004591925090662069,0.0036059312120813626,114.20288717001677
1631,E,1551375817577257.0,1.7563782,9.607758,1.4636634136732982,163,1970-01-18 22:56:15.817577257,-0.01512146,-0.0028533936,0.0033111572,9.836157059396283,0.0157405263435259,97.56258392333984,-9.826714515686035,5.067732810974121,114253241.0,50354.0,0.08834692887640001,-0.009695159160000008,0.07257492128220526,0.004405773097386498,-0.0004820578763658942,0.003628931849656659,114.25324117392302
1631,E,1551375867931261.0,1.6715393,9.625473,1.4016212136732982,163,1970-01-18 22:56:15.867931261,-0.002380371,0.011627197,0.0019378662,9.846229210798402,0.012025522923497026,97.55484771728516,-9.825575828552246,5.069587230682373,114303595.0,50354.0,0.0863046788975,-0.009234143113000037,0.07213927106270526,0.004397203528923481,-0.00047658304332732213,0.003643469220667812,114.3035951780621
1631,E,1551375918285265.0,1.6598511,9.653397,1.4256996136732982,163,1970-01-18 22:56:15.918285265,-0.017074585,0.0004272461,-0.00021362305,9.868593989243504,0.01708126537934709,97.54263305664062,-9.822009086608887,5.071549415588379,114353949.0,50354.0,0.0838744161008,-0.008085090010000049,0.07118345647010527,0.0042845990747722,-0.0004360463323377732,0.003608436311093571,114.35394918196835
1631,E,1551375968639269.0,1.7102661,9.589371,1.459101113673298,163,1970-01-18 22:56:15.968639269,-0.017868042,-0.0025482178,0.0013275146,9.810596334274129,0.01809758641043645,97.52698516845703,-9.827510833740234,5.073935031890869,114404303.0,50354.0,0.08484944074440001,-0.00899403006400004,0.07263062791240527,0.0042479605437916014,-0.00043000100610310024,0.003620807202498468,114.4043031858746
1631,E,1551376018993273.0,1.7206879,9.627518,1.505716713673298,163,1970-01-18 22:56:16.018993273,-0.011886597,0.009902954,0.008590698,9.844277619796154,0.017696321038388994,97.50440216064453,-9.834000587463379,5.078115463256836,114454657.0,50354.0,0.086381128858,-0.009645585647000033,0.07464521843910525,0.004311072050879625,-0.00046928960475584887,0.0037079639835919808,114.45465719001368
1631,E,1551376069347277.0,1.6558075,9.63092,1.461466213673298,163,1970-01-18 22:56:16.069347277,-0.014968872,0.0158844,0.0058898926,9.841623252709,0.022606904413296366,97.48859405517578,-9.830705642700195,5.081425666809082,114505011.0,50354.0,0.0850100246858,-0.008599506474000037,0.07470476456180526,0.004315115072772253,-0.00045935668433041873,0.003760184522013924,114.50501119391993
1631,E,1551376119701281.0,1.6367035,9.619034,1.443369213673298,163,1970-01-18 22:56:16.119701281,-0.012481689,0.014877319,0.0017700195,9.828957159306295,0.0195002602534136,97.47616577148438,-9.824764251708984,5.0841546058654785,114555365.0,50354.0,0.082895549447,-0.008813108142000065,0.07313504155430525,0.004227358639941506,-0.0004383973981870346,0.003722162798585315,114.55536519805901
1631,E,1551376170055285.0,1.6734314,9.613785,1.444116913673298,163,1970-01-18 22:56:16.170055285,-0.009277344,0.015319824,0.003829956,9.829916015083406,0.018314875976845925,97.46420288085938,-9.82448673248291,5.086841106414795,114605719.0,50354.0,0.0833392663773,-0.009244516037000055,0.07269823822820526,0.004185293958008401,-0.0004546368039546861,0.0036716444850842674,114.60571920196526
1631,E,1551376220409289.0,1.6562347,9.590576,1.4274696136732983,163,1970-01-18 22:56:16.220409289,-0.0074157715,0.01777649,0.0054016113,9.80632325304438,0.02000436623081571,97.45548248291016,-9.82235050201416,5.089099407196045,114656073.0,50354.0,0.0838310033997,-0.009961003103000025,0.07229793399900526,0.004208845882175529,-0.000483537355387782,0.003650568628164479,114.65607320587151
1631,E,1551376270763293.0,1.6836395,9.593033,1.461344113673298,163,1970-01-18 22:56:16.270763293,-0.003829956,0.018432617,0.0007171631,9.809303683604531,0.018839964313730174,97.44213104248047,-9.8240327835083,5.09224271774292,114706427.0,50354.0,0.0840880127334,-0.010483476207000022,0.07273166321340525,0.004227697069183059,-0.0005147306555878712,0.00365141016901686,114.70642721001059
1631,E,1551376321117296.0,1.6824951,9.585953,1.452143113673298,163,1970-01-18 22:56:16.321117296,-9.1552734e-05,0.020095825,0.0012054443,9.803282928314442,0.020132154884515724,97.43074798583984,-9.825685501098633,5.095155239105225,114756781.0,50354.0,0.0847491708242,-0.010599869478000035,0.07335286792290525,0.004250813770429696,-0.0005308153943112464,0.0036779702404188897,114.75678121298552
1631,E,1551376371471300.0,1.6797943,9.594223,1.4585212136732981,163,1970-01-18 22:56:16.371471300,-0.008071899,-0.0042877197,0.0055236816,9.810144454999005,0.010679473400413883,97.41838073730469,-9.826781272888184,5.096950531005859,114807135.0,50354.0,0.0846523602238,-0.01056990884800005,0.07328179576960525,0.004265022347195496,-0.0005329915089137042,0.003691820927786337,114.80713521689177
1631,E,1551376421825304.0,1.7216034,9.625427,1.5145057136732982,163,1970-01-18 22:56:16.421825304,-0.011398315,-0.0055389404,0.002380371,9.841394306037358,0.012894479892249169,97.39741516113281,-9.833090782165527,5.1001482009887695,114857489.0,50354.0,0.0856369898929,-0.009576071950000044,0.07485189894980526,0.004287374967888156,-0.0005072153585512484,0.003729562031950599,114.85748922103085
1631,E,1551376472179308.0,1.7053986,9.656326,1.4953712136732982,163,1970-01-18 22:56:16.472179308,-0.020568848,-0.014312744,0.009796143,9.870981732498253,0.026905325988233055,97.37886047363281,-9.836395263671875,5.102379322052002,114907843.0,50354.0,0.08628162935400001,-0.008012504719000033,0.07577967139980525,0.0043283950767792016,-0.00044282759479541504,0.0037924510466921437,114.9078432249371
1631,E,1551376522533312.0,1.6707306,9.631592,1.471018213673298,163,1970-01-18 22:56:16.522533312,-0.021072388,-0.01927185,0.013580322,9.843674983796987,0.031620798283230105,97.36481475830078,-9.835344314575195,5.103577136993408,114958197.0,50354.0,0.08500080486840002,-0.00785728851400005,0.07468478661230527,0.004312377846417366,-0.0003995537842272432,0.003788243659370906,114.95819722907618
1631,E,1551376572887316.0,1.6867065,9.607697,1.4363960136732983,163,1970-01-18 22:56:16.572887316,-0.023498535,-0.029647827,0.012664795,9.82716532794796,0.0398945087118538,97.3565444946289,-9.836976051330566,5.103255748748779,115008551.0,50354.0,0.0845301938667,-0.00908162084700005,0.07319996800190526,0.004268281955153614,-0.00042647092098189955,0.0037232944669219788,115.00855123298243
1631,E,1551376623241320.0,1.6868896,9.605667,1.453394313673298,163,1970-01-18 22:56:16.623241320,-0.022613525,-0.03404236,0.00881958,9.823164722828867,0.0418095536770201,97.34613037109375,-9.838480949401855,5.103125095367432,115058905.0,50354.0,0.08493702900970002,-0.009734334572000028,0.07275625107160527,0.004266676270359124,-0.00047372930958416504,0.003674739727613775,115.05890523688868
1631,E,1551376673595324.0,1.7691803,9.603622,1.5222877136732982,163,1970-01-18 22:56:16.673595324,-0.022277832,-0.04008484,0.007980347,9.827642668290707,0.04654870712153274,97.32597351074219,-9.85195541381836,5.104372978210449,115109259.0,50354.0,0.0870134718723,-0.009836930847000035,0.07491874640250526,0.004329197760706115,-0.0004927457494541646,0.003718013411405681,115.10925924102776
1631,E,1551376723949328.0,1.8066711,9.610992,1.5824531136732982,163,1970-01-18 22:56:16.723949328,-0.0287323,-0.030929565,0.014450073,9.835079062997693,0.04462048480333393,97.29698181152344,-9.870848655700684,5.1074910163879395,115159613.0,50354.0,0.0900292106978,-0.009702863322000056,0.07816805981010526,0.004457403619067408,-0.0004919533977929153,0.0038542665200148947,115.15961324493401
1631,E,1551376774303332.0,1.8001556,9.556793,1.5228370136732983,163,1970-01-18 22:56:16.774303332,-0.025238037,-0.016601563,0.019241333,9.787473829148217,0.035816187698765864,97.27843475341797,-9.889904022216797,5.109524726867676,115209967.0,50354.0,0.0908090758259,-0.010881877055000029,0.07818188953620527,0.004552965539807195,-0.0005182620084717311,0.00393642267469206,115.20996724907309
1631,E,1551376824657336.0,1.7578735,9.623306,1.5430091136732982,163,1970-01-18 22:56:16.824657336,-0.013046265,-0.008911133,0.012756348,9.842547511905817,0.020306100957372838,97.25678253173828,-9.900464057922363,5.112618923187256,115260321.0,50354.0,0.08958049865070002,-0.01057184747700003,0.07718880794820526,0.004541668316597359,-0.0005401404225421655,0.003911768050565004,115.26032125297934
1631,E,1551376875011339.0,1.7641602,9.644943,1.5896247136732982,163,1970-01-18 22:56:16.875011339,-0.014221191,-0.016738892,0.008010864,9.859806868341492,0.02337962191466408,97.22848510742188,-9.910964012145996,5.116494178771973,115310675.0,50354.0,0.08867424246490001,-0.00835249492700006,0.07887032187110526,0.004487919617067462,-0.0004764581687055103,0.003929100711460781,115.31067525595427
1631,E,1551376925365343.0,1.7585449,9.60144,1.5686897136732982,163,1970-01-18 22:56:16.925365343,-0.012924194,-0.016220093,0.00819397,9.818485513303568,0.022299492187921793,97.2047348022461,-9.921467781066895,5.119631767272949,115361029.0,50354.0,0.0886911463027,-0.008903015209000041,0.07951688233730525,0.004465528393001865,-0.0004344419786940746,0.0039877146403551516,115.36102925986052
1631,E,1551376975719347.0,1.7794495,9.575394,1.593180013673298,163,1970-01-18 22:56:16.975719347,-0.008605957,-0.0046844482,0.007156372,9.794173953800286,0.012133433604166473,97.17849731445312,-9.935491561889648,5.123805046081543,115411383.0,50354.0,0.0890760850088,-0.01065405038200005,0.07960639412540527,0.0044756455827296366,-0.0004923882403846093,0.004006246731501663,115.4113832639996
1631,E,1551377026073351.0,1.794342,9.603516,1.609918913673298,163,1970-01-18 22:56:17.026073351,0.007583618,0.011459351,-0.00015258789,9.822629280296546,0.013742316776122563,97.15068054199219,-9.950350761413574,5.129233360290527,115461737.0,50354.0,0.08997734859550001,-0.010601782930000032,0.08064442169380526,0.0045080282978554615,-0.000535158115296226,0.004034634789880263,115.46173726790585
1631,E,1551377076427355.0,1.8242035,9.606293,1.5741828136732983,163,1970-01-18 22:56:17.076427355,0.03944397,0.02645874,-0.007293701,9.834607338804233,0.04805298914766803,97.13024139404297,-9.96866512298584,5.134448528289795,115512091.0,50354.0,0.0911041200535,-0.009823838806999994,0.08016612918940526,0.004559088136175874,-0.0005142558784724498,0.004048727239586591,115.51209127204493
1631,E,1551377126781359.0,1.7882843,9.624847,1.5349372136732982,163,1970-01-18 22:56:17.126781359,0.06312561,0.021514893,-0.007003784,9.85042275340494,0.0670580811609772,97.11698150634766,-9.980741500854492,5.138386249542236,115562445.0,50354.0,0.09095160534060001,-0.009286788219999995,0.07827831492850526,0.004583616998247257,-0.0004811482566587788,0.003989155769556634,115.56244527595118
1631,E,1551377177135363.0,1.7113953,9.657913,1.4866279136732983,163,1970-01-18 22:56:17.177135363,0.069992065,0.011276245,-0.0033111572,9.87457882812957,0.07097187207808008,97.1109848022461,-9.980647087097168,5.140604019165039,115612799.0,50354.0,0.0881114332892,-0.00798715148,0.07607394521120525,0.004508270123582475,-0.00043490597982689987,0.0038861268535374917,115.61279927985743
1631,E,1551377227489367.0,1.7662506,9.6041565,1.4518989136732983,163,1970-01-18 22:56:17.227489367,0.06137085,0.019699097,0.00050354004,9.83580750061751,0.06445687864696671,97.11067199707031,-9.989901542663574,5.142149448394775,115663153.0,50354.0,0.0875566908243,-0.008508076198500015,0.07398328993210526,0.00442279636080559,-0.00041530034726159487,0.0037779910092031292,115.66315328399651
1631,E,1551377277843371.0,1.7864532,9.612961,1.4624122136732982,163,1970-01-18 22:56:17.277843371,0.045806885,0.02796936,0.005218506,9.84679934869821,0.05392391507564024,97.10782623291016,-10.001904487609863,5.144374847412109,115713507.0,50354.0,0.08944642357259999,-0.009639832702500023,0.07337361125320527,0.004456407411170751,-0.00045690990240047794,0.0037100047011425635,115.71350728790276
1631,E,1551377328197375.0,1.8457642,9.57724,1.452921213673298,163,1970-01-18 22:56:17.328197375,0.014389038,0.03440857,0.008224487,9.824032443121709,0.03819209722473372,97.10547637939453,-10.023209571838379,5.146542072296143,115763861.0,50354.0,0.09144833747980001,-0.010317509423000035,0.07339934970030526,0.004554387399016275,-0.000502466002693715,0.0036953028379265347,115.76386129204184
1631,E,1551377378551378.0,1.7910614,9.5542755,1.3941749136732982,163,1970-01-18 22:56:17.378551378,0.0051574707,0.04307556,0.008407593,9.798717211295958,0.044190394809150636,97.11170196533203,-10.036615371704102,5.147555351257324,115814215.0,50354.0,0.09156435813120001,-0.011795034256500062,0.07168133919820525,0.004607710637398148,-0.0005567275122187739,0.003652696504397799,115.81421529501677
1631,E,1551377428905382.0,1.7346802,9.584427,1.3473915136732981,163,1970-01-18 22:56:17.428905382,0.02079773,0.04144287,0.000869751,9.823990277589951,0.046376863992639704,97.12487030029297,-10.04026985168457,5.147460460662842,115864569.0,50354.0,0.08876759626320001,-0.01161408715750006,0.06902441794130525,0.00454021761578781,-0.0005893714498402811,0.003542548847501456,115.86456929892302
1631,E,1551377479259386.0,1.7227936,9.637802,1.368341813673298,163,1970-01-18 22:56:17.479259386,0.01939392,0.033462524,-0.004470825,9.871294078913898,0.038933955894535056,97.13360595703125,-10.04052734375,5.147768974304199,115914923.0,50354.0,0.0870488178626,-0.009511140467000025,0.06837401798260526,0.004426529858445267,-0.0005318698559020387,0.0034592804212562945,115.9149233030621
1631,E,1551377529613390.0,1.7343597,9.605499,1.383844713673298,163,1970-01-18 22:56:17.529613390,0.006072998,0.016708374,-0.0032196045,9.839816774458054,0.018067011915873094,97.13994598388672,-10.043257713317871,5.147549629211426,115965277.0,50354.0,0.0870407486341,-0.00898061072300002,0.06929180019900526,0.004383053015687416,-0.0004655668197106311,0.003466012304358408,115.96527730696835
1631,E,1551377579967394.0,1.7593536,9.566101,1.4144081136732982,163,1970-01-18 22:56:17.579967394,0.009994507,0.01222229,-0.0075683594,9.801982689190453,0.01750870089483276,97.14261627197266,-10.05038070678711,5.147817611694336,116015631.0,50354.0,0.08796121975410001,-0.010785826800000042,0.07045161143410526,0.004406024558109712,-0.0004976595975165726,0.0035183198746868236,116.0156313108746
1631,E,1551377630321398.0,1.7159424,9.590912,1.4064430136732982,163,1970-01-18 22:56:17.630321398,0.01586914,0.011795044,-0.009063721,9.819506181570345,0.021750947236094734,97.14620971679688,-10.05034351348877,5.147958278656006,116065985.0,50354.0,0.08749752739200001,-0.011153083699000057,0.07102056883320526,0.00441752487689736,-0.0005523559496333255,0.003561845082590077,116.06598531501368
1631,E,1551377680675402.0,1.7375488,9.6223755,1.3887580136732982,163,1970-01-18 22:56:17.680675402,0.014801025,0.008026123,-0.006072998,9.856234684766905,0.01789889092010335,97.1517105102539,-10.052679061889648,5.147557258605957,116116339.0,50354.0,0.0869485479424,-0.00973626061250004,0.07037477626550527,0.00439202883869419,-0.000525931021730638,0.0035599106035502357,116.11633931891993
1631,E,1551377731029406.0,1.7758026,9.59845,1.3992256136732981,163,1970-01-18 22:56:17.731029406,0.009140015,0.0012969971,-0.0036621094,9.83839698773242,0.00993142089205778,97.15576171875,-10.061156272888184,5.147015571594238,116166693.0,50354.0,0.0884556481978,-0.009546476386500033,0.07019306378570526,0.004416151446221816,-0.00048548146942382485,0.003539076508969328,116.16669332305901
1631,E,1551377781383410.0,1.7928467,9.568253,1.381113413673298,163,1970-01-18 22:56:17.781383410,0.008163452,0.0016937256,0.0022125244,9.814323669762068,0.008625886573854,97.16289520263672,-10.072893142700195,5.145908355712891,116217047.0,50354.0,0.08984788342609999,-0.010909118569000035,0.07000059569150525,0.004489148015694931,-0.0005150105141946252,0.0035296557646577295,116.21704732696526
1631,E,1551377831737414.0,1.7816467,9.581894,1.3408454136732981,163,1970-01-18 22:56:17.831737414,0.008728027,0.0053253174,-7.6293945e-05,9.830778071419566,0.010224640897826945,97.17549896240234,-10.082146644592285,5.144040584564209,116267401.0,50354.0,0.0899950203318,-0.011325948981000025,0.06853075739610526,0.0045279047879126485,-0.0005598122957063516,0.00348780387668677,116.26740133087151
1631,E,1551377882091418.0,1.7699738,9.59874,1.335733713673298,163,1970-01-18 22:56:17.882091418,0.013534546,-0.0010681152,-0.005126953,9.845762735450537,0.014512424076314612,97.18848419189453,-10.08874797821045,5.141861438751221,116317755.0,50354.0,0.08941914932850001,-0.010558377782000049,0.06738823268920525,0.0045171105495373735,-0.0005509816949120529,0.0034220324133778625,116.31775533501059
1631,E,1551377932445421.0,1.7381897,9.600403,1.3412727136732983,163,1970-01-18 22:56:17.932445421,0.0135650635,-0.007095337,-0.001663208,9.840994925184958,0.015398734225703918,97.20039367675781,-10.090746879577637,5.139561176300049,116368109.0,50354.0,0.0883250324395,-0.010092376689000052,0.06739899082130527,0.004475065264372936,-0.0005199240453163695,0.003393537926324124,116.36810933798552
1631,E,1551377982799425.0,1.7421875,9.585297,1.3456672136732981,163,1970-01-18 22:56:17.982799425,0.010025024,-0.0053253174,-0.0055236816,9.826392239074192,0.012624229482605952,97.2114486694336,-10.093484878540039,5.137486457824707,116418463.0,50354.0,0.0876254567644,-0.01043083110000002,0.06764908655080526,0.00442990546668659,-0.0005167128025036548,0.003400105443997627,116.41846334189177
1631,E,1551378033153429.0,1.7270355,9.608017,1.3421424136732982,163,1970-01-18 22:56:18.033153429,0.016342163,-0.0066986084,-0.004623413,9.846346759882822,0.01825687798567128,97.22261810302734,-10.093425750732422,5.13537073135376,116468817.0,50354.0,0.087344627471,-0.010239133422000014,0.06767098298770527,0.004405221810794666,-0.0005204076967703948,0.00340695339077108,116.46881734603085
1631,E,1551378083507433.0,1.7176361,9.597916,1.334360513673298,163,1970-01-18 22:56:18.083507433,0.012466431,-0.019256592,0.0012054443,9.83586517739733,0.022971315445412078,97.23478698730469,-10.092466354370117,5.1324005126953125,116519171.0,50354.0,0.0867264968732,-0.009921424859000038,0.06738631420180526,0.004382588697613924,-0.0005075823758407383,0.003400337571340307,116.5191713499371
1631,E,1551378133861437.0,1.7540741,9.57991,1.3658088136732982,163,1970-01-18 22:56:18.133861437,0.0042419434,-0.003326416,-0.0019836426,9.820643662435819,0.005744037358722027,97.2418212890625,-10.097259521484375,5.131054878234863,116569525.0,50354.0,0.08740724770540001,-0.010629074798000047,0.06798216315460526,0.004384165287255413,-0.0005173999298642912,0.0034081721544023474,116.56952535407618
1631,E,1551378184215441.0,1.7707367,9.575516,1.379496013673298,163,1970-01-18 22:56:18.184215441,0.012939453,0.0064086914,-0.0004119873,9.817598285686485,0.014445431905450397,97.24710083007812,-10.104621887207031,5.130556583404541,116619879.0,50354.0,0.0887441615116,-0.01119303959800003,0.06911853963810527,0.0044349640298564095,-0.000549415374148094,0.003451784394212073,116.61987935798243
1631,E,1551378234569445.0,1.7643433,9.631012,1.300012913673298,163,1970-01-18 22:56:18.234569445,0.018310547,0.010299683,-0.002105713,9.88095830870526,0.021113825531581597,97.2630386352539,-10.10912799835205,5.128437042236328,116670233.0,50354.0,0.08900270916,-0.009906444544000024,0.06746199626380525,0.004475132962898873,-0.0005312217122431354,0.0034386881524024015,116.67023336188868
1631,E,1551378284923449.0,1.7003632,9.623901,1.2564033136732982,163,1970-01-18 22:56:18.284923449,0.012832642,-0.0011901855,0.0010375977,9.868763191785453,0.012929418053865362,97.2849349975586,-10.104506492614746,5.1246442794799805,116720587.0,50354.0,0.08723091555050001,-0.008688255399000032,0.06436289135590526,0.00443703396933626,-0.00046815876046491244,0.0033189551956014514,116.72058736602776
1631,E,1551378335277453.0,1.7879181,9.569962,1.3003181136732982,163,1970-01-18 22:56:18.335277453,0.0052948,0.00065612793,-0.00074768066,9.825683226392705,0.005387433272892029,97.300537109375,-10.11397933959961,5.121988296508789,116770941.0,50354.0,0.0878244582901,-0.010225311249000028,0.06437057537630526,0.0044073691471847865,-0.00047618686749669755,0.003241122491916865,116.77094136993401
1631,E,1551378385631457.0,1.7605286,9.588303,1.2969459136732981,163,1970-01-18 22:56:18.385631457,0.006713867,0.0073394775,-0.0004272461,9.839065476526509,0.009956228166161143,97.3158950805664,-10.11885929107666,5.119710922241211,116821295.0,50354.0,0.0893392425659,-0.011121562095000034,0.06539131641650525,0.004460450496451512,-0.0005374502301818896,0.0032670151496675902,116.82129537407309
1631,E,1551378435985461.0,1.7406616,9.625565,1.286753013673298,163,1970-01-18 22:56:18.435985461,0.008239746,0.004486084,0.005706787,9.873238612423082,0.010981155752603684,97.33171844482422,-10.120071411132812,5.117186069488525,116871649.0,50354.0,0.08814946566540001,-0.009721645364000043,0.06504978789380525,0.0044686332071394415,-0.000524769434195245,0.0032841156832206877,116.87164937797934
1631,E,1551378486339464.0,1.7589874,9.612747,1.3083290136732981,163,1970-01-18 22:56:18.486339464,0.005004883,0.008087158,0.002105713,9.861083002818699,0.009740893470263495,97.34404754638672,-10.124114990234375,5.115444183349609,116922003.0,50354.0,0.088110662873,-0.009106218776000024,0.06533638020250526,0.0044377012562112975,-0.0004740291354527817,0.00328273255416081,116.92200338095427
1631,E,1551378536693468.0,1.7419586,9.632568,1.2788337136732981,163,1970-01-18 22:56:18.536693468,0.0028839111,0.019989014,0.0022125244,9.881372954262881,0.020316812942622043,97.35977935791016,-10.125103950500488,5.113667964935303,116972357.0,50354.0,0.088143317442,-0.008929904245000043,0.06513699598640527,0.004437546462390756,-0.0004540954692997187,0.0032849281923082005,116.97235738486052
1631,E,1551378587047472.0,1.7658386,9.617996,1.3186287136732981,163,1970-01-18 22:56:18.587047472,-0.001083374,0.018630981,0.0079193115,9.866051252415575,0.020273200213095845,97.36939239501953,-10.130254745483398,5.1128249168396,117022711.0,50354.0,0.0883158101044,-0.008797750172000064,0.06539631153330526,0.0044427114542357135,-0.0004463291552568117,0.0032864370834237524,117.0227113889996
1631,E,1551378637401476.0,1.7989807,9.573471,1.2622169136732981,163,1970-01-18 22:56:18.637401476,0.008804321,0.026763916,0.0020141602,9.836337928594958,0.028246771660445747,97.38833618164062,-10.14074420928955,5.1108598709106445,117073065.0,50354.0,0.0897514555161,-0.010285635341000052,0.06497795035970526,0.004483199546527329,-0.00048046239706080396,0.003282432791680326,117.07306539290585
1631,E,1551378687755480.0,1.7975616,9.599838,1.2977241136732982,163,1970-01-18 22:56:18.687755480,0.012817383,0.03263855,-0.000289917,9.856887951035597,0.035066284447287516,97.40122985839844,-10.150121688842773,5.1102986335754395,117123419.0,50354.0,0.09055014548710001,-0.010742799307000044,0.06445163524550526,0.004539453408457568,-0.0005294328991326985,0.003258648676782385,117.12341939704493
1631,E,1551378738109484.0,1.7831573,9.603561,1.3154243136732982,163,1970-01-18 22:56:18.738109484,0.009918213,0.028503418,-0.00036621094,9.855524901269979,0.03018194654505684,97.41104125976562,-10.157139778137207,5.11005163192749,117173773.0,50354.0,0.0901517597453,-0.009985223377000056,0.06579123795530525,0.004549531868036135,-0.0005218694271150705,0.0032791248185768066,117.17377340095118
1631,E,1551378788463488.0,1.7420044,9.588669,1.3198951136732981,163,1970-01-18 22:56:18.788463488,0.00970459,0.017547607,-0.003692627,9.833044878473316,0.02038953340946472,97.4203109741211,-10.158249855041504,5.109379291534424,117224127.0,50354.0,0.0887529961209,-0.010266425290000072,0.06634943722230525,0.004504285038443317,-0.0005098757584890622,0.0033269057789467003,117.22412740485743
1631,E,1551378838817492.0,1.7196655,9.581741,1.289240213673298,163,1970-01-18 22:56:18.838817492,-0.0044403076,-0.010604858,0.00035095215,9.826483588708806,0.011502282912290558,97.4335708618164,-10.156228065490723,5.106485843658447,117274481.0,50354.0,0.0871544630723,-0.01081578743000007,0.06569020013660526,0.004428822100107197,-0.0005307868696514436,0.00332436194978529,117.27448140899651
1631,E,1551378889171496.0,1.7570343,9.585602,1.3794654136732982,163,1970-01-18 22:56:18.889171496,-0.00010681152,-0.014968872,0.0017242432,9.82498003186446,0.015068229898230744,97.43340301513672,-10.159852981567383,5.105769634246826,117324835.0,50354.0,0.0875328708646,-0.010893005289000064,0.06719000157970526,0.004398103006529331,-0.0005465622742862664,0.00334552483861155,117.32483541290276
1631,E,1551378939525500.0,1.7503815,9.603485,1.288126313673298,163,1970-01-18 22:56:18.939525500,-0.0131073,-0.010574341,0.006225586,9.85324887415628,0.01795483004424372,97.44560241699219,-10.161922454833984,5.102945804595947,117375189.0,50354.0,0.0883062075966,-0.010345556601000064,0.06716195691940526,0.0044271004784176326,-0.0005347232727045333,0.0033825792591321057,117.37518941704184
1631,E,1551378989879503.0,1.7717438,9.573135,1.3011879136732982,163,1970-01-18 22:56:18.989879503,-0.010787964,-0.0057373047,0.003036499,9.825726826768648,0.012590359751132573,97.45626068115234,-10.167699813842773,5.100669860839844,117425543.0,50354.0,0.0886765486781,-0.010659438260000043,0.06519116430190526,0.004455894854728123,-0.0005288427556153997,0.003332254532988935,117.42554342001677
1631,E,1551379040233507.0,1.7539978,9.57402,1.276575413673298,163,1970-01-18 22:56:19.040233507,-0.009765625,-0.008483887,0.0022583008,9.82676000721671,0.013131781782099285,97.4703369140625,-10.170625686645508,5.0976715087890625,117475897.0,50354.0,0.08876759626320001,-0.011401278564999999,0.06490034729260526,0.004467511237187111,-0.0005554226675030261,0.0032753139874149915,117.47589742392302
1631,E,1551379090587511.0,1.7671051,9.641022,1.3565925136732981,163,1970-01-18 22:56:19.090587511,-0.007858276,-0.000869751,9.1552734e-05,9.883770020536062,0.007906791409748957,97.47103118896484,-10.173839569091797,5.097436428070068,117526251.0,50354.0,0.0886508077133,-0.009692087566000027,0.06629526890680526,0.004466863156916341,-0.0005310676790801877,0.0033031120290525585,117.5262514280621
1631,E,1551379140941515.0,1.7505493,9.598038,1.3469642136732982,163,1970-01-18 22:56:19.140941515,-0.009506226,-0.0061187744,-0.0007019043,9.840136163100322,0.011326976762028332,97.47391510009766,-10.175602912902832,5.096549987792969,117576605.0,50354.0,0.08856398482880001,-0.009087386380000029,0.06806744772440526,0.004461736831832452,-0.0004728108155384434,0.0033828501166239876,117.57660543196835
1631,E,1551379191295519.0,1.7961426,9.601761,1.2593940136732982,163,1970-01-18 22:56:19.191295519,-0.0037078857,-0.0021209717,0.0009460449,9.863748160992445,0.004375150085343517,97.48971557617188,-10.183557510375977,5.0936150550842285,117626959.0,50354.0,0.08929506196630001,-0.010075860577000023,0.06562028108990527,0.004477957221160233,-0.00048247306863639027,0.003365855948357896,117.6269594358746
1631,E,1551379241649523.0,1.7437592,9.608948,1.353205113673298,163,1970-01-18 22:56:19.241649523,-7.6293945e-05,0.008148193,-0.0043640137,9.848763792717673,0.00924356454540565,97.49134063720703,-10.183761596679688,5.093751430511475,117677313.0,50354.0,0.0891241076186,-0.009801179507000046,0.06577740822920526,0.0044920594326390275,-0.0005004442381948698,0.003308199623987246,117.67731344001368
1631,E,1551379292003527.0,1.7259369,9.562317,1.2972206136732982,163,1970-01-18 22:56:19.292003527,0.0104522705,0.008865356,-0.0077056885,9.807559704882362,0.015723298981795725,97.50260162353516,-10.182244300842285,5.092337131500244,117727667.0,50354.0,0.0873565387097,-0.010794261095000037,0.06672976853740527,0.00444325323260761,-0.0005185314080365561,0.0033361331894529536,117.72766744391993
1631,E,1551379342357531.0,1.777359,9.590912,1.3535407136732982,163,1970-01-18 22:56:19.342357531,-0.0019989014,-6.1035156e-05,-0.005630493,9.837139461452907,0.005975096946513831,97.50418090820312,-10.187639236450195,5.0920729637146,117778021.0,50354.0,0.08820248087430001,-0.011248353467000045,0.06673821793860525,0.0044200494360663685,-0.000554966906827476,0.003360323495506517,117.77802144805901
1631,E,1551379392711535.0,1.7907257,9.578522,1.3360237136732982,163,1970-01-18 22:56:19.392711535,-0.005126953,0.010772705,0.0002593994,9.829774143016943,0.011933319241935764,97.50828552246094,-10.195442199707031,5.091823577880859,117828375.0,50354.0,0.0898336684919,-0.010840360182000063,0.06771516358730525,0.004482416132592817,-0.0005561275435408757,0.0033851327866778495,117.82837545196526
1631,E,1551379443065539.0,1.7710571,9.5928955,1.3291877136732981,163,1970-01-18 22:56:19.443065539,-0.0066986084,0.012863159,0.002319336,9.84112178226632,0.014687121346156556,97.51292419433594,-10.199949264526367,5.091557025909424,117878729.0,50354.0,0.08967500555560001,-0.01079042160250007,0.06710202810630526,0.0045194898864939085,-0.0005445981929883599,0.003394292435270032,117.87872945587151
1631,E,1551379493419543.0,1.7331696,9.593063,1.3176979136732982,163,1970-01-18 22:56:19.493419543,4.5776367e-05,0.025146484,-0.00016784668,9.836061590714793,0.025147085826115495,97.51934814453125,-10.198830604553223,5.091647148132324,117929083.0,50354.0,0.08822591562590001,-0.010424322845500038,0.06664063943970526,0.004479011492586627,-0.0005341236209672988,0.003367239140805907,117.92908346001059
1631,E,1551379543773546.0,1.7685242,9.628342,1.373438213673298,163,1970-01-18 22:56:19.543773546,0.0032653809,0.029418945,-0.0024871826,9.869500179072894,0.029703924229314425,97.51688385009766,-10.201994895935059,5.093563556671143,117979437.0,50354.0,0.0881621448026,-0.009531886315000017,0.06775473427820526,0.004440922197408346,-0.0005024374780339099,0.0033836723240958334,117.97943746298552
1631,E,1551379594127550.0,1.7744446,9.6033325,1.3406318136732982,163,1970-01-18 22:56:19.594127550,-0.008880615,0.045822144,0.0007324219,9.850402968367286,0.04668051676421932,97.51901245117188,-10.206727981567383,5.095337867736816,118029791.0,50354.0,0.08920132547760001,-0.009273331113500025,0.06833214107850527,0.004465480091244595,-0.0004734589591973455,0.0034262592608559016,118.02979146689177
1631,E,1551379644481554.0,1.6900787,9.6050415,1.2959999136732983,163,1970-01-18 22:56:19.644481554,-0.015823364,0.02835083,0.00592041,9.84316523816899,0.033003025081551174,97.52742004394531,-10.199213981628418,5.095054626464844,118080145.0,50354.0,0.0872263031241,-0.009859967802000012,0.06638247699940526,0.004441918405305002,-0.00048171906679554444,0.0033917099393475534,118.08014547103085
1631,E,1551379694835558.0,1.6539001,9.58638,1.272989613673298,163,1970-01-18 22:56:19.694835558,-0.008529663,0.00630188,0.01222229,9.821945738694286,0.016181879225605073,97.53995513916016,-10.18724250793457,5.092990875244141,118130499.0,50354.0,0.0841913542476,-0.010286780894500022,0.06467944933000526,0.004315782359647291,-0.0005072346919317814,0.003299746119195569,118.1304994749371
1631,E,1551379745189562.0,1.6319427,9.645905,1.3006538136732981,163,1970-01-18 22:56:19.745189562,-0.0070648193,-0.0335083,0.008621216,9.872641788321012,0.03531349891968096,97.54732513427734,-10.170639991760254,5.089934349060059,118180853.0,50354.0,0.08272766417560001,-0.009257960555000012,0.06479662057030525,0.004202520126840907,-0.0004920779554740623,0.003259819011880118,118.18085347907618
1631,E,1551379795543566.0,1.7877655,9.619873,1.3750709136732981,163,1970-01-18 22:56:19.795543566,-0.013473511,-0.037841797,0.0060272217,9.864499668439505,0.04061852410264658,97.54385375976562,-10.177462577819824,5.088542938232422,118231207.0,50354.0,0.08609799335139999,-0.008414707294000012,0.06736672146040525,0.00425052357955728,-0.0004449447584342737,0.003327476462307199,118.23120748298243
1631,E,1551379845897570.0,1.822815,9.568115,1.4219612136732982,163,1970-01-18 22:56:19.845897570,0.0012512207,-0.021728516,0.0047912598,9.814604011214934,0.02228564854953655,97.53516387939453,-10.19071102142334,5.088999271392822,118281561.0,50354.0,0.09090358524850001,-0.010373226124000018,0.07042087787020525,0.004456368744409683,-0.0004730237996649868,0.0034690783883467805,118.28156148688868
1631,E,1551379896251574.0,1.911438,9.567734,1.4506477136732983,163,1970-01-18 22:56:19.896251574,-0.011688232,-0.0040740967,0.0055999756,9.827599918286051,0.013585755699532149,97.5217056274414,-10.21658706665039,5.091047763824463,118331915.0,50354.0,0.094017287781,-0.011685929727000027,0.07232367496380526,0.0046557528202637215,-0.0005553833668606281,0.0035938796067018827,118.33191549102776
1631,E,1551379946605578.0,1.8138885,9.635284,1.414591213673298,163,1970-01-18 22:56:19.946605578,-0.011550903,0.0015869141,0.010543823,9.87935706446247,0.015719855595122904,97.5125503540039,-10.226200103759766,5.092576503753662,118382269.0,50354.0,0.0937925452905,-0.009994815814000033,0.07213812047380527,0.004728488167241156,-0.0005458561304857585,0.0036371146237327207,118.38226949493401
1631,E,1551379996959582.0,1.8495636,9.556931,1.3806709136732982,163,1970-01-18 22:56:19.996959582,0.008758545,0.016357422,0.0005187988,9.813873029307533,0.01856196426022824,97.51097106933594,-10.242259979248047,5.093732833862305,118432623.0,50354.0,0.0922347335217,-0.010266802945000014,0.07037631458020527,0.004683608798654759,-0.0005101267754953442,0.0035880859313548235,118.43262349907309
1631,E,1551380047313586.0,1.8377991,9.587875,1.3965553136732982,163,1970-01-18 22:56:20.047313586,-0.001449585,-0.0012664795,0.0021972656,9.839804930143298,0.0029211715309253256,97.50613403320312,-10.255414009094238,5.094500541687012,118482977.0,50354.0,0.09283673069790001,-0.011460419338000015,0.06992222472590526,0.00465954425465687,-0.0005470262754190918,0.003532296324109945,118.48297750297934
1631,E,1551380097667589.0,1.8077545,9.570602,1.3899635136732982,163,1970-01-18 22:56:20.097667589,0.010818481,0.048217773,0.0015411377,9.818227347050092,0.04944055288563479,97.5029067993164,-10.264673233032227,5.097518444061279,118533331.0,50354.0,0.09178410298720001,-0.011116224571000049,0.07015618451610527,0.0046481987296897636,-0.0005684121636968946,0.0035267541094860994,118.53333150595427
1631,E,1551380148021593.0,1.8244629,9.587936,1.3718208136732981,163,1970-01-18 22:56:20.148021593,-0.0062713623,0.04937744,0.0072631836,9.84050960825042,0.050301246525894065,97.50120544433594,-10.275851249694824,5.100124835968018,118583685.0,50354.0,0.09144833747980001,-0.011114688774000079,0.06953344400960526,0.004613243153637659,-0.0005597077052870682,0.0035169657773918145,118.58368550986052
1631,E,1551380198375597.0,1.7933655,9.556839,1.3193916136732982,163,1970-01-18 22:56:20.198375597,0.017578125,0.06678772,0.00289917,9.811333663143541,0.06912304397234632,97.50890350341797,-10.282840728759766,5.102147102355957,118634039.0,50354.0,0.09108606562680001,-0.011461199825000056,0.06775665528330527,0.004595668667014869,-0.0005683931472570265,0.0034565528298976084,118.6340395139996
1631,E,1551380248729601.0,1.828537,9.654312,1.3575996136732982,163,1970-01-18 22:56:20.248729601,0.0036621094,0.057235718,0.0084991455,9.907758157569543,0.05797908186978526,97.50829315185547,-10.29244613647461,5.105025291442871,118684393.0,50354.0,0.09118863924250001,-0.009790051273000056,0.06739860813090526,0.004589130244494367,-0.0005350427488943489,0.0034028040669795787,118.68439351790585
1631,E,1551380299083605.0,1.8379517,9.571014,1.3379768136732981,163,1970-01-18 22:56:20.299083605,0.009628296,0.094955444,-0.0032348633,9.830921080170286,0.09549714534827959,97.51213836669922,-10.304976463317871,5.109076976776123,118734747.0,50354.0,0.09231118599990001,-0.009433167298000061,0.06786652771130526,0.004619975100127905,-0.00048398297396206995,0.003405570325099334,118.73474752204493
1631,E,1551380349437609.0,1.7930603,9.611359,1.3095954136732981,163,1970-01-18 22:56:20.349437609,0.007980347,0.082839966,0.0011749268,9.865696233475566,0.08323176291601016,97.51927947998047,-10.30974292755127,5.111904144287109,118785101.0,50354.0,0.09141798912400001,-0.010514594979000034,0.06665792596790525,0.0046257494420944316,-0.0005022248108480315,0.003386922170281483,118.78510152595118
1631,E,1551380399791613.0,1.7094269,9.581177,1.3708900136732982,163,1970-01-18 22:56:20.399791613,0.0037078857,0.05708313,0.0056152344,9.81335215305312,0.057478369882314057,97.51786804199219,-10.303444862365723,5.114936351776123,118835455.0,50354.0,0.0881821202344,-0.010258721128000024,0.06748658160430526,0.004521791953316438,-0.0005230097796259405,0.0033773562671455446,118.83545552985743
1631,E,1551380450145617.0,1.8175049,9.542892,1.3396553136732983,163,1970-01-18 22:56:20.450145617,-0.0068969727,0.038589478,0.01727295,9.799511070599113,0.042837726905608914,97.521484375,-10.314181327819824,5.115997314453125,118885809.0,50354.0,0.0887975619286,-0.011982514787000026,0.06824339970660527,0.004455817457817851,-0.0005599675966319563,0.0034172737394647943,118.88580953399651
1631,E,1551380500499621.0,1.8239899,9.612915,1.3815101136732981,163,1970-01-18 22:56:20.500499621,0.0034942627,0.045700073,0.005844116,9.863532278928476,0.04620454778312841,97.51795959472656,-10.323330879211426,5.118853569030762,118936163.0,50354.0,0.09168191457960001,-0.011183447161000053,0.06851078196430527,0.004543931780046952,-0.000583249423964798,0.0034430600319285145,118.93616353790276
1631,E,1551380550853625.0,1.8407135,9.511353,1.396250113673298,163,1970-01-18 22:56:20.550853625,-0.005996704,0.01802063,-0.0017700195,9.76584468822335,0.019074499560693493,97.51404571533203,-10.33688735961914,5.12039041519165,118986517.0,50354.0,0.09226623750179999,-0.011977504564000064,0.06993566924390526,0.004631262624953408,-0.0005831232815803279,0.003485666302069117,118.98651754204184
1631,E,1551380601207628.0,1.8595886,9.617859,1.5025733136732982,163,1970-01-18 22:56:20.601207628,0.013198853,0.04576111,0.00036621094,9.860440166530047,0.047627964678330366,97.49336242675781,-10.350573539733887,5.126452445983887,119036871.0,50354.0,0.0931625059717,-0.011853029476000062,0.07298367743030526,0.00466853947443231,-0.0005999813555250832,0.0035982803912165988,119.03687154501677
1631,E,1551380651561632.0,1.8348999,9.528641,1.382593513673298,163,1970-01-18 22:56:20.651561632,0.010055542,0.041152954,0.0002593994,9.783320085545451,0.04236445250311398,97.49234771728516,-10.362342834472656,5.1287312507629395,119087225.0,50354.0,0.0930161369645,-0.011417769500000046,0.07263984521210526,0.004687419693204708,-0.0005858889058187548,0.00366636342956797,119.08722554892302
1631,E,1551380701915636.0,1.778122,9.564301,1.2877601136732981,163,1970-01-18 22:56:20.701915636,0.011962891,0.021331787,-0.006011963,9.820097091827655,0.025185305175927868,97.5048828125,-10.363935470581055,5.127662658691406,119137579.0,50354.0,0.0909650523763,-0.012766199266000018,0.06723149327570527,0.004632094404033321,-0.0006088797816215836,0.0035215406891076057,119.1375795530621
1631,E,1551380752269640.0,1.8528748,9.589539,1.436167113673298,163,1970-01-18 22:56:20.752269640,0.0036315918,0.026290894,-0.0048675537,9.839375327309737,0.026983191904284543,97.49434661865234,-10.376129150390625,5.13090181350708,119187933.0,50354.0,0.09141760643360002,-0.01123297032000002,0.06858031580290526,0.004591848200856853,-0.000604227092666723,0.0034193339171721773,119.18793355696835
1631,E,1551380802623644.0,1.871933,9.562332,1.3901313136732982,163,1970-01-18 22:56:20.802623644,0.005584717,0.004989624,0.003540039,9.822173902953397,0.008283555260453448,97.49166107177734,-10.391602516174316,5.131657123565674,119238287.0,50354.0,0.0937794859806,-0.01128254383300004,0.07115771550530527,0.004662707195712314,-0.0005668730998300824,0.0035181844142468167,119.2382875608746
1631,E,1551380852977648.0,1.8211975,9.587524,1.3606819136732982,163,1970-01-18 22:56:20.852977648,0.001083374,0.00024414063,0.0024108887,9.840931744382008,0.0026543715254049288,97.4926986694336,-10.398554801940918,5.131476879119873,119288641.0,50354.0,0.09298194659850001,-0.011333275488000042,0.06925722462490527,0.004702092588044001,-0.0005693984830448191,0.0035352269476583115,119.28864156501368
1631,E,1551380903331652.0,1.8608398,9.585571,1.4594520136732982,163,1970-01-18 22:56:20.903331652,-0.0059661865,0.008514404,0.00032043457,9.834217302047476,0.010401592913667086,97.47881317138672,-10.411356925964355,5.134343147277832,119338995.0,50354.0,0.0927026531021,-0.010748187185000037,0.07100251188880526,0.004674981166662007,-0.0005559449857181231,0.0035313193862056905,119.33899556891993
1631,E,1551380953685656.0,1.8358917,9.557907,1.3647254136732982,163,1970-01-18 22:56:20.953685656,0.012329102,0.0095825195,-0.00021362305,9.814296277910953,0.015616563991537175,97.48062896728516,-10.420660018920898,5.1345953941345215,119389349.0,50354.0,0.0930726089755,-0.011493854394000037,0.07110431508830527,0.004677263773327735,-0.0005599878808344848,0.003577823582802712,119.38934957305901
1631,E,1551381004039660.0,1.807373,9.64209,1.4555915136732982,163,1970-01-18 22:56:21.004039660,-0.0007324219,-0.004272461,0.0060272217,9.879851678883131,0.007424134040887967,97.46697235107422,-10.423946380615234,5.136812210083008,119439703.0,50354.0,0.0917264753519,-0.010070875531000043,0.07100711927980527,0.00465268654611095,-0.0005429352053217271,0.003577939583085919,119.43970357696526
1631,E,1551381054393664.0,1.892334,9.5798645,1.3943122136732982,163,1970-01-18 22:56:21.054393664,-0.0019836426,-0.003967285,-0.0029754639,9.842620112776297,0.005341121011170125,97.46372985839844,-10.440290451049805,5.137208461761475,119490057.0,50354.0,0.093147523139,-0.009518051553500063,0.07175202614340527,0.00465457266000539,-0.0004931904172064593,0.0035942470043201723,119.49005758087151
1631,E,1551381104747668.0,1.810852,9.600128,1.4330238136732982,163,1970-01-18 22:56:21.104747668,-0.0047454834,-0.02168274,0.007659912,9.842258367308592,0.023480525514881893,97.45452117919922,-10.444580078125,5.137728214263916,119540411.0,50354.0,0.093235113922,-0.01057452882750006,0.07118383916050526,0.004692555653284797,-0.0005058708962524402,0.0035986962807565558,119.54041158501059
1631,E,1551381155101671.0,1.9055786,9.581833,1.484903713673298,163,1970-01-18 22:56:21.155101671,-0.0027008057,-0.0027618408,0.0061187744,9.83614978531066,0.007236125772248053,97.43820190429688,-10.463032722473145,5.140491485595703,119590765.0,50354.0,0.0935685732162,-0.010524967903000053,0.07346466135600525,0.004703156431078462,-0.0005312220291838015,0.0036418152975041854,119.59076558798552
1631,E,1551381205455675.0,1.7636261,9.568558,1.4000343136732982,163,1970-01-18 22:56:21.205455675,-0.0014038086,-0.016799927,0.008880615,9.806937858918326,0.019054488934867497,97.43518829345703,-10.460792541503906,5.140149116516113,119641119.0,50354.0,0.09237956673190001,-0.01131980579300006,0.07263408471450525,0.004681616319473314,-0.0005499858673441949,0.0036783281298172427,119.64111959189177
1631,E,1551381255809679.0,1.8270264,9.539825,1.3959602136732983,163,1970-01-18 22:56:21.255809679,0.0021820068,-0.013671875,-0.00010681152,9.791050058644078,0.013845314311769016,97.43354797363281,-10.468043327331543,5.139801502227783,119691473.0,50354.0,0.0904018579925,-0.012377441209000039,0.07039475421500527,0.004601887930286219,-0.0005966255877693566,0.0036010370777282866,119.69147359603085
1631,E,1551381306163683.0,1.7442169,9.6259,1.426874513673298,163,1970-01-18 22:56:21.306163683,0.006576538,-0.024047852,0.0055236816,9.856134495746812,0.025535486999419585,97.42610168457031,-10.461294174194336,5.1400065422058105,119741827.0,50354.0,0.0899131925641,-0.010933741675000034,0.07107050993040527,0.004539792027863519,-0.0005869056514704699,0.0035616709553890017,119.7418275999371
1631,E,1551381356517687.0,1.8241882,9.54805,1.3863929136732982,163,1970-01-18 22:56:21.356517687,-0.004699707,-0.061340332,0.0119018555,9.7997431488016,0.0626608150290032,97.42601776123047,-10.468152046203613,5.13690710067749,119792181.0,50354.0,0.0898417352027,-0.010726660850000047,0.07082963401830525,0.004525689816384724,-0.0005453439543719271,0.0035726199241966853,119.79218160407618
1631,E,1551381406871691.0,1.8846741,9.573074,1.422159513673298,163,1970-01-18 22:56:21.406871691,-0.0033111572,-0.03265381,0.0021972656,9.831085222073526,0.03289472671472063,97.42005157470703,-10.482660293579102,5.136361598968506,119842535.0,50354.0,0.0933780261271,-0.012056661052000036,0.07071092446330525,0.0046129239310003746,-0.0005736156955266561,0.003563566640891508,119.84253560798243
1631,E,1551381457225695.0,1.910492,9.545319,1.4108375136732982,163,1970-01-18 22:56:21.457225695,-0.008605957,-0.053527832,0.007232666,9.810454946865585,0.05469554599758219,97.41631317138672,-10.5013427734375,5.134304523468018,119892889.0,50354.0,0.09555089689970002,-0.012125419439000053,0.07132636615750526,0.004756663495045744,-0.0006088322405219093,0.003576072865960146,119.89288961188868
1631,E,1551381507579699.0,2.0052948,9.497955,1.3723854136732982,163,1970-01-18 22:56:21.507579699,-0.014266968,-0.010513306,0.0026245117,9.7882268970031,0.01791546931079666,97.41857147216797,-10.534414291381836,5.133233070373535,119943243.0,50354.0,0.09858776426360001,-0.014016690502000075,0.07007320364180526,0.004887829072108405,-0.0006581799019845602,0.003560016968837241,119.94324361602776
1631,E,1551381557933703.0,1.9529266,9.536987,1.4489234136732982,163,1970-01-18 22:56:21.557933703,0.0048065186,0.015716553,0.00044250488,9.80605416048232,0.016441060483520484,97.40946960449219,-10.558371543884277,5.135708808898926,119993597.0,50354.0,0.09965614018780002,-0.014226465266000058,0.07103209234610527,0.004991186782372899,-0.0007110779327709394,0.0035526080370876243,119.99359761993401
1631,E,1551381608287707.0,1.9482727,9.576447,1.3612922136732981,163,1970-01-18 22:56:21.608287707,-0.0010375977,0.020996094,0.015289307,9.854395858201888,0.02599375849668782,97.4123764038086,-10.58037281036377,5.136087894439697,120043951.0,50354.0,0.09822049477610001,-0.012250272182000041,0.07075279884970526,0.004981940038486111,-0.0006666048187282985,0.003569718205636922,120.04395162407309
1631,E,1551381658641711.0,1.9068756,9.571518,1.4456581136732982,163,1970-01-18 22:56:21.658641711,-0.0022888184,0.04798889,-0.0032348633,9.830996804640652,0.04815222314358877,97.4026107788086,-10.59562873840332,5.140225410461426,120094305.0,50354.0,0.0970610687491,-0.011380885195000056,0.07067058839160527,0.004916603924873961,-0.0005949616492807315,0.0035606166205744754,120.09430562797934
1631,E,1551381708995714.0,1.8549957,9.536545,1.357538613673298,163,1970-01-18 22:56:21.708995714,0.0012207031,0.04397583,0.0026550293,9.798022175633076,0.044072813851978046,97.40692138671875,-10.603983879089355,5.141567707061768,120144659.0,50354.0,0.09471263372010001,-0.012385497849000048,0.07057608400440525,0.004828286507067049,-0.0005983662258987907,0.0035561674709143573,120.14465963095427
1631,E,1551381759349718.0,1.8355408,9.586563,1.4038795136732982,163,1970-01-18 22:56:21.759349718,0.006011963,0.06793213,-0.009933472,9.837190704442568,0.06891728267586478,97.40335845947266,-10.60767936706543,5.1456522941589355,120195013.0,50354.0,0.0929166374605,-0.01200670988400003,0.06952422419220526,0.004723942160513967,-0.0006141226140937429,0.003527305459466063,120.19501363486052
1631,E,1551381809703722.0,1.7391205,9.60173,1.354944613673298,163,1970-01-18 22:56:21.809703722,0.013916016,0.041137695,-0.008178711,9.840675632912054,0.04419113898562473,97.40741729736328,-10.59682846069336,5.147089958190918,120245367.0,50354.0,0.0899992475501,-0.010365547139000042,0.06945891505420525,0.004605273236911876,-0.0005632663150680729,0.0034991784968068777,120.2453676389996
1631,E,1551381860057726.0,1.727417,9.592285,1.3690895136732981,163,1970-01-18 22:56:21.860057726,0.018249512,0.016418457,-0.009277344,9.82757443205533,0.02624270432317007,97.40994262695312,-10.584643363952637,5.147653579711914,120295721.0,50354.0,0.08727701463750001,-0.01022148434500003,0.06858300722420525,0.004463284453097206,-0.0005183196916726698,0.0034754814772035413,120.29572164290585
1631,E,1551381910411730.0,1.7885742,9.596497,1.3727058136732981,163,1970-01-18 22:56:21.910411730,0.0054016113,0.007217407,-0.010665894,9.842153072234908,0.013965302118435273,97.41121673583984,-10.581304550170898,5.147887706756592,120346075.0,50354.0,0.0885221104424,-0.010353235586000042,0.06903018095660526,0.004426094572136643,-0.0005180097237027889,0.0034646872388282668,120.34607564704493
1631,E,1551381960765734.0,1.8236847,9.609711,1.3922065136732982,163,1970-01-18 22:56:21.960765734,-0.0053863525,0.011505127,-0.0014190674,9.859006594350921,0.01278258552977949,97.40878295898438,-10.583270072937012,5.148854732513428,120396429.0,50354.0,0.09094584232530001,-0.009914501184000031,0.06961219766560527,0.0045184646468323835,-0.0005102808086582918,0.0034905991665713943,120.39642965095118
1631,E,1551382011119738.0,1.804657,9.597946,1.3445533136732981,163,1970-01-18 22:56:22.011119738,0.0014190674,0.010482788,-0.00390625,9.850130014896715,0.011276585724464066,97.41397094726562,-10.58248519897461,5.14845085144043,120446783.0,50354.0,0.0913507589809,-0.009878019711000009,0.06890340217310525,0.0045896815310861976,-0.000498316298573416,0.0034874072571392154,120.44678365485743
1631,E,1551382061473742.0,1.8395844,9.5785675,1.2938636136732982,163,1970-01-18 22:56:22.061473742,0.0023651123,-0.008743286,-0.0051879883,9.844462212129397,0.010438104658909307,97.42707061767578,-10.58686637878418,5.145672798156738,120497137.0,50354.0,0.09175106572780001,-0.010662119610500025,0.06642742297980526,0.004609954640690941,-0.0005171390876974064,0.003407224184874828,120.49713765899651
1631,E,1551382111827746.0,1.8924866,9.570251,1.378397313673298,163,1970-01-18 22:56:22.111827746,-0.003326416,-0.016967773,-0.0076293945,9.835302526094738,0.018899154066286016,97.42737579345703,-10.599055290222168,5.144807815551758,120547491.0,50354.0,0.093962351567,-0.011359396625500015,0.06727951336780526,0.00467570670723118,-0.0005544357142737731,0.0033663395364237902,120.54749166290276
1631,E,1551382162181750.0,1.8822174,9.558762,1.3656410136732982,163,1970-01-18 22:56:22.162181750,0.0027923584,0.0033874512,-0.0007171631,9.823781725121444,0.004448192214645587,97.42990112304688,-10.610217094421387,5.144537925720215,120597845.0,50354.0,0.095035722608,-0.011858039699000024,0.06908665296760526,0.004758404513503975,-0.0005845453943419375,0.0034332909698266308,120.59784566704184
1631,E,1551382212535753.0,1.7835236,9.605057,1.436518113673298,163,1970-01-18 22:56:22.212535753,0.002746582,-0.01713562,0.0033874512,9.841653484411514,0.017681855420161808,97.42125701904297,-10.606045722961426,5.145297527313232,120648199.0,50354.0,0.09229236115700001,-0.010981729037000032,0.07054996034920526,0.004716359164951406,-0.0005750368574662735,0.0035156310134773386,120.64819967001677
1631,E,1551382262889757.0,1.87677,9.578308,1.3970741136732983,163,1970-01-18 22:56:22.262889757,-0.005722046,-0.015930176,-0.0022277832,9.837778236114909,0.017072648763542645,97.41870880126953,-10.615630149841309,5.144955635070801,120698553.0,50354.0,0.09215521196720002,-0.010489619395000031,0.07134135150790526,0.004643836548547984,-0.0005405841394724656,0.0035723975586264716,120.69855367392302
1631,E,1551382313263892.0,1.8363037,9.574265,1.3547767136732982,163,1970-01-18 22:56:22.313263892,-0.0008087158,-0.007003784,0.0011291504,9.83158822146797,0.007140167518318166,97.42264556884766,-10.619365692138672,5.143869876861572,120748927.0,50374.0,0.0935211872819,-0.01126934384900003,0.06931086678837874,0.004676631467887082,-0.0005480430072266296,0.003542607422228505,120.74892780906521
1631,E,1551382363617896.0,1.7918854,9.552643,1.357431713673298,163,1970-01-18 22:56:22.363617896,-0.0038604736,-0.022140503,0.0032043457,9.801971853544885,0.022701827258492086,97.4265365600586,-10.61723518371582,5.142019271850586,120799281.0,50354.0,0.0913469169707,-0.011911037284000031,0.06828527157530526,0.00465442426076771,-0.0005836124557855426,0.0034642579755824725,120.79928181297146
1631,E,1551382413971900.0,1.8840637,9.571884,1.4237922136732981,163,1970-01-18 22:56:22.413971900,-0.0045166016,-0.013427734,-0.0021820068,9.829609260819371,0.014334046325553884,97.4200668334961,-10.6278715133667,5.142529487609863,120849635.0,50354.0,0.0925493704907,-0.011970983721000025,0.07002287481880526,0.004629956829415668,-0.0006012776428428864,0.0034821842017645206,120.84963581687771
1631,E,1551382464325904.0,1.8460693,9.574234,1.4130348136732982,163,1970-01-18 22:56:22.464325904,-0.004043579,-0.016113281,-0.0016784668,9.826012181771896,0.016697473057708592,97.41534423828125,-10.632708549499512,5.1425886154174805,120899989.0,50354.0,0.093913558541,-0.011427387114000003,0.07142279406750526,0.0046945771642311115,-0.0005891007825127957,0.00356117760555064,120.89998982101679
1631,E,1551382514679908.0,1.8304443,9.546463,1.3609413136732982,163,1970-01-18 22:56:22.514679908,-0.00093078613,-0.011688232,-0.004562378,9.8026213558481,0.01258159064349609,97.41905212402344,-10.635641098022461,5.141356468200684,120950343.0,50354.0,0.0925635829072,-0.01206741163100004,0.06984039695820526,0.004694934990241331,-0.0005915285480028662,0.0035565833604543143,120.95034382492304
1631,E,1551382565033912.0,1.8488617,9.550705,1.4279121136732982,163,1970-01-18 22:56:22.565033912,-0.0010986328,-0.0110321045,-0.0060424805,9.801780832915949,0.01262639672753222,97.41268920898438,-10.641195297241211,5.142019271850586,121000697.0,50354.0,0.09263388716200001,-0.012659801264000039,0.07021496274030527,0.004662716703932249,-0.0006225570390574171,0.0035261737911293995,121.00069782906212
1631,E,1551382615387916.0,1.8458405,9.579315,1.4161018136732981,163,1970-01-18 22:56:22.615387916,0.0070648193,0.0014038086,-0.0074005127,9.83054146794432,0.010327145711664367,97.40798950195312,-10.645369529724121,5.143067836761475,121051051.0,50354.0,0.0930215172894,-0.011832686460000037,0.07160373864880526,0.004674246117872898,-0.0006166473634271499,0.0035705694448736358,121.05105183296837
1631,E,1551382665741920.0,1.7802582,9.58403,1.3787177136732982,163,1970-01-18 22:56:22.665741920,0.013504028,-0.0027313232,-0.009292603,9.827721790156824,0.016618404531219332,97.4091796875,-10.639670372009277,5.142900466918945,121101405.0,50354.0,0.09129428696990001,-0.010993662935000046,0.07036517124000526,0.0046405190038363965,-0.0005746989987179172,0.0035743512442705824,121.10140583687462
1631,E,1551382716095924.0,1.828537,9.584549,1.3765968136732982,163,1970-01-18 22:56:22.716095924,0.013320923,-0.0028686523,-0.0036468506,9.837357209231635,0.01410587377261489,97.41064453125,-10.641286849975586,5.142638683319092,121151759.0,50354.0,0.09085863675040001,-0.010861886517000008,0.06937055385500526,0.004586064160505994,-0.0005502571685530054,0.0035181263507170803,121.1517598410137
1631,E,1551382766449927.0,1.7899475,9.605087,1.370050813673298,163,1970-01-18 22:56:22.766449927,0.0068206787,-0.0055236816,0.0010986328,9.851117029270723,0.008845321383423447,97.4123306274414,-10.636993408203125,5.142113208770752,121202113.0,50354.0,0.0911025842565,-0.010331734428000033,0.06915234731370526,0.004581237661290722,-0.0005335917945322661,0.003487591082724625,121.20211384398863
1631,E,1551382816803931.0,1.757721,9.587051,1.3521217136732981,163,1970-01-18 22:56:22.816803931,0.004638672,-0.0049591064,-0.00064086914,9.830028698751901,0.006820610490616605,97.4168472290039,-10.628518104553223,5.141085624694824,121252467.0,50354.0,0.08931964982450001,-0.010268741574000038,0.06853613772100525,0.004542490587457337,-0.0005186581843023559,0.003466582987718907,121.25246784789488
1631,E,1551382867157935.0,1.7449799,9.610962,1.328882613673298,163,1970-01-18 22:56:22.867157935,-0.0010681152,-0.02470398,0.0035095215,9.8541224249199,0.024974872153423196,97.4240951538086,-10.617817878723145,5.138513088226318,121302821.0,50354.0,0.0881875005593,-0.010120826699000003,0.06749964594960525,0.004469097525212933,-0.0005133481604093221,0.003424972925474961,121.30282185203396
1631,E,1551382917511939.0,1.8185883,9.606934,1.3698524136732981,163,1970-01-18 22:56:22.917511939,-0.0038604736,-0.026611328,-0.0010681152,9.858186544482336,0.026911092590609396,97.42507934570312,-10.617908477783203,5.137000560760498,121353175.0,50354.0,0.0897199565714,-0.009620232408000001,0.06794605178350525,0.004479176048179634,-0.0004970206451369391,0.0034101163318265232,121.35317585594021
1631,E,1551382967865943.0,1.8180237,9.614059,1.3254798136732981,163,1970-01-18 22:56:22.967865943,-0.0022277832,-0.031280518,-0.0005340576,9.870784066137698,0.03136429565373092,97.43256378173828,-10.617574691772461,5.134085178375244,121403529.0,50354.0,0.091558980324,-0.009542259239000036,0.06786037948790526,0.004564059794215486,-0.00048245405219651995,0.0034191985201203028,121.40352986007929
1631,E,1551383018219947.0,1.804718,9.561981,1.3210548136732982,163,1970-01-18 22:56:23.018219947,0.0024871826,-0.024932861,-0.00064086914,9.818201142016811,0.025064802975201462,97.44169616699219,-10.616744041442871,5.131210803985596,121453883.0,50354.0,0.0912097677809,-0.01067404092000007,0.06663180231270525,0.004601568771037068,-0.0005089857891031457,0.003386109661193971,121.45388386398554
1631,E,1551383068573951.0,1.8063507,9.553711,1.3619026136732981,163,1970-01-18 22:56:23.068573951,0.010421753,-0.013595581,-0.00390625,9.805088706744508,0.01757018916753801,97.445068359375,-10.616445541381836,5.130052089691162,121504237.0,50354.0,0.0909158766599,-0.012193422516000056,0.06754881914830527,0.004585377350086022,-0.0005757341269281752,0.0033782655065238616,121.50423786789179
1631,E,1551383118927955.0,1.816925,9.562271,1.3525489136732982,163,1970-01-18 22:56:23.118927955,0.022598267,-0.012756348,-0.0030517578,9.816592447282154,0.026128898012932996,97.45013427734375,-10.61745548248291,5.128720283508301,121554591.0,50354.0,0.0912232122989,-0.012186121186000019,0.06834174610400526,0.004585715842715708,-0.0006138037717852558,0.003421316761357422,121.55459187203087
1631,E,1551383169281959.0,1.8093109,9.560333,1.3196662136732982,163,1970-01-18 22:56:23.169281959,0.024734497,-0.005050659,-0.0017700195,9.817626548792436,0.025306866009201342,97.46000671386719,-10.617398262023926,5.126894950866699,121604945.0,50354.0,0.09129774125430001,-0.012019399092000015,0.06727836026120526,0.004595330047608918,-0.0006094223840392069,0.0034145074179569054,121.60494587593712
1631,E,1551383219635963.0,1.74469,9.59079,1.3230079136732982,163,1970-01-18 22:56:23.219635963,0.017303467,-0.0051727295,-0.0035247803,9.835175640989116,0.018400847177875462,97.4681625366211,-10.607208251953125,5.12532377243042,121655299.0,50354.0,0.0894790806593,-0.011301376229000033,0.06653460650420526,0.004551418045318708,-0.0005871471602568182,0.0033690090642527408,121.6552998800762
1631,E,1551383269989967.0,1.6913757,9.632996,1.274958013673298,163,1970-01-18 22:56:23.269989967,0.0071105957,-0.035491943,-0.0033874512,9.873529434285745,0.03635537669666605,97.4820785522461,-10.588232040405273,5.121122360229492,121705653.0,50354.0,0.08650982612890001,-0.009471939878000024,0.06540898815280526,0.0044308727062065114,-0.0005230097796259404,0.0033219438826795535,121.70565388398245
1631,E,1551383320343970.0,1.76091,9.593414,1.2734016136732982,163,1970-01-18 22:56:23.320343970,-0.006515503,-0.06300354,-7.6293945e-05,9.847326070663874,0.0633395899311059,97.49625396728516,-10.58065128326416,5.115389347076416,121756007.0,50354.0,0.0869181970689,-0.009405875430000047,0.06416005033770526,0.004366397340051011,-0.00047528675600951774,0.0032621596820755837,121.75600788695738
1631,E,1551383370697974.0,1.7883148,9.576981,1.3037818136732982,163,1970-01-18 22:56:23.370697974,-0.0069122314,-0.05293274,0.0020446777,9.832124658027055,0.05342129363588665,97.50582885742188,-10.577885627746582,5.110973358154297,121806361.0,50354.0,0.08935883278960001,-0.010816165085000056,0.06488574715030525,0.004438126780747455,-0.0005091303140461576,0.003248986043355641,121.80636189086363
1631,E,1551383421051978.0,1.7750549,9.558609,1.2756904136732983,163,1970-01-18 22:56:23.421051978,-0.010971069,-0.057388306,0.0061950684,9.815654030141848,0.05875509248595457,97.51952362060547,-10.573847770690918,5.10552453994751,121856715.0,50354.0,0.0897149589369,-0.011692450570000023,0.06494337226790527,0.004508540854298091,-0.0005666994163459369,0.0032687077395922863,121.85671589500271
1631,E,1551383471405982.0,1.732544,9.581711,1.3319343136732982,163,1970-01-18 22:56:23.471405982,-0.018692017,-0.06808472,0.009780884,9.822991240271843,0.07127823152146906,97.52384948730469,-10.563511848449707,5.101177215576172,121907069.0,50354.0,0.08831081750530001,-0.011573363360000014,0.06565216776040526,0.00448215497348527,-0.000585763397315611,0.0032880039112927746,121.90706989890896
1631,E,1551383521759986.0,1.8039856,9.569229,1.3691200136732982,163,1970-01-18 22:56:23.521759986,-0.022979736,-0.075912476,0.010177612,9.81884662779219,0.0799647176266059,97.522705078125,-10.564104080200195,5.097411632537842,121957423.0,50354.0,0.0890392057392,-0.011305983620000029,0.06800444479960525,0.004465141535226777,-0.0005760333189154611,0.003365072534423385,121.95742390304804
1631,E,1551383572113990.0,1.8305969,9.562561,1.2780250136732982,163,1970-01-18 22:56:23.572113990,-0.010528564,-0.061767578,0.0011749268,9.829373652689998,0.0626694886278286,97.53559112548828,-10.567996978759766,5.091935157775879,122007777.0,50354.0,0.0915078836025,-0.011788123170000024,0.06664717035350526,0.004545634068355981,-0.0005814403266518314,0.003390123714709864,122.00777790695429
1631,E,1551383622467994.0,1.7961426,9.606857,1.2358039136732981,163,1970-01-18 22:56:23.622467994,-0.016830444,-0.07501221,0.0007324219,9.87200846664101,0.07688063433765902,97.55323791503906,-10.565434455871582,5.08488655090332,122058131.0,50354.0,0.09131042039150002,-0.010840763014000028,0.06329067090380526,0.0046028164396569385,-0.0005697274674545693,0.0032714450293353067,122.05813191086054
1631,E,1551383672821998.0,1.8127289,9.565399,1.3169349136732982,163,1970-01-18 22:56:23.672821998,-0.02319336,-0.08854675,0.00047302246,9.823554219812586,0.09153514425563421,97.55921173095703,-10.566584587097168,5.0792622566223145,122108485.0,50354.0,0.0908605577555,-0.01076931068800006,0.06427030545610526,0.0045865187168070195,-0.0005440768255952563,0.0032116027018134676,122.10848591499962
1631,E,1551383723176002.0,1.827713,9.560028,1.372431113673298,163,1970-01-18 22:56:23.723176002,-0.021469116,-0.08287048,0.00035095215,9.81384658345339,0.08560702403812111,97.5569839477539,-10.570222854614258,5.075428485870361,122158839.0,50354.0,0.0916554057163,-0.011948324421000031,0.06771016847050526,0.0045952044123295085,-0.0005719618991392954,0.0033228723920502735,122.15883991890587
1631,E,1551383773530006.0,1.7718811,9.573334,1.3618415136732982,163,1970-01-18 22:56:23.773530006,-0.015151978,-0.0861969,0.0009460449,9.817938127508954,0.08752361400145278,97.55650329589844,-10.565383911132812,5.0711774826049805,122209193.0,50354.0,0.0906269806557,-0.011748544926000037,0.06884078193870526,0.0045893236416878445,-0.0005966160795494208,0.003437943278452693,122.20919392304495
1631,E,1551383823884009.0,1.7834473,9.572006,1.3711799136732983,163,1970-01-18 22:56:23.823884009,-0.005996704,-0.0786438,-0.0028381348,9.81753745544817,0.078923144554982,97.55502319335938,-10.562250137329102,5.0675740242004395,122259547.0,50354.0,0.08951250312680001,-0.011446974820000058,0.06880928047630526,0.004535371783192002,-0.0005839936006450443,0.00346561562142272,122.25954792601988
1631,E,1551383874238013.0,1.8131409,9.612915,1.369684613673298,163,1970-01-18 22:56:23.874238013,-0.0027160645,-0.07156372,-0.0017852783,9.863033747543328,0.07163749189645748,97.55316162109375,-10.562464714050293,5.0644211769104,122309901.0,50354.0,0.09055130111140001,-0.010450443983000057,0.06900674620500526,0.004533466399305162,-0.0005513113132031339,0.003469794103755355,122.30990192992613
1631,E,1551383924592017.0,1.8114929,9.606125,1.346384413673298,163,1970-01-18 22:56:23.924592017,0.0008544922,-0.069381714,0.0010986328,9.859115248735856,0.06939567269309299,97.55500793457031,-10.562686920166016,5.060697555541992,122360255.0,50354.0,0.0912574051826,-0.009591429920000045,0.06838246990150526,0.004577397798364039,-0.0005045942592558335,0.003459048293913615,122.36025593406521
1631,E,1551383974946021.0,1.8203735,9.591095,1.3176979136732982,163,1970-01-18 22:56:23.974946021,-0.004714966,-0.062088013,0.0005950928,9.84988507600616,0.06226962660968778,97.56098175048828,-10.564496040344238,5.056529998779297,122410609.0,50354.0,0.0914395003528,-0.010140792060000044,0.06707360075560527,0.0045997599906647665,-0.0004967981527904623,0.0034103774909340716,122.41060993797146
1631,E,1551384025300025.0,1.7781525,9.601608,1.2940925136732981,163,1970-01-18 22:56:24.025300025,-0.0035247803,-0.04573059,-0.006286621,9.855582267366941,0.0462950595799272,97.56997680664062,-10.559637069702148,5.052665710449219,122460963.0,50354.0,0.09060008910200001,-0.01025451656900004,0.06575704758930526,0.004583210743703501,-0.000513492685352335,0.003344277233379813,122.46096394187771
1631,E,1551384075654029.0,1.7469635,9.608414,1.300135013673298,163,1970-01-18 22:56:24.075654029,0.0032806396,-0.040649414,-0.004058838,9.855821346559603,0.040983065046903557,97.57799530029297,-10.550422668457031,5.049271106719971,122511317.0,50354.0,0.088751845532,-0.009818476106000026,0.06531486645600526,0.004515543658280219,-0.0005053777365784767,0.003299997579918783,122.51131794601679
1631,E,1551384126008033.0,1.7385254,9.63562,1.294306113673298,163,1970-01-18 22:56:24.126008033,0.0063323975,-0.024459839,-0.0037231445,9.881643223807815,0.025539083518634875,97.58612823486328,-10.53964614868164,5.046672344207764,122561671.0,50354.0,0.0877541540353,-0.008962155982000057,0.06532024426320525,0.004443891551105913,-0.0004728399740795782,0.0032890001825775636,122.56167194992304
1631,E,1551384176362037.0,1.7155914,9.62532,1.243082413673298,163,1970-01-18 22:56:24.176362037,0.0002746582,-0.013076782,0.00061035156,9.87464149047527,0.013093899099548067,97.60135650634766,-10.526243209838867,5.043250560760498,122612025.0,50354.0,0.08696429867360002,-0.008536513620000043,0.06388383095300526,0.004398886483851976,-0.00044056400456955654,0.0032529710017185323,122.61202595406212
1631,E,1551384226716041.0,1.729187,9.578674,1.2417701136732981,163,1970-01-18 22:56:24.226716041,-0.015777588,-0.033309937,0.0061798096,9.83174582408994,0.03737210500806671,97.61676025390625,-10.51643180847168,5.038630485534668,122662379.0,50354.0,0.08672918577680001,-0.009970243062000042,0.06256113208100526,0.004373080858007722,-0.0004659446129827162,0.0031835048343072836,122.66237995796837
1631,E,1551384277070045.0,1.7941742,9.528992,1.3072151136732981,163,1970-01-18 22:56:24.277070045,-0.011947632,-0.024383545,0.0026550293,9.785995485294054,0.027282821660493756,97.6232681274414,-10.517601013183594,5.036124229431152,122712733.0,50354.0,0.08870766493240001,-0.012395493118000036,0.06417580106890526,0.004416973590305529,-0.000563102139803862,0.0031908557659152976,122.71273396187462
1631,E,1551384327424049.0,1.7832184,9.579803,1.274591813673298,163,1970-01-18 22:56:24.327424049,0.005874634,-0.0028381348,0.004714966,9.837921752720602,0.008049673170886073,97.63409423828125,-10.51596450805664,5.0340375900268555,122763087.0,50354.0,0.09006801349020001,-0.01236706828500002,0.06500215300980526,0.004501035255645801,-0.0006234470084433325,0.003252313349839695,122.7630879660137
1631,E,1551384377778052.0,1.7866516,9.58934,1.246439313673298,163,1970-01-18 22:56:24.377778052,-0.001663208,0.0011138916,0.005340576,9.851740108341973,0.00570339963176267,97.64813232421875,-10.514566421508789,5.031478404998779,122813441.0,50354.0,0.08987861699000001,-0.010847686689000035,0.06347200069320526,0.004530516315599996,-0.0005844778859803994,0.003234593767780696,122.81344196898863
1631,E,1551384428132056.0,1.8078766,9.598709,1.2652992136732981,163,1970-01-18 22:56:24.428132056,-0.0005187988,-0.0005645752,0.0035705566,9.86210354984416,0.0036519545157545487,97.65895080566406,-10.515955924987793,5.029449939727783,122863795.0,50354.0,0.0904994364914,-0.01037169032700005,0.06323804090300525,0.004541378252501209,-0.0005342402551318341,0.0031901787172677926,122.86379597289488
1631,E,1551384478486060.0,1.7683411,9.581604,1.2569068136732982,163,1970-01-18 22:56:24.478486060,-0.00831604,0.0043029785,0.006210327,9.839439302889105,0.01123567117265325,97.67063903808594,-10.512238502502441,5.027408599853516,122914149.0,50354.0,0.0900384330329,-0.010566459599000037,0.06350158115050526,0.004545401941013301,-0.0005271598006869042,0.0031909234644412346,122.91414997703396
1631,E,1551384528840064.0,1.736496,9.558685,1.2756752136732983,163,1970-01-18 22:56:24.528840064,-0.009002686,0.009750366,0.0058288574,9.80883053833704,0.01449460489072009,97.67969512939453,-10.504718780517578,5.026113510131836,122964503.0,50354.0,0.0882412836667,-0.011574143847000012,0.06376281770250526,0.00448854842734583,-0.0005574339729599433,0.003204135769922246,122.96450398094021
1631,E,1551384579194068.0,1.775238,9.576508,1.249018113673298,163,1970-01-18 22:56:24.579194068,-0.008636475,0.01121521,0.0005645752,9.836822311241134,0.014166452658523235,97.69205474853516,-10.502140045166016,5.024325370788574,123014857.0,50354.0,0.08841492691800001,-0.01170244583900001,0.06356420390260525,0.004447673413890993,-0.0005860346985244226,0.0032057124229518674,123.01485798507929
1631,E,1551384629548072.0,1.8274384,9.607803,1.2686866136732982,163,1970-01-18 22:56:24.629548072,-0.0018463135,0.008895874,-0.0024414063,9.87408942422095,0.0094077581009419,97.70091247558594,-10.506166458129883,5.023142337799072,123065211.0,50354.0,0.0907045837228,-0.01046580195300001,0.06338825192040526,0.004509691919403422,-0.0005581299746591846,0.003196281980255936,123.06521198898554
1631,E,1551384679902076.0,1.8233948,9.614777,1.2984413136732982,163,1970-01-18 22:56:24.679902076,0.00021362305,0.01889038,0.0012512207,9.87607817945736,0.018932977700087214,97.70507049560547,-10.509683609008789,5.023294448852539,123115565.0,50354.0,0.09191702747640002,-0.00950230334000002,0.06463257982680526,0.004597864305162258,-0.0005027369869618618,0.0032231804808995194,123.11556599289179
1631,E,1551384730256080.0,1.7707214,9.580643,1.3393959136732982,163,1970-01-18 22:56:24.730256080,-0.009307861,0.01928711,0.0015106201,9.827774344341439,0.021468834659430048,97.70335388183594,-10.506648063659668,5.024455547332764,123165919.0,50354.0,0.09048906356740001,-0.010186110660000027,0.06641282787290526,0.004592438154209753,-0.0004956951992780012,0.003299330229655612,123.16591999703087
1631,E,1551384780610084.0,1.7944946,9.582367,1.3015083136732981,163,1970-01-18 22:56:24.780610084,-0.010696411,0.019363403,-0.0017242432,9.838802559716468,0.022188456427477694,97.70712280273438,-10.50675106048584,5.024627685546875,123216274.0,50355.0,0.08976322583999999,-0.011002315725000038,0.06649136618401894,0.004538302016554813,-0.000533471605308339,0.003346195345868209,123.21627400093712
1631,E,1551384830964088.0,1.7845612,9.592285,1.2953437136732981,163,1970-01-18 22:56:24.830964088,-0.0084991455,0.015548706,0.0014190674,9.8474896630243,0.01777671186666277,97.71161651611328,-10.505276679992676,5.024472713470459,123266628.0,50354.0,0.0901098878766,-0.010708986596000036,0.06538094349250526,0.004528665384042838,-0.0005466254585358189,0.00332014914072585,123.2666280050762
1631,E,1551384881318092.0,1.7766418,9.61174,1.350366913673298,163,1970-01-18 22:56:24.881318092,-0.0059509277,0.025054932,-0.00079345703,9.85772883008401,0.025764175361802436,97.70763397216797,-10.502354621887207,5.026374816894531,123316982.0,50354.0,0.089660407931,-0.009969462575000044,0.06661105646470526,0.004526076737547946,-0.0005206213147782691,0.003323162582922689,123.31698200898245
1631,E,1551384931672095.0,1.7878113,9.625793,1.3419899136732982,163,1970-01-18 22:56:24.931672095,-0.0056762695,0.010818481,-0.0043182373,9.874535665762473,0.012957883313377324,97.7048110961914,-10.5004301071167,5.02739143371582,123367336.0,50354.0,0.0897422356987,-0.009125831659000059,0.06778546784210526,0.004516820358664957,-0.0004807622229294206,0.003383701292472569,123.36733601195738
1631,E,1551384982026099.0,1.8108215,9.581085,1.3530525136732983,163,1970-01-18 22:56:24.982026099,-0.005996704,0.0042419434,-0.0049743652,9.833728888844796,0.008871237332829655,97.70137786865234,-10.502983093261719,5.02820348739624,123417690.0,50354.0,0.0906027780056,-0.009897632594000045,0.06785308319330526,0.004540546410033161,-0.00047895375949778363,0.0034149717994185307,123.41769001586363
1631,E,1551385032380103.0,1.834549,9.600327,1.3103737136732982,163,1970-01-18 22:56:25.032380103,-0.0037231445,0.02268982,-0.0026855469,9.862477971404044,0.023149555044371366,97.70384216308594,-10.50843334197998,5.028842449188232,123468044.0,50354.0,0.09177949307850002,-0.010538790076000039,0.06705708212590526,0.004591838439084386,-0.0005145278135625922,0.0033966332322417636,123.46804402000271
1631,E,1551385082734107.0,1.739624,9.638351,1.337107013673298,163,1970-01-18 22:56:25.082734107,0.0018157959,0.026687622,-0.0032958984,9.878814741954619,0.026951609024851626,97.70181274414062,-10.499297142028809,5.030548572540283,123518398.0,50354.0,0.08998695362100001,-0.009097003994000033,0.06665562227240525,0.004576333828553313,-0.0004943703873003919,0.003366484758636264,123.51839802390896
1631,E,1551385133088111.0,1.7279205,9.640106,1.402460413673298,163,1970-01-18 22:56:25.133088111,-0.008804321,0.010757446,-1.5258789e-05,9.870144403893955,0.013901041167646356,97.68988800048828,-10.488959312438965,5.033169269561768,123568752.0,50354.0,0.0873023678765,-0.008095488111000049,0.06897408911830526,0.004463613247342558,-0.0004328553737275871,0.0034147492436839184,123.56875202804804
1631,E,1551385183442115.0,1.782486,9.591675,1.3198951136732981,163,1970-01-18 22:56:25.183442115,-0.008911133,0.01737976,-0.0016021729,9.84322633625332,0.01959671674038239,97.69120788574219,-10.487601280212402,5.033703804016113,123619106.0,50354.0,0.08838150445050001,-0.009270649763000042,0.06854074511200525,0.00442319285357688,-0.00043722725325370034,0.003462210981416528,123.61910603195429
1631,E,1551385233796119.0,1.7607269,9.585266,1.343180013673298,163,1970-01-18 22:56:25.233796119,-0.0032196045,0.026138306,-0.0005187988,9.829990743441893,0.02634095757334835,97.68941497802734,-10.483519554138184,5.035277843475342,123669460.0,50354.0,0.08920747118330001,-0.010651356443000009,0.06704824248120526,0.004471157639532183,-0.0005015763502484633,0.003413723940634262,123.66946003586054
1631,E,1551385284150123.0,1.7629395,9.637009,1.3537391136732981,163,1970-01-18 22:56:25.284150123,-0.0032958984,0.022140503,-0.0011901855,9.879479094831389,0.02241609602229036,97.68515014648438,-10.478500366210938,5.037111282348633,123719814.0,50354.0,0.0887153489528,-0.009509982324999998,0.06790033286920526,0.00447956284256659,-0.0005076020261619361,0.003397600281597286,123.71981403999962
1631,E,1551385334504127.0,1.7516785,9.599548,1.355692213673298,163,1970-01-18 22:56:25.334504127,-0.0030822754,-0.0019836426,0.0014038086,9.840677516778939,0.003925039896792627,97.68164825439453,-10.472932815551758,5.037611961364746,123770168.0,50354.0,0.088487537386,-0.009150404411000006,0.06821535252860526,0.004461437069351967,-0.00046981255685227215,0.003426984611260676,123.77016804390587
1631,E,1551385384858131.0,1.7704315,9.617798,1.3831123136732981,163,1970-01-18 22:56:25.384858131,-0.007598877,-0.00016784668,0.0025024414,9.858329922258344,0.0080020820496637,97.67362976074219,-10.469878196716309,5.038975238800049,123820522.0,50354.0,0.08867616347,-0.009634079758000014,0.06895488158500526,0.004460450496451512,-0.0004729369579229135,0.003453534984278372,123.82052204804495
1631,E,1551385435212134.0,1.7752228,9.619568,1.3446907136732982,163,1970-01-18 22:56:25.435212134,-0.0051727295,0.001449585,0.0025024414,9.86584303429326,0.005926266962669603,97.67151641845703,-10.467416763305664,5.039366722106934,123870876.0,50354.0,0.0892689383111,-0.009130036218000043,0.06867789681950526,0.004480123827542756,-0.0004724241479277534,0.0034651804618903615,123.87087605101988
1631,E,1551385485566138.0,1.8296814,9.569733,1.3685401136732982,163,1970-01-18 22:56:25.485566138,-0.0005340576,0.0050811768,0.0008392334,9.824165395381732,0.005177633425866644,97.66712951660156,-10.474148750305176,5.040402889251709,123921230.0,50354.0,0.0907606730434,-0.010340168723000072,0.06831101254010526,0.004532605525072247,-0.00049020134979956,0.0034489697709469136,123.92123005492613
1631,E,1551385535920142.0,1.8096924,9.590469,1.4116004136732982,163,1970-01-18 22:56:25.535920142,-0.0046691895,-0.0013427734,0.0020599365,9.83525074151227,0.005277092890473889,97.65596771240234,-10.477466583251953,5.042308807373047,123971584.0,50354.0,0.09162851416260001,-0.011072794246000037,0.06999559805700527,0.0045920125662854624,-0.0005391141686705157,0.003482145535003452,123.97158405906521
1631,E,1551385586274146.0,1.818924,9.547089,1.4069770136732982,163,1970-01-18 22:56:25.586274146,0.0015411377,0.01928711,-0.0008392334,9.795240614493443,0.01936677645510829,97.6467056274414,-10.483162879943848,5.044951915740967,124021938.0,50354.0,0.09135767510280002,-0.01164290223400003,0.07096332388830527,0.004607043287134977,-0.0005719130902769618,0.0035489227778170837,124.02193806297146
1631,E,1551385636628150.0,1.7246552,9.587143,1.3733924136732982,163,1970-01-18 22:56:25.636628150,0.0044555664,0.0069732666,-0.00091552734,9.82151962111219,0.008325665698895915,97.64212036132812,-10.47392463684082,5.046175003051758,124072292.0,50354.0,0.0892166935184,-0.01172664093600006,0.07000136107230527,0.0045463208787759534,-0.0005883749883910923,0.0035490678732532917,124.07229206687771
1631,E,1551385686982154.0,1.7623291,9.616959,1.374796213673298,163,1970-01-18 22:56:25.686982154,-0.0004272461,0.0053863525,0.0018615723,9.85711339538833,0.005714961409524018,97.63663482666016,-10.469685554504395,5.047418594360352,124122646.0,50354.0,0.0877918037211,-0.009967523946000064,0.06919114507070526,0.0044565429349988925,-0.0005461939892341172,0.0035044497271625764,124.12264607101679
1631,E,1551385737336158.0,1.8152313,9.597855,1.3714698136732981,163,1970-01-18 22:56:25.737336158,0.0017089844,0.0010986328,-0.0035095215,9.848513344661614,0.004055164961828489,97.63228607177734,-10.473308563232422,5.048300743103027,124173000.0,50354.0,0.09007223819080001,-0.00969782792200007,0.06914273977050527,0.0044780829832159075,-0.0004951145639806394,0.003482832218647157,124.17300007492304
1631,E,1551385787690162.0,1.7950134,9.582596,1.3313697136732983,163,1970-01-18 22:56:25.787690162,0.0016784668,-0.001876831,-0.0014953613,9.835138319108255,0.002928455363976192,97.63423919677734,-10.474288940429688,5.047876834869385,124223354.0,50354.0,0.09089513081190001,-0.010562985173000044,0.06804939078000527,0.004556215449380978,-0.0005101064912928179,0.003454086270870204,124.22335407906212
1631,E,1551385838044166.0,1.8039703,9.560837,1.3947700136732981,163,1970-01-18 22:56:25.838044166,0.0076141357,0.0012207031,-0.0015716553,9.807406504229279,0.00786989700684718,97.62752532958984,-10.477348327636719,5.049236297607422,124273708.0,50354.0,0.0906116126149,-0.011494987359000038,0.06863601991540526,0.004569795279256544,-0.0005553535744381661,0.003441328585078351,124.27370808296837
1631,E,1551385888398170.0,1.7501526,9.5230255,1.3829139136732982,163,1970-01-18 22:56:25.888398170,0.006286621,0.00730896,-0.000869751,9.762261299090955,0.00967982265753056,97.62334442138672,-10.473612785339355,5.050418376922607,124324062.0,50354.0,0.08948215225330002,-0.012994793837500072,0.06993374823880527,0.004534220718086672,-0.0006165792211842833,0.0034887710528185584,124.32406208687462
1631,E,1551385938752174.0,1.7602844,9.579926,1.3712257136732982,163,1970-01-18 22:56:25.938752174,0.0066375732,-0.004135132,-0.004272461,9.821075641095703,0.008911263526532208,97.61998748779297,-10.46966552734375,5.050913333892822,124374416.0,50354.0,0.08838227234900001,-0.012514190084500046,0.06934097339770526,0.004478092618212108,-0.000642239688204197,0.0035065196666424258,124.3744160910137
1631,E,1551385989106177.0,1.8137054,9.584076,1.3147529136732983,163,1970-01-18 22:56:25.989106177,0.008651733,0.0090789795,-0.0058898926,9.84221217603816,0.013855366740156827,97.62491607666016,-10.473170280456543,5.050577640533447,124424770.0,50354.0,0.0899823411946,-0.010977121646000038,0.06762488390070526,0.004490685875187217,-0.0005914407554388006,0.0034483893892020816,124.42477009398863
1631,E,1551386039460181.0,1.7449493,9.636673,1.3576454136732983,163,1970-01-18 22:56:26.039460181,-0.0031433105,-0.008865356,0.0023345947,9.875453515675439,0.009691505059556764,97.62200164794922,-10.465835571289062,5.050635814666748,124475124.0,50354.0,0.0895962493819,-0.009548402427000046,0.06728297268760526,0.004521250174944541,-0.000516771119585923,0.003396575105323894,124.47512409789488
1631,E,1551386089814185.0,1.7984161,9.600739,1.3527626136732982,163,1970-01-18 22:56:26.089814185,0.0035095215,-0.0015716553,-0.0029907227,9.85064408032213,0.0048714745005260605,97.62081146240234,-10.467013359069824,5.05082368850708,124525478.0,50354.0,0.0892113106758,-0.009128878076000015,0.06823994290450526,0.004501837939572713,-0.0004702378912240326,0.0034120604458625667,124.52547810203396
1631,E,1551386140168189.0,1.7883911,9.590439,1.3447059136732982,163,1970-01-18 22:56:26.140168189,0.0027770996,-0.0048828125,-0.0029449463,9.839826126633186,0.006342463938278254,97.62103271484375,-10.466952323913574,5.0505900382995605,124575832.0,50354.0,0.0903050448744,-0.010292911494000018,0.06791416511300526,0.004519683283687386,-0.0004889823960038909,0.0034279519775568625,124.57583210594021
1631,E,1551386190522193.0,1.7608643,9.591995,1.375269313673298,163,1970-01-18 22:56:26.190522193,0.0025482178,-0.011123657,-0.0018920898,9.83243640491851,0.011567591055234876,97.61677551269531,-10.463027000427246,5.050856113433838,124626186.0,50354.0,0.0893596032058,-0.01051305918200002,0.06848081629890526,0.004523416844715196,-0.0005238319237096529,0.0034340164470076716,124.62618611007929
1631,E,1551386240876197.0,1.8226624,9.617538,1.354334213673298,163,1970-01-18 22:56:26.240876197,0.0016021729,-0.0024414063,-0.008377075,9.87126273353455,0.008871460323915059,97.61507415771484,-10.467028617858887,5.0511155128479,124676540.0,50354.0,0.09022245172590002,-0.009830787659000025,0.06872322800800526,0.004521337397015411,-0.0005121970319158582,0.0034543862235150865,124.67654011398554
1631,E,1551386291230201.0,1.7333984,9.601715,1.2511238136732983,163,1970-01-18 22:56:26.291230201,0.010055542,0.00642395,0.0031585693,9.853623441279638,0.012343322832169889,97.62921142578125,-10.458860397338867,5.048934459686279,124726894.0,50354.0,0.08953094276160001,-0.009586067219000034,0.06559761675450526,0.004525651213011788,-0.0004888581552634075,0.0033817959085857274,124.72689411789179
1631,E,1551386341584205.0,1.7195435,9.627304,1.2777656136732982,163,1970-01-18 22:56:26.341584205,0.00050354004,0.0005950928,-0.0040130615,9.872458721190778,0.004088074193954568,97.63811492919922,-10.447966575622559,5.0473761558532715,124777248.0,50354.0,0.0869347182163,-0.009340188637000011,0.06366984911230526,0.004442875946440589,-0.00047650634368651314,0.003254566988128689,124.77724812203087
1631,E,1551386391938209.0,1.7604218,9.623871,1.312296213673298,163,1970-01-18 22:56:26.391938209,-0.00065612793,0.0037384033,0.0028076172,9.871653248124778,0.004721109767386563,97.6417465209961,-10.443747520446777,5.046875953674316,124827602.0,50354.0,0.0876150863581,-0.008782367025000038,0.06520998662710525,0.0043946404297696695,-0.0004562715839021753,0.0032448076244111393,124.82760212593712
1631,E,1551386442292213.0,1.7383118,9.568588,1.3022102136732983,163,1970-01-18 22:56:26.442292213,0.005218506,-0.00077819824,-0.0013275146,9.815182624407225,0.005440651834659911,97.6482162475586,-10.43761157989502,5.045721530914307,124877956.0,50354.0,0.0880876158472,-0.01026065975700005,0.06582542832130527,0.004423666933422838,-0.0004794462852904162,0.003299078642156132,124.8779561300762
1631,E,1551386492646217.0,1.700058,9.615326,1.3122657136732983,163,1970-01-18 22:56:26.492646217,-0.0012969971,-0.007247925,0.0012512207,9.852732183123825,0.00746861242287628,97.65184783935547,-10.425085067749023,5.044692516326904,124928310.0,50354.0,0.0865678364546,-0.010475797222000044,0.06582466042280527,0.004397300322602419,-0.0005220817773602854,0.0033145542843104714,124.92831013398245
1631,E,1551386543000220.0,1.772644,9.5776825,1.3537239136732981,163,1970-01-18 22:56:26.543000220,-0.0017242432,-0.005584717,0.002456665,9.823365849002993,0.0063401326094223165,97.6500015258789,-10.424445152282715,5.044722080230713,124978664.0,50354.0,0.08743221825400001,-0.01024682499550005,0.06712162084770526,0.004380799377398423,-0.0005217334595699999,0.0033471885235476437,124.97866413695738
1631,E,1551386593354224.0,1.7810059,9.56192,1.2668098136732981,163,1970-01-18 22:56:26.593354224,-0.0058288574,-0.0034332275,0.003540039,9.821182973442458,0.007635083874969024,97.66106414794922,-10.42519474029541,5.04247522354126,125029018.0,50354.0,0.0894702435323,-0.011591427857500024,0.06597717765340526,0.004453873280393676,-0.000549821692079983,0.003351028449862459,125.02901814086363
1631,E,1551386643708228.0,1.75354,9.60051,1.3966316136732981,163,1970-01-18 22:56:26.643708228,0.008468628,0.010101318,-0.008834839,9.836738045038834,0.01586848025790211,97.65260314941406,-10.420915603637695,5.044632434844971,125079372.0,50354.0,0.08898926212430001,-0.011016699890000023,0.06705746481630526,0.004493074973916219,-0.0005692048322988087,0.003349413193459902,125.07937214500271
1631,E,1551386694062232.0,1.7410278,9.550705,1.287226113673298,163,1970-01-18 22:56:26.694062232,0.017288208,-0.007171631,-0.0061187744,9.800270969845457,0.019691465847151157,97.66203308105469,-10.415870666503906,5.0427751541137695,125129726.0,50354.0,0.0879827335006,-0.011299059945000023,0.06757148600140525,0.004455623933848108,-0.0005618438853657962,0.003389553094737498,125.12972614890896
1631,E,1551386744416236.0,1.8320313,9.6032715,1.4131416136732982,163,1970-01-18 22:56:26.744416236,0.0038452148,-0.006576538,-0.0060424805,9.851674451161303,0.009723584705059306,97.6510009765625,-10.423067092895508,5.044522285461426,125180080.0,50354.0,0.08995890896070001,-0.01122953365950002,0.06798715827140525,0.004480036732248151,-0.0005672024011804976,0.00341295998685655,125.18008015304804
1631,E,1551386794770240.0,1.7795868,9.606522,1.347238913673298,163,1970-01-18 22:56:26.794770240,0.012039185,0.006088257,-0.0018157959,9.85357872530916,0.013612713304581523,97.65015411376953,-10.422564506530762,5.0450944900512695,125230434.0,50354.0,0.0909297089037,-0.009824229050500037,0.06949810053700525,0.004554232731972,-0.0005300705837496714,0.0034614663610193514,125.23043415695429
1631,E,1551386845124244.0,1.8157806,9.592697,1.4063514136732982,163,1970-01-18 22:56:26.845124244,0.0038604736,0.007293701,-0.0027923584,9.839195550982236,0.008711980034857089,97.6405029296875,-10.42778205871582,5.047251224517822,125280788.0,50354.0,0.0905205650298,-0.010090463237000052,0.06932714367160525,0.004568373546823729,-0.0005013922077223898,0.003495203173440187,125.28078816086054
1631,E,1551386895478248.0,1.743927,9.580505,1.3540138136732982,163,1970-01-18 22:56:26.895478248,0.0131073,0.0062713623,-0.0049438477,9.820940197884315,0.01534838520720198,97.63945007324219,-10.422590255737305,5.047893047332764,125331142.0,50354.0,0.08962275824520001,-0.01074549324600004,0.06949771532890527,0.004535468450094675,-0.0005245868763724934,0.0034951934750558533,125.33114216499962
1631,E,1551386945832252.0,1.7787323,9.59462,1.324915313673298,163,1970-01-18 22:56:26.945832252,0.00044250488,0.0073242188,0.0035552979,9.844751396653033,0.008153535107966462,97.6418228149414,-10.422486305236816,5.0478057861328125,125381496.0,50354.0,0.0886899931961,-0.010697077875000004,0.06744739863920526,0.004489380143037611,-0.0005398596131134182,0.0034478671343751194,125.38149616890587
1631,E,1551386996186256.0,1.7631226,9.576065,1.2863563136732983,163,1970-01-18 22:56:26.996186256,0.010650635,0.023757935,-0.0025939941,9.829044865003238,0.026164944233808045,97.65050506591797,-10.420296669006348,5.047506332397461,125431850.0,50354.0,0.0891732808173,-0.010808863755000021,0.06574398576170526,0.004478063649835372,-0.0005414550924185107,0.0033533594850617245,125.43185017304495
1631,E,1551387046540259.0,1.7091064,9.593903,1.2700904136732982,163,1970-01-18 22:56:27.046540259,-0.0066375732,-0.002609253,0.006439209,9.839127851158091,0.009608797622442064,97.66039276123047,-10.41018009185791,5.0454912185668945,125482204.0,50354.0,0.087420309533,-0.010826915664000061,0.06436365925440526,0.004446096824249504,-0.0005447240184321651,0.0032757201785706147,125.48220417601988
1631,E,1551387096894263.0,1.8276062,9.571426,1.269251213673298,163,1970-01-18 22:56:27.096894263,0.007156372,0.020111084,-0.0036468506,9.838650193766963,0.021655689302263286,97.67103576660156,-10.417515754699707,5.0446295738220215,125532558.0,50354.0,0.0890438131302,-0.01094371176700004,0.06393300415170526,0.0044428372162913865,-0.0005481190868302896,0.0032301250945756445,125.53255817992613
1631,E,1551387147248267.0,1.6858368,9.583237,1.249903113673298,163,1970-01-18 22:56:27.147248267,0.0143585205,0.018325806,0.0025024414,9.82751924580866,0.023415048354829212,97.6844482421875,-10.40427303314209,5.043214797973633,125582912.0,50354.0,0.088457954411,-0.011212249649000009,0.06342474849960526,0.004468962001384792,-0.0005578206405706332,0.003206486138502045,125.58291218406521
1631,E,1551387197602271.0,1.7341003,9.545029,1.2758583136732982,163,1970-01-18 22:56:27.197602271,-0.0051879883,0.0037841797,0.0021820068,9.795073580570298,0.0067820640131213165,97.69367218017578,-10.399240493774414,5.041677951812744,125633266.0,50354.0,0.08610375636670001,-0.011876846918000037,0.06359109545630526,0.004394940192250153,-0.0005813141842673603,0.00319787790327796,125.63326618797146
1631,E,1551387247956275.0,1.8078308,9.558441,1.3030494136732982,163,1970-01-18 22:56:27.247956275,0.015457153,0.022384644,-0.005935669,9.81774044599602,0.02784291709483232,97.69918823242188,-10.404387474060059,5.041945934295654,125683620.0,50354.0,0.08917519930470001,-0.012501135810000043,0.06492915985140527,0.004412998266938838,-0.0006137644711428581,0.003235754467882228,125.68362019187771
1631,E,1551387298310279.0,1.816391,9.642853,1.3451637136732981,163,1970-01-18 22:56:27.298310279,0.017318726,0.025115967,-0.0040740967,9.8959603154464,0.03077902422964568,97.69680786132812,-10.40865707397461,5.043781280517578,125733974.0,50354.0,0.09124703225860001,-0.010038220962000018,0.06667406190720526,0.004542490524069204,-0.0005674733854486455,0.0033133743142165373,125.73397419601679
1631,E,1551387348664283.0,1.8153381,9.609528,1.3690437136732982,163,1970-01-18 22:56:27.348664283,0.014221191,0.038513184,-0.0070343018,9.860218777476268,0.04165319936199163,97.69139099121094,-10.413583755493164,5.046817302703857,125784328.0,50354.0,0.09143604355070001,-0.008752003563000042,0.06833560039830526,0.004599411799650747,-0.0004730814828659265,0.003399138267865839,125.78432819992304
1631,E,1551387399018287.0,1.9233398,9.584824,1.3877357136732982,163,1970-01-18 22:56:27.399018287,0.01423645,0.059936523,-0.0061950684,9.854278174374013,0.061914797669157466,97.68362426757812,-10.434715270996094,5.051309108734131,125834682.0,50354.0,0.0941286934883,-0.010212999696000074,0.06940743564230525,0.004671963384430903,-0.0004774818870518459,0.003467956418394451,125.83468220406212
1631,E,1551387449372291.0,1.7954102,9.610931,1.3731483136732983,163,1970-01-18 22:56:27.449372291,0.026245117,0.088912964,-0.008178711,9.85741377483355,0.0930656362318042,97.67803955078125,-10.436399459838867,5.056949138641357,125885036.0,50354.0,0.09362696875000001,-0.010177676365000034,0.06951077715650526,0.004727124308173679,-0.0005133760511877997,0.0034975438436356523,125.88503620796837
1631,E,1551387499726295.0,1.8094788,9.604813,1.3865303136732983,163,1970-01-18 22:56:27.499726295,0.016433716,0.07017517,-0.007949829,9.852327108777398,0.07251083565389932,97.67040252685547,-10.440140724182129,5.061950206756592,125935390.0,50354.0,0.09076029035300001,-0.009674413312000016,0.06948042880070526,0.004642318022436232,-0.0004998160617978302,0.00349938159238469,125.93539021187462
1631,E,1551387550080299.0,1.7084961,9.589096,1.209101113673298,163,1970-01-18 22:56:27.550080299,0.01461792,0.07662964,-0.0050811768,9.842942468924319,0.07817674634652466,97.68914794921875,-10.429317474365234,5.062458038330078,125985744.0,50354.0,0.08857205405730001,-0.010224153107000044,0.06535021244630526,0.004515050435218124,-0.0005009862067311646,0.003394631054675984,125.9857442160137
1631,E,1551387600434302.0,1.742569,9.577881,1.263300313673298,163,1970-01-18 22:56:27.600434302,0.0011749268,0.06765747,0.001739502,9.830323385602203,0.06769002560934854,97.69913482666016,-10.424391746520996,5.063948154449463,126036098.0,50354.0,0.0868874660227,-0.010902220071000055,0.06224765073630525,0.0044175443370541604,-0.0005318986975025085,0.0032125314013485852,126.03609821898863
1631,E,1551387650788306.0,1.780777,9.549515,1.2059425136732982,163,1970-01-18 22:56:27.650788306,0.009918213,0.069122314,-0.0053863525,9.817696954476208,0.07003769010384496,97.71827697753906,-10.425257682800293,5.063974857330322,126086452.0,50354.0,0.088707282242,-0.011898750908000057,0.062168126664105254,0.004420948977060352,-0.0005740600463382859,0.0031324160276101354,126.08645222289488
1631,E,1551387701142310.0,1.7118835,9.604584,1.2756446136732982,163,1970-01-18 22:56:27.701142310,0.028152466,0.052490234,-0.014099121,9.849260934083178,0.06120924129760598,97.72663116455078,-10.414518356323242,5.065369129180908,126136806.0,50354.0,0.08793471340850001,-0.01122644947700007,0.06247891910520527,0.004447315524492639,-0.0005822231700931482,0.003138238671333931,126.13680622703396
1631,E,1551387751496314.0,1.7165222,9.635178,1.3006843136732982,163,1970-01-18 22:56:27.751496314,0.005126953,0.04685974,-0.004043579,9.876505364336982,0.047312486840801866,97.72941589355469,-10.404488563537598,5.067222595214844,126187160.0,50354.0,0.0863169703089,-0.009069712126000063,0.06486423340380526,0.004387134640952981,-0.0005109964606787344,0.003206118550719358,126.18716023094021
1631,E,1551387801850318.0,1.756073,9.597229,1.3056739136732982,163,1970-01-18 22:56:27.801850318,0.0041656494,0.04522705,-0.010040283,9.84579245316831,0.046515008001142055,97.73210906982422,-10.401036262512207,5.069043159484863,126237514.0,50354.0,0.08742952935039999,-0.00925488896100003,0.06562028108990527,0.0043744156219221965,-0.0004613584815674014,0.0032852086214081497,126.23751423507929
1631,E,1551387852204322.0,1.7498932,9.616287,1.2831520136732981,163,1970-01-18 22:56:27.852204322,-0.029312134,0.032577515,-0.0001373291,9.866317051046968,0.04382367559311848,97.73609924316406,-10.396625518798828,5.069645404815674,126287868.0,50354.0,0.08826971101740001,-0.00973050766800003,0.06517887037280526,0.004423579774740101,-0.0004779953309283346,0.0032931302363766635,126.28786823898554
1631,E,1551387902558326.0,1.7498016,9.552307,1.3757881136732981,163,1970-01-18 22:56:27.902558326,-0.06967163,0.026611328,0.0037078857,9.791673472931526,0.07467293499752603,97.72572326660156,-10.394431114196777,5.072165012359619,126338222.0,50354.0,0.08811181597960001,-0.010861508862000022,0.06694413558620525,0.0044407577052034694,-0.0005184452001758113,0.0033264609210300073,126.33822224289179
1631,E,1551387952912330.0,1.7126007,9.521805,1.2658485136732982,163,1970-01-18 22:56:27.952912330,-0.02041626,0.04586792,-0.0105896,9.77004241612208,0.051311103921802347,97.73470306396484,-10.386754035949707,5.072668552398682,126388576.0,50354.0,0.0871729027071,-0.013240282176000004,0.06650848536670526,0.004413143362375046,-0.0006068107929637266,0.0033599366377314276,126.38857624703087
1631,E,1551388003266334.0,1.7543793,9.579666,1.2631629136732982,163,1970-01-18 22:56:28.003266334,-0.055847168,-0.009674072,0.020187378,9.83418167334004,0.060166635880663066,97.74137878417969,-10.384931564331055,5.0703511238098145,126438930.0,50354.0,0.08728815546000002,-0.012551464633000034,0.06367292070630526,0.004392406061473077,-0.000649358809410194,0.003277577260700186,126.43893025093712
1631,E,1551388053620338.0,1.6335602,9.699432,1.4353584136732982,163,1970-01-18 22:56:28.053620338,0.0004119873,0.042816162,-0.0030517578,9.908094279222828,0.042926759575065365,97.72270965576172,-10.362709999084473,5.075826168060303,126489284.0,50354.0,0.0852981527915,-0.008079349654000052,0.06794067145860526,0.004345205482848016,-0.0005194220113038013,0.0033136354099359525,126.4892842550762
1631,E,1551388103974342.0,1.7221832,9.624191,1.3308052136732982,163,1970-01-18 22:56:28.103974342,-0.01625061,-0.003692627,0.0034637451,9.86276626262153,0.01702102669203603,97.7208023071289,-10.355195999145508,5.075820446014404,126539638.0,50354.0,0.08448755158179999,-0.0069583437290000475,0.06964370164570527,0.004274694679006574,-0.0003786040063037935,0.003463961761647227,126.53963825898245
1631,E,1551388154328345.0,1.6578522,9.66275,1.4540504136732981,163,1970-01-18 22:56:28.154328345,0.0042266846,0.00944519,-0.00062561035,9.873996176103864,0.010366670880953261,97.70106506347656,-10.338014602661133,5.0798659324646,126589992.0,50354.0,0.08509915126579999,-0.007881886443000021,0.07011431012970526,0.004269684417594025,-0.00037363247504044577,0.003518687462469511,126.58999226195738
1631,E,1551388204682349.0,1.6932983,9.628357,1.361032813673298,163,1970-01-18 22:56:28.204682349,0.0029754639,-0.007873535,0.0024871826,9.857899829862479,0.008776788484529575,97.69618225097656,-10.326906204223633,5.080367088317871,126640346.0,50354.0,0.08437191613850001,-0.00777699906100003,0.07087535041490525,0.004266773064038062,-0.0003942437603342093,0.003549696683531659,126.64034626586363
1631,E,1551388255036353.0,1.7343445,9.606369,1.4306739136732982,163,1970-01-18 22:56:28.255036353,0.006164551,-0.009750366,-0.0034942627,9.834851596741931,0.01205326503409629,97.68181610107422,-10.32243537902832,5.082548141479492,126690700.0,50354.0,0.0862977627756,-0.009196503498000032,0.07028680027440526,0.004296950506020296,-0.00042734187392794463,0.003554039467904771,126.69070027000271
1631,E,1551388305390357.0,1.7775574,9.5837555,1.424509413673298,163,1970-01-18 22:56:28.305390357,0.01083374,-0.001083374,-0.009490967,9.821247966249274,0.014443755612947935,97.66927337646484,-10.324594497680664,5.084900856018066,126741054.0,50354.0,0.0884191541363,-0.010319435463500002,0.07188495063260526,0.004398847817090906,-0.0004913527952336864,0.003579458172585804,126.74105427390896
1631,E,1551388355744361.0,1.7788239,9.569046,1.4635414136732983,163,1970-01-18 22:56:28.355744361,0.010284424,-0.008422852,-0.009780884,9.802410290549794,0.01650392391666709,97.651611328125,-10.327341079711914,5.087812423706055,126791408.0,50354.0,0.0895390119901,-0.011259116634500018,0.07271245568010526,0.004480452748564373,-0.0005432832061713465,0.003640528898735113,126.79140827804804
1631,E,1551388406098365.0,1.765091,9.595322,1.4342750136732982,163,1970-01-18 22:56:28.406098365,0.011352539,-0.009216309,-0.007369995,9.829098051494892,0.016374899072361546,97.6382827758789,-10.327372550964355,5.089903354644775,126841762.0,50354.0,0.08922514543730001,-0.010967906864000046,0.07295832419130527,0.004500745191549651,-0.0005596097706217362,0.003667553224822503,126.84176228195429
1631,E,1551388456452369.0,1.7423401,9.626862,1.3881629136732982,163,1970-01-18 22:56:28.456452369,0.013839722,-0.0010375977,-0.0035552979,9.861535000979545,0.014326711317747478,97.63151550292969,-10.323421478271484,5.091213703155518,126892116.0,50354.0,0.0883065928047,-0.009512273432000071,0.07106051969680527,0.004469716573718835,-0.000515629499312395,0.003625962432570959,126.89211628586054
1631,E,1551388506806373.0,1.7272339,9.632278,1.365854613673298,163,1970-01-18 22:56:28.506806373,0.014846802,0.0069732666,0.0023651123,9.86699504263076,0.016572499295323288,97.6280517578125,-10.317541122436523,5.092289447784424,126942470.0,50354.0,0.087353464598,-0.008581832220000071,0.06933789928600526,0.004422593265227779,-0.00045555529800040757,0.0035348109947302207,126.94247028999962
1631,E,1551388557160377.0,1.7111359,9.614609,1.4189094136732983,163,1970-01-18 22:56:28.557160377,0.0064849854,0.00064086914,0.0057373047,9.840276247331184,0.008682304654494658,97.61688232421875,-10.31025218963623,5.094341278076172,126992824.0,50354.0,0.0865678364546,-0.008890326001000056,0.07011200391650525,0.004378816596601311,-0.0004398965275301203,0.003510930212929607,126.99282429390587
1631,E,1551388607514381.0,1.7447662,9.55658,1.388300313673298,163,1970-01-18 22:56:28.607514381,0.015701294,-0.0017852783,0.0028381348,9.793351889657494,0.016055306319901156,97.61209106445312,-10.309192657470703,5.095238208770752,127043178.0,50354.0,0.0870092471717,-0.010796174547000036,0.07067711930540527,0.004370150234459355,-0.0004956470242969983,0.003544647755358041,127.04317829804495
1631,E,1551388657868384.0,1.8124237,9.563431,1.4185127136732982,163,1970-01-18 22:56:28.657868384,0.029266357,0.009796143,0.009841919,9.808536898453495,0.03239363269734438,97.60340118408203,-10.318225860595703,5.097466945648193,127093532.0,50354.0,0.0895593701123,-0.012084683053000039,0.07066713158950526,0.0044454680773592685,-0.000576071351795202,0.0035586242047811628,127.09353230101988
1631,E,1551388708222388.0,1.7899933,9.594772,1.3491767136732982,163,1970-01-18 22:56:28.708222388,0.031814575,0.018951416,0.0105896,9.843758664863635,0.038515749752480226,97.60456848144531,-10.322844505310059,5.0983967781066895,127143886.0,50354.0,0.09069805280900001,-0.011123123069000028,0.06968211671230526,0.00453834113688957,-0.0005843029347335957,0.003533573024494683,127.14388630492613
1631,E,1551388758576392.0,1.7757416,9.602066,1.308939313673298,163,1970-01-18 22:56:28.758576392,0.024658203,0.014480591,0.0074005127,9.853595053850038,0.029537807622119678,97.61115264892578,-10.324793815612793,5.098099231719971,127194240.0,50354.0,0.0897745075773,-0.010150409674,0.06692338722050525,0.004543757652845875,-0.0005356037338705117,0.0034393167725163703,127.19424030906521
1631,E,1551388808930396.0,1.7893219,9.555313,1.3697456136732982,163,1970-01-18 22:56:28.808930396,0.020965576,-0.010848999,0.012512207,9.802517321653669,0.02671725061312683,97.60958099365234,-10.330159187316895,5.097952842712402,127244594.0,50354.0,0.08975760373950001,-0.01114386891700002,0.06744125041580526,0.004520079966623075,-0.0005361260520856075,0.00338289848176939,127.24459431297146
1631,E,1551388859284400.0,1.800827,9.614304,1.3990425136732982,163,1970-01-18 22:56:28.859284400,0.0073394775,0.012329102,0.023101807,9.85842824074317,0.027195002716761386,97.60176849365234,-10.336267471313477,5.09987211227417,127294948.0,50354.0,0.0903891788553,-0.010835752791000021,0.06970977868220525,0.00453555554538928,-0.0005533809357423171,0.003453051459600611,127.29494831687771
1631,E,1551388909638404.0,1.734375,9.592316,1.226114613673298,163,1970-01-18 22:56:28.909638404,0.00044250488,0.02746582,0.028137207,9.848166359564395,0.03932263338844529,97.61944580078125,-10.333040237426758,5.097862720489502,127345302.0,50354.0,0.08900578075400001,-0.009904128260000013,0.06609358099520525,0.0045166268980833466,-0.0005221679852210278,0.0034191211865981642,127.34530232101679
1631,E,1551388959992408.0,1.7209015,9.512161,1.1887001136732982,163,1970-01-18 22:56:28.959992408,0.017532349,0.00022888184,0.019317627,9.773168467661458,0.026088433476650373,97.64498901367188,-10.329251289367676,5.093320846557617,127395656.0,50354.0,0.0869934964405,-0.01247578257100001,0.060797790390405254,0.004431133801925927,-0.0005634590149920875,0.003194744057375516,127.39565632492304
1631,E,1551389010346412.0,1.7758789,9.536774,1.1573127136732981,163,1970-01-18 22:56:29.010346412,0.017044067,-0.0031433105,0.006942749,9.811588336919879,0.0186703611233661,97.67394256591797,-10.332088470458984,5.0880842208862305,127446010.0,50354.0,0.0880384401308,-0.013874163505000031,0.05906556495410527,0.00440677906705562,-0.0006634125923554532,0.0030177996975087416,127.44601032906212
1631,E,1551389060700416.0,1.821991,9.544189,1.174631513673298,163,1970-01-18 22:56:29.060700416,0.012161255,-0.00894165,0.013061523,9.824663295499079,0.01996127778918609,97.69924926757812,-10.341595649719238,5.083130359649658,127496364.0,50354.0,0.0905835704723,-0.013067794549000067,0.058711359811905256,0.0044971663609542495,-0.0006783176779255605,0.002965269634833847,127.49636433296837
1631,E,1551389111054420.0,1.8611908,9.517578,1.213434613673298,163,1970-01-18 22:56:29.111054420,0.013305664,-0.0039367676,0.006210327,9.800501884905662,0.015202203625272054,97.71881866455078,-10.35704517364502,5.079503059387207,127546718.0,50354.0,0.09273146817860001,-0.013551092241000045,0.06012434088820526,0.00461532272811371,-0.0006701837127118329,0.0029919264365266826,127.54671833687462
1631,E,1551389161408424.0,1.857132,9.554657,1.2006324136732982,163,1970-01-18 22:56:29.161408424,0.014190674,-0.0012054443,-0.0012817383,9.837596879685847,0.014299341859133426,97.73897552490234,-10.370108604431152,5.075953960418701,127597072.0,50354.0,0.09361621313560001,-0.013287539405000014,0.06077896554750526,0.004691675572447614,-0.0006757162289513436,0.003043982546131884,127.5970723410137
1631,E,1551389211762427.0,1.927948,9.494461,1.165460913673298,163,1970-01-18 22:56:29.211762427,0.020355225,0.010498047,-0.0068206787,9.798026901415653,0.023896983775017876,97.7652816772461,-10.394327163696289,5.0719523429870605,127647426.0,50354.0,0.09529695916,-0.013869556114000037,0.05957113170260526,0.004756266938886321,-0.0006837341938818643,0.0030300543984660326,127.64742634398863
1631,E,1551389262116431.0,1.921524,9.53389,1.1542305136732982,163,1970-01-18 22:56:29.262116431,0.025726318,0.03526306,-0.010986328,9.836658530744383,0.045011401237067795,97.79174041748047,-10.41582202911377,5.069198131561279,127697780.0,50354.0,0.096918156544,-0.014392406873000065,0.058402871066305255,0.004839399968079609,-0.0007115514421237016,0.00297023146771286,127.69778034789488
1631,E,1551389312470435.0,1.9065857,9.570648,1.1755775136732982,163,1970-01-18 22:56:29.312470435,0.0090789795,0.051849365,-0.010406494,9.866227087576432,0.05365705579918341,97.81261444091797,-10.433841705322266,5.068097114562988,127748134.0,50354.0,0.0963803179169,-0.01247424677400004,0.05865757670450526,0.0048666756915020795,-0.0006764217388705217,0.0029472308935256965,127.74813435203396
1631,E,1551389362824439.0,1.9168243,9.539795,1.1030677136732983,163,1970-01-18 22:56:29.362824439,0.008621216,0.08114624,-0.0071105957,9.849257984871322,0.08191213709008643,97.84395599365234,-10.453812599182129,5.06649112701416,127798488.0,50354.0,0.09626199357000001,-0.012325576589000034,0.05736945088890527,0.004850155476305682,-0.0006243851528102529,0.002921212473719297,127.79848835594021
1631,E,1551389413178443.0,1.8928528,9.578583,1.0693611136732981,163,1970-01-18 22:56:29.413178443,0.014907837,0.08874512,-0.015655518,9.887470450455345,0.09134021661722339,97.87879943847656,-10.468294143676758,5.064731597900391,127848842.0,50354.0,0.0959162403467,-0.01212579709400004,0.05469524058610527,0.004838471395320757,-0.0006156122352168928,0.0028214527372663403,127.84884236007929
1631,E,1551389463532447.0,1.9077759,9.591492,1.1167854136732982,163,1970-01-18 22:56:29.463532447,0.011474609,0.04498291,-0.013061523,9.895486470706112,0.04822584604597943,97.90579986572266,-10.484188079833984,5.0622076988220215,127899196.0,50354.0,0.0956884287799,-0.01082422172500002,0.05504061111900527,0.004824030754600409,-0.0005778126238059645,0.002762819538379568,127.89919636398554
1631,E,1551389513886451.0,1.8878632,9.573776,1.244470913673298,163,1970-01-18 22:56:29.513886451,-0.0001373291,0.015975952,-0.0087890625,9.855753419854521,0.018234514559398535,97.91357421875,-10.497841835021973,5.061627388000488,127949550.0,50354.0,0.0955628056207,-0.01094524756400001,0.05944935055360525,0.004815132328503906,-0.0005480899282891539,0.0028825137650313154,127.94955036789179
1631,E,1551389564240455.0,1.836319,9.532211,1.2464698136732981,163,1970-01-18 22:56:29.564240455,-0.016082764,0.023788452,-0.016159058,9.805317298269099,0.03294936876304862,97.92086029052734,-10.504610061645508,5.061417102813721,127999904.0,50354.0,0.0937637352494,-0.012437765301000018,0.06271441469240527,0.004766674319486508,-0.0005887141149021058,0.0030757171175988074,127.99990437203087
1631,E,1551389614594459.0,1.7894135,9.564377,1.1621498136732982,163,1970-01-18 22:56:29.614594459,-0.039398193,-0.0075683594,-0.025848389,9.840150581574475,0.04772459417918751,97.93878173828125,-10.502625465393066,5.057601451873779,128050258.00000001,50354.0000000149,0.091285067152527,-0.012674403924003772,0.0606418163577232,0.004658973698074695,-0.0006322490845781075,0.0031057398291500036,128.05025837593712
1631,E,1551389664948463.0,1.78302,9.590652,1.2263893136732982,163,1970-01-18 22:56:29.664948463,-0.060562134,-0.062347412,-0.03265381,9.85519120288264,0.09285064978365956,97.9457015991211,-10.498601913452148,5.052970886230469,128100612.00000001,50354.0,0.0899431582295,-0.011203034867000018,0.06013624960920525,0.004562783030443294,-0.0006011622764411025,0.0030408293668493574,128.1006123800762
1631,E,1551389715302467.0,1.8142548,9.589035,1.3246101136732982,163,1970-01-18 22:56:29.715302467,-0.061340332,-0.05529785,-0.047302246,9.845832460547204,0.09517347855961365,97.93798065185547,-10.498872756958008,5.051448822021484,128150966.00000001,50354.0,0.0905685876396,-0.010582220401000004,0.06422651258230526,0.004544744225746331,-0.0005484873718824366,0.0031310812636956603,128.15096638398245
1631,E,1551389765656470.0,1.8087158,9.5672455,1.2639564136732981,163,1970-01-18 22:56:29.765656470,-0.045578003,-0.047042847,-0.039855957,9.83182360645802,0.07667386203732839,97.9405288696289,-10.499127388000488,5.048553466796875,128201320.00000001,50354.0,0.09121553079620001,-0.011171525851500008,0.06517233945900526,0.004576778749858137,-0.0005476940693991928,0.003257874897844075,128.20132038695738
1631,E,1551389816010474.0,1.6895905,9.626755,1.2359718136732982,163,1970-01-18 22:56:29.816010474,-0.0382843,-0.07131958,-0.030883789,9.872557007291315,0.08663705062421574,97.9464340209961,-10.480978965759277,5.043860912322998,128251674.00000001,50354.0,0.08807685771510002,-0.010221849411500047,0.06294069297990526,0.004514044465549001,-0.0005386210089965524,0.003225501817714451,128.25167439086363
1631,E,1551389866364478.0,1.6737823,9.648865,1.214060213673298,163,1970-01-18 22:56:29.866364478,-0.049926758,-0.0864563,-0.040618896,9.89453830399734,0.10778342955361636,97.95448303222656,-10.459830284118652,5.038011074066162,128302028.0,50353.9999999851,0.08467963698557494,-0.00816691525999762,0.061684456352487003,0.004349490267077606,-0.0004629739281341597,0.0031376873847407116,128.3020283950027
1631,E,1551389916718482.0,1.697464,9.636246,1.210352313673298,163,1970-01-18 22:56:29.916718482,-0.06404114,-0.10557556,-0.037872314,9.88680266226842,0.12915796007032548,97.96260833740234,-10.442887306213379,5.03107213973999,128352382.0,50354.0,0.0848778680951,-0.007927960353000023,0.06103943420100525,0.0042689493054161535,-0.0004052206833084416,0.003089819392465275,128.35238239890896
1631,E,1551389967072486.0,1.6677704,9.673965,1.326670013673298,163,1970-01-18 22:56:29.967072486,-0.07261658,-0.12088013,-0.039855957,9.902575162028757,0.14653897375135103,97.95250701904297,-10.421405792236328,5.0266289710998535,128402736.0,50354.0,0.08472650648880001,-0.007296017653000019,0.06387461113560526,0.004270129338898851,-0.00038329409425706304,0.0031449609194398433,128.40273640304804
1631,E,1551390017426490.0,1.6776428,9.620361,1.3372139136732981,163,1970-01-18 22:56:30.017426490,-0.08242798,-0.10069275,-0.05406189,9.850504259134398,0.14091163805667367,97.94148254394531,-10.40264892578125,5.023340702056885,128453090.0,50354.0,0.08422746813640002,-0.007695954297999995,0.06706860563880526,0.0042537542191386606,-0.0003774528778103274,0.0032967573687293335,128.4530904069543
1631,E,1551390067780494.0,1.6849823,9.588211,1.3668922136732982,163,1970-01-18 22:56:30.067780494,-0.054504395,-0.09399414,-0.048431396,9.816507106899405,0.11895893218739163,97.9283218383789,-10.38663101196289,5.020968437194824,128503444.0,50354.0,0.0846608121427,-0.009854982756000032,0.06808127996820526,0.004252100232586901,-0.0004418799422085587,0.003402668669927704,128.50344441086054
1631,E,1551390118134498.0,1.5986786,9.638321,1.4372200136732982,163,1970-01-18 22:56:30.118134498,-0.03930664,-0.09472656,-0.029708862,9.842326935225056,0.10677429278088543,97.90502166748047,-10.35857105255127,5.020400047302246,128553798.0,50354.0,0.0826727304793,-0.009402803836000066,0.07059913354790527,0.004212956602594095,-0.00048485329302678647,0.0034915567710951155,128.55379841499962
1631,E,1551390168488502.0,1.480484,9.674591,1.374430013673298,163,1970-01-18 22:56:30.168488502,-0.046218872,-0.07998657,-0.039627075,9.867190189299112,0.10052034909595624,97.89029693603516,-10.312846183776855,5.018999099731445,128604152.0,50354.0,0.07752407678020001,-0.007228014576000062,0.07078891273850525,0.004033275016372432,-0.0004187141151589272,0.003559726841352958,128.60415241890587
1631,E,1551390218842506.0,1.4933472,9.676971,1.3395790136732981,163,1970-01-18 22:56:30.218842506,-0.052139282,-0.10437012,-0.047225952,9.87594834268846,0.125864678200821,97.88090515136719,-10.269404411315918,5.015443801879883,128654506.0,50354.0,0.0748721481224,-0.006254923526000049,0.06833060528150525,0.003836879754372761,-0.00033945993259405685,0.0035026121051898043,128.65450642304495
1631,E,1551390269196509.0,1.4862213,9.711548,1.4324745136732981,163,1970-01-18 22:56:30.269196509,-0.06956482,-0.11264038,-0.04194641,9.897107597669248,0.1388762783921894,97.85671997070312,-10.225768089294434,5.013915538787842,128704860.0,50354.0,0.07501659612450001,-0.005324457137000024,0.06979199165800526,0.003773748913904202,-0.0002915340669523528,0.0034775126231460563,128.70486042601988
1631,E,1551390319550513.0,1.5284882,9.68129,1.5612129136732982,163,1970-01-18 22:56:30.319550513,-0.09013367,-0.069381714,-0.036315918,9.859111467555882,0.1194016189397339,97.81346130371094,-10.190914154052734,5.017645835876465,128755214.0,50354.0,0.0759013410815,-0.005215717674000008,0.07537206835830526,0.003799660905035462,-0.0002653699812165478,0.00365479553903065,128.75521442992613
1631,E,1551390369904517.0,1.5154266,9.654205,1.5628456136732982,163,1970-01-18 22:56:30.369904517,-0.077545166,-0.06832886,-0.018569946,9.830317249678371,0.10500918423314254,97.77210998535156,-10.156545639038086,5.021054267883301,128805568.0,50354.0,0.07663664291960001,-0.0066594423850000395,0.07865442154300527,0.0038404488231956954,-0.0002989809048054442,0.003877924936245295,128.8055684340652
1631,E,1551390420258521.0,1.3486023,9.778198,1.6531318136732982,163,1970-01-18 22:56:30.420258521,-0.06260681,-0.06613159,-0.012771606,9.918800859905542,0.09195713008855504,97.7173080444336,-10.097089767456055,5.0269999504089355,128855921.99999999,50353.9999999851,0.07210765561527867,-0.004219589668998812,0.08096866368828129,0.0037449352042115327,-0.000273901390023448,0.004018830416866912,128.85592243797146
1631,E,1551390470612525.0,1.2937775,9.759872,1.817621583673298,163,1970-01-18 22:56:30.470612525,-0.060256958,-0.027374268,-0.021530151,9.878561263791422,0.06959740611569075,97.63978576660156,-10.03189754486084,5.038825035095215,128906275.99999999,50354.0,0.0665271962246,-0.0015592116100000514,0.08738315828499527,0.0034904096647726253,-0.0001454928798013544,0.004238593821821184,128.9062764418777
1631,E,1551390520966529.0,1.3758392,9.703003,1.854807253673298,163,1970-01-18 22:56:30.520966529,-0.041046143,-0.020431519,-0.0053253174,9.830529582435922,0.04615833434207253,97.56045532226562,-9.98219108581543,5.051289081573486,128956629.99999999,50354.0,0.0672129396559,-0.0034523961250000268,0.09246074083787525,0.0033671754010633484,-0.00012617724794409697,0.004527929848216512,128.9566304460168
1631,E,1551390571320533.0,1.3843536,9.781342,1.901956913673298,163,1970-01-18 22:56:30.571320533,-0.027160645,-0.0009613037,0.019546509,9.905477857016045,0.0334767196079117,97.47589111328125,-9.934854507446289,5.065506458282471,129006983.99999999,50354.0,0.0694933741256,-0.0029118459350000073,0.09458405144128526,0.0034418548620768256,-0.00016023252234462085,0.004709226735212424,129.00698444992304
1631,E,1551390621674537.0,1.3119507,9.732132,1.9873603536732982,163,1970-01-18 22:56:30.621674537,-0.035964966,0.018661499,0.015045166,9.841049866928639,0.043221376010901286,97.3807373046875,-9.87939167022705,5.082381248474121,129057337.99999999,50354.0,0.0678848533611,-0.0021784651020000253,0.09792134083998527,0.0034587716334326464,-0.00012815876097854983,0.004846708261465549,129.05733845406212
1631,E,1551390672028541.0,1.3628387,9.835754,2.0710548136732982,163,1970-01-18 22:56:30.672028541,-0.03778076,0.03919983,0.020187378,9.945339545834969,0.05806498711548452,97.27461242675781,-9.831192970275879,5.102010726928711,129107691.99999999,50354.0,0.0673431727238,-0.0008085341780000441,0.10217871866828526,0.0034046360127395277,-7.520368087256175e-05,0.005037919198239728,129.10769245796837
1631,E,1551390722382545.0,1.4184418,9.831207,2.022013063673298,163,1970-01-18 22:56:30.722382545,-0.025787354,0.09164429,0.054016113,9.951484867785192,0.10945959975970214,97.17857360839844,-9.79404067993164,5.12229585647583,129158046.00000001,50354.0000000298,0.07002429914854146,0.001685877097000932,0.10305116994801626,0.003458500839331988,2.2088862671698425e-05,0.0051670729056956825,129.15804646187462
1631,E,1551390772736549.0,1.1872253,9.606552,1.8935493136732982,163,1970-01-18 22:56:30.772736549,-0.010772705,0.067214966,0.08779907,9.707473046232343,0.1110971625212052,97.10696411132812,-9.729894638061523,5.1370930671691895,129208400.00000001,50354.0,0.0656028805767,-0.004084741657000041,0.09858211397445525,0.0034146855039424045,-6.039621302709758e-05,0.005076521189316066,129.2084004660137
1631,E,1551390823090552.0,1.1622009,9.32196,1.919763913673298,163,1970-01-18 22:56:30.823090552,0.00894165,0.023208618,0.094680786,9.420801865371804,0.09789302473501481,97.03785705566406,-9.668944358825684,5.149371147155762,129258754.00000001,50354.0,0.0591515034374,-0.016906053376000003,0.09600778712490526,0.003140941126322996,-0.0005284852465458421,0.0048991899399786,129.25875446898863
1631,E,1551390873444556.0,1.1311951,9.316925,1.7982734136732983,163,1970-01-18 22:56:30.873444556,0.038894653,-0.0015106201,0.08287048,9.421966085479989,0.09155649873442809,96.99087524414062,-9.603874206542969,5.156985759735107,129309108.00000001,50354.0,0.057740831092000004,-0.024197992355000034,0.09360902579060526,0.0029429983064467044,-0.001034876559369388,0.004773982498773809,129.30910847289488
1631,E,1551390923798560.0,1.002121,9.541428,1.7771247536732981,163,1970-01-18 22:56:30.923798560,0.031341553,-0.097976685,0.06575012,9.631583261916042,0.12208522444610335,96.94560241699219,-9.515939712524414,5.159579753875732,129359462.00000001,50354.0,0.0537104994497,-0.018672446519000057,0.09001779965928526,0.002806010149048381,-0.0010793490395307004,0.004623172584351893,129.35946247703396
1631,E,1551390974152564.0,1.6184692,10.005432,2.146158563673298,163,1970-01-18 22:56:30.974152564,0.007980347,-0.08517456,0.0056610107,10.146943397063234,0.08573469922720627,96.8420181274414,-9.507868766784668,5.172557353973389,129409816.0,50353.9999999851,0.06597859946538048,-0.0013379057799996256,0.09877650408080602,0.0030134124433840895,-0.0005038006398317659,0.004753274185262871,129.4098164809402
1631,E,1551391024506568.0,1.9788055,9.518951,2.0859931636732982,163,1970-01-18 22:56:31.024506568,0.041763306,-0.05529785,0.04789734,9.737559752820033,0.08423883381046852,96.7557601928711,-9.565774917602539,5.184206485748291,129460170.0,50354.0,0.0905685851219,-0.001903809209000029,0.10655288403940526,0.003941388466353961,-8.161665827804431e-05,0.00516957800470256,129.4601704850793
1631,E,1551391074860572.0,1.6070862,9.587936,1.7999061136732983,163,1970-01-18 22:56:31.074860572,0.18103027,0.11439514,0.02758789,9.756909683756849,0.21591502584707856,96.71842956542969,-9.565802574157715,5.197356224060059,129510524.0,50354.0,0.0902819953309,-0.012415106001000072,0.09783528610575527,0.004553275064060146,-0.0003605073282421726,0.005145880959744707,129.51052448898554
1631,E,1551391125214576.0,1.5244751,9.773499,1.3446907136732982,163,1970-01-18 22:56:31.125214576,0.19717407,0.064331055,-0.0018310547,9.974600809785322,0.20741130942909627,96.74685668945312,-9.546745300292969,5.19743537902832,129560878.0,50354.0,0.0788433188501,-0.006006351005000077,0.07917151432210527,0.0042580680351350375,-0.00046379702304006574,0.004456500214372245,129.5608784928918
1631,E,1551391175568580.0,1.8177185,9.708298,1.5057472136732981,163,1970-01-18 22:56:31.175568580,0.16471863,0.06704712,0.0149383545,9.940574143306739,0.17846763797545753,96.7507553100586,-9.572619438171387,5.20134973526001,129611232.0,50354.0,0.0841464082672,-0.002975996931000074,0.07176547569680526,0.004103592359632263,-0.0002261485739846758,0.0038001405977061108,129.61123249703087
1631,E,1551391225922584.0,1.7028198,9.687637,1.2276252136732981,163,1970-01-18 22:56:31.225922584,0.13644409,0.07287598,0.06982422,9.935364614696498,0.16971540842097071,96.79389953613281,-9.583992958068848,5.198470115661621,129661586.0,50354.0,0.0886365927791,-0.005137744505000043,0.06881811760330526,0.0043501576173426955,-0.00020427966813417497,0.003539473128516883,129.66158650093712
1631,E,1551391276276588.0,1.6842346,9.640488,1.2286781136732983,163,1970-01-18 22:56:31.276276588,0.14268494,0.07321167,0.06236267,9.886064484435275,0.17206987922504452,96.83709716796875,-9.593223571777344,5.195682048797607,129711940.0,50354.0,0.08527586862880002,-0.006844996875000036,0.06184234887260526,0.0043785940408666985,-0.000301689479724262,0.003289638564463999,129.7119405050762
1631,E,1551391326630592.0,1.8818512,9.590103,1.2752784136732982,163,1970-01-18 22:56:31.326630592,0.09529114,0.03515625,0.06373596,9.866194415290959,0.11991094976558103,96.8713150024414,-9.631708145141602,5.192108154296875,129762294.0,50354.0,0.0897833421866,-0.00930061039300007,0.06304211348900526,0.004407465750699327,-0.0004064979541864387,0.0031442161088782684,129.76229450898245
1631,E,1551391376984595.0,1.9687347,9.532501,1.1368660136732982,163,1970-01-18 22:56:31.376984595,0.11734009,0.075927734,0.0569458,9.84725952315254,0.15091899035317874,96.92679595947266,-9.682647705078125,5.187163829803467,129812648.0,50354.0,0.0969462012043,-0.01201939909200006,0.06073056024730526,0.0047012897139526895,-0.0005367738788038483,0.0031162246066590905,129.81264851195738
1631,E,1551391427338599.0,1.9098969,9.522247,1.199335413673298,163,1970-01-18 22:56:31.427338599,0.11463928,0.09031677,0.0554657,9.816440371236995,0.15612727929046,96.9718017578125,-9.724447250366211,5.184633255004883,129863002.0,50354.0,0.0976523077932,-0.013727809604000036,0.058818543336305255,0.004899406661030058,-0.0006482374733391945,0.003009887780924562,129.86300251586363
1631,E,1551391477692603.0,1.9817963,9.522186,1.0819038136732981,163,1970-01-18 22:56:31.477692603,0.11619568,0.12658691,0.04925537,9.848376735403336,0.1787505896713278,97.03253173828125,-9.774944305419922,5.181229114532471,129913356.0,50354.0,0.0979811596964,-0.013987510359000043,0.05743476002690525,0.004925463810985659,-0.000697788610708453,0.0029269094187755512,129.9133565200027
1631,E,1551391528046607.0,1.8700867,9.597214,1.0041755136732982,163,1970-01-18 22:56:31.528046607,0.102508545,0.10925293,0.058258057,9.911667037435231,0.16074266924814076,97.100830078125,-9.806252479553223,5.175474643707275,129963709.99999999,50353.9999999851,0.0969788582909713,-0.012100066199996484,0.05252121922458971,0.004908508372866595,-0.0006568069150256612,0.0027683616896140694,129.96371052390896
1631,E,1551391578400611.0,1.8463745,9.484161,0.9987281136732982,163,1970-01-18 22:56:31.578400611,0.08113098,0.09649658,0.043685913,9.798649612091587,0.13342520324923762,97.17007446289062,-9.835644721984863,5.168808937072754,130014063.99999999,50354.0,0.09356934363240002,-0.013057421625000048,0.05042710462570526,0.0047974320798247205,-0.0006333900709699378,0.0025919299495788767,130.01406452804804
1631,E,1551391628754615.0,2.0558167,9.481171,0.9933570136732981,163,1970-01-18 22:56:31.628754615,0.09555054,0.0790863,0.041778564,9.838274451054554,0.13088161426221673,97.23905181884766,-9.894085884094238,5.161417007446289,130064417.99999999,50354.0,0.0982454678424,-0.015979036236000034,0.050154727251205254,0.00482932150850104,-0.0007310508995663991,0.0025323487811649763,130.0644185319543
1631,E,1551391679108619.0,2.0315094,9.465851,1.0150093136732983,163,1970-01-18 22:56:31.679108619,0.13583374,0.09214783,0.043899536,9.814871228972123,0.16990937807287682,97.30546569824219,-9.948331832885742,5.155367851257324,130114771.99999999,50354.0,0.10290660921970002,-0.016440027106000024,0.050564639023605265,0.005064405844192493,-0.0008162147577615355,0.002535811484700904,130.11477253586054
1631,E,1551391729462623.0,2.1554413,9.402634,0.9254249136732982,163,1970-01-18 22:56:31.729462623,0.15238953,0.127182,0.0393219,9.795654182681172,0.20234634120050426,97.38526153564453,-10.02045726776123,5.148813724517822,130165125.99999999,50354.0,0.10541485777390001,-0.018417353155,0.04885431254190526,0.005244909574497868,-0.0008776042628311976,0.0025030709435648587,130.16512653999962
1631,E,1551391779816627.0,1.8257599,9.443802,0.7529701136732982,163,1970-01-18 22:56:31.779816627,0.15010071,0.13493347,0.043518066,9.799756194583463,0.20647296805423548,97.48748779296875,-10.041946411132812,5.138627052307129,130215480.00000001,50354.0000000298,0.10023470261245933,-0.01897248082801125,0.04225695160353027,0.005177638981850434,-0.0009413638501908315,0.002293908297390988,130.21548054390587
1631,E,1551391830170631.0,1.9000549,9.494843,0.6790870136732983,163,1970-01-18 22:56:31.830170631,0.14303589,0.10354614,0.0018310547,9.877308852294428,0.1765911144375789,97.59612274169922,-10.06955337524414,5.125948905944824,130265834.00000001,50354.0,0.0938048392196,-0.016650934835000054,0.03605490229520526,0.004885333544705758,-0.0008968907361476357,0.0019716575456084646,130.26583454804495
1631,E,1551391880524634.0,2.211563,9.466675,0.7941078136732982,163,1970-01-18 22:56:31.880524634,0.08413696,0.03765869,0.014953613,9.893067313303535,0.09338530672601268,97.68335723876953,-10.142123222351074,5.1131181716918945,130316188.00000001,50354.0,0.1035182038683,-0.01607506131400004,0.03709062616810526,0.004968002255824058,-0.0008239424050433755,0.001841584970120769,130.31618855101988
1631,E,1551391930878638.0,2.3487396,9.355087,0.7803596136732982,163,1970-01-18 22:56:31.930878638,0.07382202,0.05265808,0.030166626,9.820829109129123,0.09556458209185385,97.77264404296875,-10.236719131469727,5.100341796875,130366542.00000001,50354.0,0.11481473856020001,-0.019593698126000047,0.03964036641830526,0.005496968491522345,-0.0008980323564208822,0.001931856200348058,130.36654255492613
1631,E,1551391981232642.0,2.5084534,9.384338,0.7270759136732983,163,1970-01-18 22:56:31.981232642,0.06472778,0.10079956,0.029800415,9.898098252969426,0.12344351556114329,97.86539459228516,-10.350356101989746,5.089056968688965,130416896.00000001,50354.0,0.12228954816100002,-0.021666696775000063,0.03795270427200526,0.005969574626779653,-0.0010388129624224799,0.001953560740769948,130.4168965590652
1631,E,1551392031586646.0,2.6195831,9.397095,0.6644844136732981,163,1970-01-18 22:56:32.031586646,0.078323364,0.13293457,-0.0062561035,9.951066525636893,0.15441919595815837,97.96461486816406,-10.47419548034668,5.078352451324463,130467250.0,50353.9999999851,0.1291085749604618,-0.02060906135899394,0.03503531436159489,0.006329450545827171,-0.0010643767625392521,0.0018376193451376075,130.46725056297146
1631,E,1551392081940650.0,2.6617432,9.401093,0.579615013673298,163,1970-01-18 22:56:32.081940650,0.06542969,0.17800903,-0.008132935,9.983088709212943,0.18982729974045154,98.07221984863281,-10.60030746459961,5.06798791885376,130517604.0,50354.0,0.1329679522551,-0.020187220724000046,0.031322691282305255,0.0065983007257062,-0.0010271279940035397,0.0016706955080964742,130.5176045668777
1631,E,1551392132294654.0,1.999054,9.629776,0.5170997136732982,163,1970-01-18 22:56:32.132294654,0.039733887,0.1721344,-0.02520752,10.059099281752218,0.17845014010652716,98.17949676513672,-10.622544288635254,5.057150840759277,130567958.0,50354.0,0.11734489110440001,-0.014329011187000059,0.027611986690405255,0.006302126457262132,-0.0008690151708232496,0.0014837983873189327,130.5679585710168
1631,E,1551392182648658.0,2.0539703,9.465088,0.510416413673298,163,1970-01-18 22:56:32.182648658,-0.0054779053,0.04171753,-0.033950806,9.91421319006079,0.054064933032662715,98.28899383544922,-10.655269622802734,5.0391526222229,130618312.0,50354.0,0.10204299280110002,-0.012717809072000052,0.025869773538205257,0.005523528753088774,-0.0006809577936608459,0.0013465102772757269,130.61831257492304
1631,E,1551392233002662.0,2.350174,9.491028,0.500650713673298,163,1970-01-18 22:56:32.233002662,-0.0740509,-0.027893066,-0.057540894,10.006464260324373,0.09783922221690845,98.3928451538086,-10.72612190246582,5.018253803253174,130668666.0,50354.0,0.11088314104110002,-0.016211067468000044,0.02545563706520525,0.005360841271745071,-0.0007283423246475825,0.0012922198627620663,130.66866657906212
1631,E,1551392283356666.0,2.094818,9.690872,0.9786018136732981,163,1970-01-18 22:56:32.283356666,-0.07044983,-0.102142334,-0.015060425,10.050989156213214,0.12499220512966831,98.42181396484375,-10.757282257080078,5.007345676422119,130719020.0,50354.0,0.111911563584,-0.010526503700000021,0.037243140881005256,0.005609302278346144,-0.0006731718292967377,0.001578567132351742,130.71902058296837
1631,E,1551392333710790.0,2.145752,9.390411,0.6497749136732982,163,1970-01-18 22:56:32.333710790,-0.083618164,-0.057144165,-0.0098724365,9.833522856755987,0.10175911726584824,98.5044174194336,-10.802995681762695,4.988405704498291,130769374.0,50354.0,0.10676483089000001,-0.013059737909000014,0.04099764086440526,0.005505615583671898,-0.000593830804989794,0.001969868162004201,130.76937470701523
1631,E,1551392384064794.0,1.743454,9.47435,0.547251113673298,163,1970-01-18 22:56:32.384064794,-0.048919678,-0.07611084,-0.021469116,9.85561871514715,0.0929888047183678,98.599853515625,-10.786614418029785,4.9665327072143555,130819728.0,50354.0,0.09791853946199999,-0.018511112303000045,0.030137524290505254,0.005153313215352305,-0.0007948592957875256,0.0017909700531051822,130.81972871092148
1631,E,1551392434418797.0,1.631012,9.607666,0.6274817136732982,163,1970-01-18 22:56:32.434418797,-0.068740845,-0.22764587,-0.038146973,9.948379496405632,0.2408384052605266,98.67787170410156,-10.749653816223145,4.940537452697754,130870082.0,50354.0,0.084958930482,-0.01304128316800005,0.029576248394105255,0.004604306060780088,-0.0007943946607733695,0.0015034136548804388,130.8700827138964
1631,E,1551392484772801.0,1.955368,9.659088,1.035990113673298,163,1970-01-18 22:56:32.484772801,-0.12524414,-0.18545532,-0.06956482,9.982811501127774,0.23434810539510323,98.6902847290039,-10.7584867477417,4.928564548492432,130920436.0,50354.0,0.09029428926000001,-0.008390134542000022,0.041881230197105254,0.0044123503134443345,-0.0005395788036846718,0.0017990849384909072,130.9204367180355
1631,E,1551392535126805.0,2.0911102,9.366409,0.9609626136732983,163,1970-01-18 22:56:32.535126805,-0.108673096,-0.08203125,-0.028533936,9.740738453531655,0.13911561118163485,98.72045135498047,-10.797479629516602,4.918139457702637,130970790.0,50354.0,0.10187818164140001,-0.014464262031,0.05027727881640526,0.004838326299884549,-0.0005754051425184216,0.0023202747814331545,130.97079072194174
1631,E,1551392585480809.0,1.8196564,9.45372,0.7975410136732981,163,1970-01-18 22:56:32.585480809,-0.06314087,-0.10719299,-0.015350342,9.799756320823711,0.12535046696767416,98.77424621582031,-10.793689727783203,4.902380466461182,131021143.99999999,50353.9999999851,0.09846137068817086,-0.019634812166994187,0.04427384582569215,0.005043948909000113,-0.0008585123910826455,0.0023805136651133822,131.02114472608082
1631,E,1551392635834813.0,1.8656464,9.525131,1.0410560136732983,163,1970-01-18 22:56:32.635834813,-0.075149536,-0.104263306,-0.055908203,9.8350257444046,0.14015711505932954,98.78852081298828,-10.793681144714355,4.894360542297363,131071497.99999999,50354.0,0.09278486859559999,-0.01563866837300002,0.04629035735750526,0.004815006566447499,-0.0008880804195554343,0.0022801349435433616,131.07149872998707
1631,E,1551392686188817.0,2.0186005,9.512573,0.9984382136732981,163,1970-01-18 22:56:32.686188817,-0.052520752,-0.043807983,-0.03845215,9.860013359712019,0.07846105151472475,98.80949401855469,-10.816970825195312,4.888096332550049,131121851.99999999,50354.0,0.09779368420130001,-0.014156926392000044,0.051348346161905256,0.004798196223767552,-0.0007501636893984067,0.0024582496385081986,131.12185273389332
1631,E,1551392736542821.0,1.7972107,9.446152,0.8051551136732982,163,1970-01-18 22:56:32.736542821,-0.018585205,-0.030593872,-0.0047302246,9.786888534346165,0.03610775364947056,98.8617172241211,-10.810790061950684,4.876674175262451,131172205.99999999,50354.0,0.0960706785824,-0.016145380675000053,0.045409069202605255,0.004880923061805215,-0.0007629211850258614,0.0024360614466322813,131.1722067380324
1631,E,1551392786896825.0,1.7314758,9.594101,0.9299568136732981,163,1970-01-18 22:56:32.786896825,-0.006515503,-0.025985718,-0.036376953,9.895895969949878,0.04517733977208864,98.89105224609375,-10.79050064086914,4.8701300621032715,131222559.99999999,50354.0,0.0888417400105,-0.01409275021900004,0.04368491299480526,0.004655539962913444,-0.0007613054215182403,0.002243119189784205,131.22256074193865
1631,E,1551392837250829.0,1.8636932,9.482941,0.9757026136732982,163,1970-01-18 22:56:32.837250829,-0.005996704,-0.0042419434,-0.04423523,9.804601783808685,0.044840942405633265,98.91557312011719,-10.792500495910645,4.8656158447265625,131272913.99999999,50354.0,0.090515569913,-0.013166513566000024,0.04797878740230526,0.0045156789919439605,-0.0006863064843149467,0.002307816984898052,131.27291474607773
1631,E,1551392887604833.0,1.8370056,9.581726,1.087946313673298,163,1970-01-18 22:56:32.887604833,0.0022735596,0.020431519,-0.02897644,9.877064035525239,0.03552815949322049,98.92086791992188,-10.789384841918945,4.8658576011657715,131323268.00000001,50354.0000000298,0.09317249368765514,-0.013478078941008014,0.05195648904383601,0.004624714377276433,-0.0006708309055493384,0.0025160704550859884,131.32326874998398
1631,E,1551392937958837.0,1.7896118,9.545761,1.012812013673298,163,1970-01-18 22:56:32.937958837,0.0014953613,0.03265381,-0.029510498,9.845490805083367,0.04403835720302974,98.93770599365234,-10.780284881591797,4.864530086517334,131373622.00000001,50354.0,0.0913073462798,-0.011896459801000028,0.05289079240760525,0.004644648930860619,-0.0006388547619075364,0.002639740005102937,131.37362275389023
1631,E,1551392988312840.0,1.7215881,9.535461,0.9346870136732981,163,1970-01-18 22:56:32.988312840,0.0014801025,0.042266846,-0.023330688,9.836504111801789,0.048301117758821746,98.96573638916016,-10.762001037597656,4.861536026000977,131423976.00000001,50354.0,0.08840147988230002,-0.013061273706000028,0.049032183011505255,0.0045245291162831925,-0.0006283608565057405,0.002566114752126945,131.42397675686516
1631,E,1551393038666844.0,1.6956482,9.608475,1.0077766136732982,163,1970-01-18 22:56:33.038666844,-0.003829956,0.03727722,-0.010391235,9.890588142952808,0.038887497460180706,98.9803695678711,-10.739532470703125,4.860654830932617,131474330.00000001,50354.0,0.0860357583251,-0.011482323328000034,0.04890540674570526,0.004391806346347711,-0.0006179341425250196,0.002465774697317289,131.47433076100424
1631,E,1551393089020848.0,1.6861572,9.568451,0.9630531136732983,163,1970-01-18 22:56:33.089020848,-0.015609741,-0.0022583008,-0.0007019043,9.85753724606553,0.015787862624076766,99.00196075439453,-10.717249870300293,4.856387138366699,131524684.00000001,50354.0,0.08514371455580001,-0.010651734098000038,0.04961958004540526,0.00430978558872242,-0.0005572691638144039,0.00248056359243979,131.5246847649105
1631,E,1551393139374852.0,1.7781677,9.559387,0.9721168136732983,163,1970-01-18 22:56:33.139374852,-0.008163452,0.013626099,-0.0027770996,9.863382673422333,0.016125284639423428,99.02210235595703,-10.708966255187988,4.853248596191406,131575038.0,50353.9999999851,0.08722130800727419,-0.011887622673996548,0.04872177326079084,0.004339634173069235,-0.0005674733854483902,0.0024759402521893664,131.57503876904957
1631,E,1551393189728856.0,1.7071686,9.605759,0.9263099136732982,163,1970-01-18 22:56:33.189728856,-0.01020813,0.0018463135,0.0034637451,9.903605657841664,0.010936741825377256,99.0472640991211,-10.689623832702637,4.848546981811523,131625392.0,50354.0,0.0877503120251,-0.010948319158000036,0.04779668971440526,0.004405260477555086,-0.000574940507504178,0.0024300453423265127,131.62539277295582
1631,E,1551393240082860.0,1.693634,9.559204,1.0055793136732982,163,1970-01-18 22:56:33.240082860,-0.0060272217,-0.006576538,-0.00289917,9.84274465169504,0.009379948836496652,99.06169891357422,-10.669902801513672,4.84551477432251,131675746.0,50354.0,0.08562200706020001,-0.010952926549000031,0.04863917507690526,0.004364994877610598,-0.0005514076631651408,0.0024279657678508253,131.67574677686207
1631,E,1551393290436864.0,1.7581024,9.588333,0.9681800136732981,163,1970-01-18 22:56:33.290436864,-0.009185791,-0.008987427,-0.011352539,9.888511821896582,0.01714738295258291,99.0803451538086,-10.658577919006348,4.84163236618042,131726100.0,50354.0,0.0869043673428,-0.01139166095100004,0.04969333858460526,0.004343696528344331,-0.0005625696794875018,0.0024757176964558506,131.72610078100115
1631,E,1551393340790868.0,1.8006287,9.497452,0.9920448136732982,163,1970-01-18 22:56:33.340790868,-0.007843018,-0.02633667,-0.010314941,9.804122026355083,0.02935185046757197,99.09754943847656,-10.655990600585938,4.837181091308594,131776454.0,50354.0,0.08959817290470001,-0.012946391055000048,0.04935258047810526,0.004443804455811308,-0.0006127591353550642,0.002493679104241863,131.7764547849074
1631,E,1551393391144872.0,1.8157959,9.612137,1.0133918136732982,163,1970-01-18 22:56:33.391144872,0.0040130615,-0.0057525635,-0.010238647,9.914526985062446,0.012410743000115807,99.10875701904297,-10.652873039245605,4.834946155548096,131826808.0,50354.0,0.09105072215420001,-0.012347077747000043,0.05049087796670526,0.004548197230897926,-0.0006368136640279563,0.0025137587532649947,131.82680878904648
1631,E,1551393441498876.0,1.7812042,9.634827,1.0967964136732982,163,1970-01-18 22:56:33.441498876,-0.016860962,-0.013122559,-0.007949829,9.91704223973196,0.022796784321547768,99.1060791015625,-10.644731521606445,4.834709644317627,131877162.0,50354.0,0.0905616715177,-0.008888387372000033,0.053128208999905266,0.004572455235477427,-0.000534645305301065,0.0026088177525583536,131.87716279295273
1631,E,1551393491852879.0,1.777832,9.568497,1.0489753136732982,163,1970-01-18 22:56:33.491852879,-0.021011353,0.008346558,-0.0024261475,9.859549717399045,0.022738253605537283,99.1115951538086,-10.638265609741211,4.833921432495117,131927516.0,50354.0,0.0896058544074,-0.009987111652000029,0.05402409477940526,0.0045360778002162426,-0.0004752284389272496,0.002697773552251701,131.92751679592766
1631,E,1551393542206883.0,1.7104797,9.523071,1.0010627136732981,163,1970-01-18 22:56:33.542206883,-0.021713257,0.006164551,0.005645752,9.811327373184227,0.023266751690452066,99.1250991821289,-10.623652458190918,4.831486225128174,131977870.0,50354.0,0.08782522367090001,-0.012800792464000023,0.05161380741450526,0.004467182252777359,-0.0005737310619285333,0.0026596454635360854,131.97787080006674
1631,E,1551393592560887.0,1.7214966,9.555023,0.9341377136732982,163,1970-01-18 22:56:33.592560887,-0.015716553,-0.012435913,0.0040283203,9.855547012949437,0.020442341714802883,99.1476821899414,-10.609685897827148,4.826544284820557,132028224.0,50354.0,0.08640686730510001,-0.013140027362000034,0.04872254115930526,0.004386641354502753,-0.0006531120207592035,0.0025261682480428277,132.028224803973
1631,E,1551393642914891.0,1.7241669,9.52002,1.0608924136732982,163,1970-01-18 22:56:33.642914891,-0.005126953,-0.0070343018,-0.0028381348,9.801017004296611,0.00915543871262668,99.15252685546875,-10.597551345825195,4.825287342071533,132078578.0,50354.0,0.08675146993950002,-0.013216842389000016,0.05022887351620526,0.004359607456807295,-0.0006635869097209283,0.002491299767285329,132.07857880787924
1631,E,1551393693268895.0,1.7713776,9.606262,1.0355629136732982,163,1970-01-18 22:56:33.693268895,-0.0064697266,-0.011459351,-0.0029144287,9.897196028523352,0.013478426550133078,99.15882110595703,-10.590132713317871,4.823534965515137,132128931.99999999,50353.9999999851,0.08800732387647396,-0.011926798085996511,0.052782455776589646,0.004399902151903475,-0.0006330414362388002,0.00259351623760393,132.12893281201832
1631,E,1551393743622899.0,1.7436218,9.578308,1.0016273136732983,163,1970-01-18 22:56:33.743622899,-0.0005187988,-0.006088257,-0.0037078857,9.870657873043731,0.0071473380959064,99.17085266113281,-10.579522132873535,4.821056842803955,132179285.99999999,50354.0,0.08849713989380001,-0.010459281110000062,0.051290338353905264,0.004443852884344188,-0.0005636143159176057,0.0026202407378234705,132.17928681592457
1631,E,1551393793976903.0,1.7746582,9.601486,1.0761512136732982,163,1970-01-18 22:56:33.793976903,-0.009918213,-0.0012969971,-0.0013122559,9.886695606524937,0.010088367862933142,99.170654296875,-10.57347583770752,4.820950508117676,132229639.99999999,50354.0,0.08857973556,-0.010579526462000053,0.05231222998300526,0.004458264493300323,-0.0005296940582402469,0.0026084018630183965,132.22964082006365
1631,E,1551393844330907.0,1.7771606,9.546799,1.0099891136732981,163,1970-01-18 22:56:33.844330907,-0.005996704,-0.0019378662,0.0034637451,9.844705414996557,0.007191197006791877,99.1816177368164,-10.569299697875977,4.818760871887207,132279993.99999999,50354.0,0.08942414192760001,-0.011372828555000047,0.052522755021605264,0.004481603623505305,-0.0005526944422630116,0.0026394304174610795,132.2799948239699
1631,E,1551393894684911.0,1.7482452,9.547699,0.9892829136732981,163,1970-01-18 22:56:33.894684911,-0.005996704,0.00093078613,0.002380371,9.8438261517646,0.006518664570374624,99.19529724121094,-10.560954093933105,4.816226005554199,132330347.99999999,50354.0,0.0887591418266,-0.012727023854000043,0.05033567183250526,0.004486120535079493,-0.0006067619841013952,0.002589666612905941,132.33034882787615
1631,E,1551393945038915.0,1.7783661,9.567429,1.0256599136732982,163,1970-01-18 22:56:33.945038915,-0.0053863525,0.00061035156,0.00035095215,9.86237122528029,0.005432171728934967,99.20285034179688,-10.556660652160645,4.814817428588867,132380702.00000001,50354.0000000298,0.08878949270015256,-0.012207622344007253,0.05073021556413528,0.004470141971482695,-0.0006277795873276012,0.0025445358469867252,132.38070283201523
1631,E,1551393995392919.0,1.7539978,9.560989,1.0494178136732981,163,1970-01-18 22:56:33.995392919,-0.0017242432,-0.0005950928,-0.0061950684,9.847919613173568,0.006458020016540413,99.20712280273438,-10.548927307128906,4.8140435218811035,132431056.00000001,50354.0,0.08893432591030001,-0.011873020014000039,0.05224423194140526,0.004474552581155364,-0.0006062783326475496,0.0025925876648469947,132.43105683592148
1631,E,1551394045746922.0,1.7880554,9.563614,1.0820411136732981,163,1970-01-18 22:56:34.045746922,-0.0011291504,0.004257202,-0.00680542,9.851416740449055,0.008106324128174506,99.2063980102539,-10.546330451965332,4.814419746398926,132481410.00000001,50354.0,0.0891782734164,-0.011969070269000069,0.053663741413805255,0.004484340913248327,-0.0006002723070550937,0.0026664450451641354,132.4814108388964
1631,E,1551394096100926.0,1.7635193,9.590729,1.0793251136732982,163,1970-01-18 22:56:34.096100926,0.0023651123,0.010391235,-0.0044403076,9.87375541704915,0.011545035842276717,99.20561981201172,-10.539754867553711,4.815127849578857,132531764.00000001,50354.0,0.0894179962219,-0.011220306289000061,0.05441671750590526,0.00449651828068348,-0.0005838389336007693,0.002721141714221552,132.5317648430355
1631,E,1551394146454930.0,1.72995,9.585648,1.0695137136732982,163,1970-01-18 22:56:34.146454930,0.0014801025,0.0048675537,-0.0026855469,9.864422271542516,0.005752907489695062,99.20637512207031,-10.52867317199707,4.815255165100098,132582118.00000001,50354.0,0.08795507656610001,-0.010665556271000026,0.05410131515610526,0.004465721853583477,-0.0005510203616731223,0.0027321585083314387,132.58211884694174
1631,E,1551394196808934.0,1.7652893,9.590958,1.0749458136732981,163,1970-01-18 22:56:34.196808934,0.0002746582,0.0072021484,-0.0066986084,9.874982007297781,0.009839600256057172,99.20614624023438,-10.522627830505371,4.815704345703125,132632472.0,50353.9999999851,0.08799963985607397,-0.010659790737996847,0.05399105751998927,0.004430011895359763,-0.0005369082616453555,0.002721441666865227,132.63247285108082
1631,E,1551394247162938.0,1.7520142,9.552536,1.0217079136732983,163,1970-01-18 22:56:34.247162938,-0.0030822754,0.0021820068,-0.004776001,9.843843877484206,0.006088658380028592,99.2144775390625,-10.515652656555176,4.8142991065979,132682826.0,50354.0,0.08855515021950001,-0.011493451562000025,0.05278745089340525,0.0044451199497327265,-0.0005577521813870213,0.002688362506324034,132.68282685498707
1631,E,1551394297516942.0,1.7655334,9.562607,1.067728413673298,163,1970-01-18 22:56:34.297516942,0.0046844482,0.0028533936,-0.0043182373,9.84863348725409,0.006980908490598877,99.21601104736328,-10.510748863220215,4.814233779907227,132733180.0,50354.0,0.08856129592520001,-0.012207244689000042,0.05260573841360525,0.004459260764585113,-0.0005967124295114287,0.0026534843271826033,132.73318085889332
1631,E,1551394347870946.0,1.7398224,9.616974,1.0840858136732983,163,1970-01-18 22:56:34.347870946,0.0008087158,0.0028076172,-0.0060424805,9.894311963193912,0.006711803496809612,99.2136459350586,-10.500893592834473,4.814854621887207,132783534.0,50354.0,0.08825434297660001,-0.01058488916300002,0.054176226801905265,0.004451687340630619,-0.0005738375539918056,0.0026884495382309085,132.7835348630324
1631,E,1551394398224950.0,1.7344513,9.549011,1.061914813673298,163,1970-01-18 22:56:34.398224950,0.0029907227,0.0042266846,-0.005126953,9.83082553284819,0.007286626931604324,99.21630096435547,-10.492201805114746,4.814647674560547,132833888.0,50354.0,0.0874717889449,-0.010927195655000013,0.05402985779470526,0.004424256823387606,-0.0005416097594627869,0.0027243045918888633,132.83388886693865
1631,E,1551394448578954.0,1.7316742,9.580383,1.0334571136732982,163,1970-01-18 22:56:34.448578954,0.004257202,-0.0020751953,-0.002609253,9.865373124742023,0.005407254906138149,99.2223892211914,-10.482492446899414,4.813497543334961,132884242.0,50354.0,0.0872666417135,-0.011848447262000048,0.052755179014805254,0.004399389468686537,-0.0005734223617213105,0.002688526871753046,132.88424287107773
1631,E,1551394498932958.0,1.7507019,9.575195,1.058313713673298,163,1970-01-18 22:56:34.498932958,0.0030212402,0.0023345947,-0.005554199,9.859706296213322,0.006739981549749609,99.22471618652344,-10.475865364074707,4.813255310058594,132934596.0,50354.0,0.0876757830697,-0.011189212694000032,0.052664514120105255,0.004404525428766627,-0.000580019164712214,0.002654151614057642,132.93459687498398
1631,E,1551394549286962.0,1.7599487,9.584747,1.0145973136732982,163,1970-01-18 22:56:34.549286962,0.004211426,0.00077819824,-0.0048217773,9.877674602400388,0.006449126900985154,99.23320007324219,-10.47032642364502,4.811827182769775,132984950.0,50354.0,0.08838765015620001,-0.011079340266000014,0.052189680935505266,0.004432749058328485,-0.0005606553578739212,0.0026399140689151064,132.98495087889023
1631,E,1551394599640965.0,1.7008667,9.573273,1.0550636136732983,163,1970-01-18 22:56:34.599640965,0.0030822754,0.0027770996,-0.009246826,9.849629958161977,0.010134914647101935,99.23578643798828,-10.456731796264648,4.811593532562256,133035304.0,50354.0,0.0871329493258,-0.011127730460000025,0.052107853167805265,0.004419082133158314,-0.0005591074196685031,0.0026258990161190494,133.03530488186516
1631,E,1551394649994969.0,1.710495,9.584991,0.9957984136732982,163,1970-01-18 22:56:34.649994969,0.0057678223,-0.002029419,-0.010818481,9.872311146978811,0.012426819653849463,99.246826171875,-10.444210052490234,4.809630870819092,133085658.0,50354.0,0.0858878535209,-0.011121587272000015,0.05163455326250526,0.0043561447532713665,-0.000560171072538565,0.002611922566695928,133.08565888600424
1631,E,1551394700348973.0,1.7342377,9.561066,1.0995887136732982,163,1970-01-18 22:56:34.700348973,0.007797241,-0.004135132,-0.0066070557,9.836572885435368,0.011024947568691993,99.24315643310547,-10.43661117553711,4.81021785736084,133136012.0,50354.0,0.08672803518790001,-0.011428922911000018,0.05275556170520526,0.004345950230021458,-0.0005677541948773919,0.002628229924542048,133.1360128899105
1631,E,1551394750702977.0,1.7232208,9.571899,1.0399421136732983,163,1970-01-18 22:56:34.750702977,0.0049743652,-0.004852295,-0.0075683594,9.854605612185818,0.010274684419366095,99.24788665771484,-10.427054405212402,4.809230327606201,133186365.99999999,50353.9999999851,0.08704843265447423,-0.011758540194996545,0.05386696764008931,0.004375170130866162,-0.0005837907586195028,0.002684435421325687,133.18636689404957
1631,E,1551394801056981.0,1.6955414,9.559555,1.0235084136732981,163,1970-01-18 22:56:34.801056981,0.0057525635,-0.009002686,-0.00541687,9.840474340984231,0.011978431559808999,99.25527954101562,-10.414085388183594,4.807550430297852,133236719.99999999,50354.0,0.0860741759094,-0.011796582642000043,0.05195149392700525,0.004358707915812662,-0.0005930473276670632,0.0026641914068747403,133.23672089795582
1631,E,1551394851410985.0,1.7156677,9.5499115,0.9883064136732982,163,1970-01-18 22:56:34.851410985,0.005126953,-0.008529663,-0.004211426,9.840402576811115,0.0108063364241196,99.26782989501953,-10.404485702514648,4.804948806762695,133287073.99999999,50354.0,0.08588401151069999,-0.01235016192950004,0.05065146190810526,0.004329391284675858,-0.0006079425880766576,0.0025832346190605773,133.28707490186207
1631,E,1551394901764989.0,1.7394714,9.572678,0.9650978136732982,163,1970-01-18 22:56:34.901764989,0.002670288,-0.0061187744,-0.0049743652,9.870551127160061,0.008325511834356517,99.28273010253906,-10.397845268249512,4.802026748657227,133337427.99999999,50354.0,0.08699003712070001,-0.012019764158500033,0.04918085823190526,0.004352449922392758,-0.0006135616291175779,0.002513478324165045,133.33742890600115
1631,E,1551394952118993.0,1.7250061,9.568481,1.0065864136732983,163,1970-01-18 22:56:34.952118993,0.0020141602,-0.006652832,-0.0036773682,9.857030612500171,0.007863844594716968,99.29129028320312,-10.389639854431152,4.800207614898682,133387781.99999999,50354.0,0.0872251500175,-0.011552239857000036,0.04964109379190526,0.004386215766578462,-0.0005934723450982452,0.0024880402861034777,133.3877829099074
1631,E,1551395002472997.0,1.67099,9.593369,0.9645942136732981,163,1970-01-18 22:56:35.002472997,0.0038604736,-0.0047302246,-0.00289917,9.878889936362851,0.006758954643407671,99.30519104003906,-10.37318229675293,4.797525882720947,133438135.99999999,50354.0,0.08550099380970001,-0.011031302550000052,0.04962841465470526,0.004348726123137415,-0.0005685858471810413,0.0024993084141603132,133.43813691404648
1631,E,1551395052827001.0,1.6790009,9.557587,0.9536079136732982,163,1970-01-18 22:56:35.052827001,0.0006713867,-0.009170532,-0.0068359375,9.847371090535557,0.011457724851289944,99.32115936279297,-10.35888671875,4.794273376464844,133488490.00000001,50354.0000000298,0.08434272088934992,-0.011305580788006753,0.048294574960233844,0.004276155204980511,-0.0005623757118013302,0.002465407109536781,133.48849091795273
1631,E,1551395103181004.0,1.7025757,9.524017,0.9271492136732982,163,1970-01-18 22:56:35.103181004,0.0043029785,-0.012054443,-0.0032043457,9.823399727218156,0.013194432590180591,99.34162139892578,-10.349200248718262,4.790071964263916,133538844.00000001,50354.0,0.0851379540582,-0.013051656092000026,0.04735182219520526,0.004267014953154465,-0.0006132421529279307,0.0024080893411824902,133.53884492092766
1631,E,1551395153535008.0,1.7168579,9.541382,0.9939521136732983,163,1970-01-18 22:56:35.153535008,0.0046844482,0.00019836426,-0.0017700195,9.831392802708828,0.005011623723755489,99.35128784179688,-10.341818809509277,4.788399696350098,133589198.00000001,50354.0,0.0860910797472,-0.013459649377000008,0.048367568118605264,0.004311033384118556,-0.0006674751377930138,0.0024099270899308077,133.58919892506674
1631,E,1551395203889012.0,1.7278137,9.565903,0.9971107136732982,163,1970-01-18 22:56:35.203889012,0.0018157959,0.0016021729,-0.0021209717,9.856583562200733,0.003219098275006855,99.35950469970703,-10.33558177947998,4.787038326263428,133639552.00000001,50354.0,0.0867264968732,-0.012405085555000013,0.05012898880410526,0.00435102812657181,-0.0006511964313829646,0.0024798478136430833,133.639552928973
1631,E,1551395254243016.0,1.696991,9.553497,0.9906105136732981,163,1970-01-18 22:56:35.254243016,0.002670288,0.0040740967,-0.0005645752,9.8402606351889,0.004903819641906697,99.36878967285156,-10.32546615600586,4.785600185394287,133689906.00000001,50354.0,0.0862263079319,-0.012100066200000021,0.05004485734090526,0.004354432766578003,-0.0006169662057356359,0.0025220769243929297,133.68990693287924
1631,E,1551395304597020.0,1.6591797,9.571793,0.9743141136732982,163,1970-01-18 22:56:35.304597020,0.0071868896,0.008804321,0.0020599365,9.85430784812131,0.01155035881597024,99.37995147705078,-10.30983829498291,4.784075736999512,133740260.0,50353.9999999851,0.084498309713875,-0.011951773669996507,0.04947090734269061,0.004298333698466405,-0.0006055531724067233,0.002505508407438152,133.74026093701832
1631,E,1551395354951024.0,1.670166,9.576065,0.9662727136732983,163,1970-01-18 22:56:35.354951024,0.005935669,0.0018005371,-0.0018615723,9.861664338421887,0.006476075335738823,99.39189147949219,-10.295787811279297,4.782095432281494,133790614.0,50354.0,0.08382293668890001,-0.011383579134000052,0.048858154552105265,0.004237824020682667,-0.0005875141775462215,0.0024756307913252756,133.79061494092457
1631,E,1551395405305028.0,1.7172699,9.546646,0.9791511136732982,163,1970-01-18 22:56:35.405305028,0.0045166016,0.0075683594,-0.0011291504,9.839043361761588,0.008885647677379016,99.40225982666016,-10.289694786071777,4.780658721923828,133840968.0,50354.0,0.0852854736543,-0.01201670515300002,0.04897993570110526,0.004257642447210747,-0.0005891489574938008,0.0024632695983050814,133.84096894506365
1631,E,1551395455659032.0,1.6920166,9.589188,0.9666237136732982,163,1970-01-18 22:56:35.455659032,0.005493164,0.010406494,0.0015869141,9.878068045302157,0.011873847921533728,99.41315460205078,-10.279193878173828,4.779254913330078,133891322.0,50354.0,0.08583560621050002,-0.011686307382000013,0.048988772828105265,0.00430831542775607,-0.0005967707465936959,0.0024665581746399334,133.8913229489699
1631,E,1551395506013036.0,1.677185,9.612976,0.9553474136732982,163,1970-01-18 22:56:35.506013036,-0.0024871826,0.0036468506,0.00021362305,9.900537277713704,0.004419415277155387,99.42447662353516,-10.266091346740723,4.777388572692871,133941676.0,50354.0,0.08482638868320001,-0.010016316972000042,0.04838946707320526,0.004296757045438686,-0.0005464069733606595,0.0024516919459952953,133.94167695287615
1631,E,1551395556367040.0,1.6897888,9.58844,0.9702552136732983,163,1970-01-18 22:56:35.556367040,-0.0075531006,-0.0023498535,0.00440979,9.876350273928,0.009056345178342234,99.43378448486328,-10.25593090057373,4.775514125823975,133992030.0,50354.0,0.08477029936260001,-0.010035149368000035,0.04848089734870526,0.004269935814929108,-0.000504835768042182,0.0024389051650504415,133.99203095701523
1631,E,1551395606721044.0,1.673172,9.588928,0.9928535136732981,163,1970-01-18 22:56:35.606721044,-0.0053710938,-0.002960205,0.005279541,9.870225407446378,0.008092281224790969,99.43968200683594,-10.24376392364502,4.774232387542725,134042384.0,50354.0,0.08466926406160001,-0.010640605864000048,0.04942518842840526,0.0042659798883310845,-0.0005205534894760661,0.0024649815216103116,134.04238496092148
1631,E,1551395657075047.0,1.6905518,9.570923,0.9555305136732981,163,1970-01-18 22:56:35.657075047,-0.0046844482,-0.005630493,0.00289917,9.861962339609825,0.007877289702075976,99.45134735107422,-10.234537124633789,4.771820068359375,134092738.0,50354.0,0.0846884741126,-0.011081631373000042,0.04905446465650526,0.004263919774011834,-0.0005469007669159513,0.0024794222257187924,134.0927389638964
1631,E,1551395707429051.0,1.7143402,9.565872,0.9562477136732981,163,1970-01-18 22:56:35.707429051,-0.0027923584,-0.004760742,0.0017089844,9.86104656868712,0.005777764057492995,99.46282958984375,-10.229020118713379,4.7695112228393555,134143092.0,50354.0,0.08572496588400001,-0.011662112285000008,0.04813284042990525,0.004290499178794399,-0.0005726192340774673,0.002446884780160558,134.1430929680355
1631,E,1551395757783055.0,1.7271118,9.572998,0.9868263136732982,163,1970-01-18 22:56:35.757783055,-0.0018920898,-0.0047454834,0.0008392334,9.86505245765262,0.005177251124932531,99.46942901611328,-10.225373268127441,4.768083572387695,134193446.0,50354.0,0.086645437004,-0.011609870010000018,0.04892077478650526,0.004339769633511177,-0.0005859186982412158,0.0024435188703035675,134.19344697194174
1631,E,1551395808137059.0,1.7374268,9.562576,0.9837287136732982,163,1970-01-18 22:56:35.808137059,-0.00019836426,0.002456665,-0.0028381348,9.857268581516852,0.003758930758186613,99.47660827636719,-10.223419189453125,4.766951560974121,134243800.0,50354.0,0.0872266883322,-0.011692853402000034,0.04961266392350526,0.004377578499589508,-0.0005866926673439253,0.0024807763864019353,134.24380097608082
1631,E,1551395858491063.0,1.7254486,9.582764,0.9891914136732982,163,1970-01-18 22:56:35.858491063,-7.6293945e-05,0.0068511963,-0.0014038086,9.873845983728794,0.006993953824026243,99.48226165771484,-10.219423294067383,4.766288757324219,134294154.0,50354.0,0.0871848139458,-0.011446974820000058,0.04967221004620526,0.004391158392853207,-0.0005825914551452964,0.0024996952719354023,134.29415497998707
1631,E,1551395908845067.0,1.7045593,9.57309,0.9817909136732981,163,1970-01-18 22:56:35.908845067,-0.002105713,0.010635376,-0.00010681152,9.862057787663199,0.010842354845721925,99.48896789550781,-10.212847709655762,4.765597343444824,134344508.0,50354.0,0.08635730889830001,-0.011182263842000044,0.04962342205560526,0.004369270026845906,-0.0005697363417931766,0.0024999661294272837,134.34450898389332
1631,E,1551395959199071.0,1.7174225,9.55043,0.9746345136732981,163,1970-01-18 22:56:35.959199071,-0.0043640137,0.0065307617,-0.002166748,9.843499285580656,0.008148021898073088,99.49705505371094,-10.208680152893066,4.764464378356934,134394862.0,50354.0,0.08615523577860001,-0.011996336960000012,0.04925692298430526,0.0043433483373303125,-0.0005835676323919554,0.0024895104470698272,134.3948629880324
1631,E,1551396009553075.0,1.7085571,9.536407,1.0018104136732982,163,1970-01-18 22:56:36.009553075,-0.0024261475,0.0025634766,-0.0018920898,9.823813716910674,0.004004698213569639,99.50141906738281,-10.203784942626953,4.763803482055664,134445216.0,50354.0,0.0862558883892,-0.012919904851000013,0.049760953935805256,0.004340794873172701,-0.0006273162200755476,0.0024929730872176228,134.44521699193865
1631,E,1551396059907079.0,1.6895142,9.548889,1.0541328136732981,163,1970-01-18 22:56:36.059907079,-0.0037078857,0.0014801025,-0.0001373291,9.82412212882726,0.003994743928774102,99.49771881103516,-10.196267127990723,4.764504909515381,134495570.0,50354.0,0.0855532411201,-0.012958702608000002,0.05176248263490526,0.004325638453655647,-0.0006515456999952434,0.002556055562540779,134.49557099607773
1631,E,1551396110261083.0,1.695343,9.555664,1.075815513673298,163,1970-01-18 22:56:36.110261083,-0.006591797,-0.005783081,0.001876831,9.828262786317644,0.008967625557767842,99.49066162109375,-10.189730644226074,4.765395164489746,134545925.0,50355.0,0.08522224215299999,-0.01247411684250001,0.05362677401176892,0.004299699730108475,-0.000640334811714964,0.002653438009221639,134.54592499998398
1631,E,1551396160615087.0,1.6863556,9.584152,1.0359748136732982,163,1970-01-18 22:56:36.160615087,-0.0023345947,-0.002029419,0.0010070801,9.86077552477464,0.0032531652615022653,99.4891128540039,-10.181193351745605,4.765542984008789,134596279.0,50354.0,0.08514102565220001,-0.011586052568000044,0.053168545071605254,0.004289235993531521,-0.0006057628852481599,0.0026887857485621116,134.59627900389023
1631,E,1551396210969090.0,1.6929626,9.603134,0.9894660136732982,163,1970-01-18 22:56:36.210969090,-0.0043640137,0.0009918213,-0.0007171631,9.88795735666614,0.004532399803296593,99.4937515258789,-10.173100471496582,4.764737129211426,134646633.0,50354.0,0.08508109432140001,-0.010390900378000029,0.05099452371010526,0.004285682314575328,-0.0005533137443214438,0.0026225135827171258,134.64663300686516
1631,E,1551396261323094.0,1.7310944,9.591034,0.9582466136732981,163,1970-01-18 22:56:36.261323094,-0.0049591064,-0.0049743652,0.00091552734,9.888038780709943,0.00708344801207572,99.50314331054688,-10.17085075378418,4.762787342071533,134696987.0,50354.0,0.086207483089,-0.010217632264000005,0.04903756081870526,0.004312532513461641,-0.000518861026327635,0.0025185077921818623,134.69698701100424
1631,E,1551396311677098.0,1.7396088,9.595871,0.9842628136732983,163,1970-01-18 22:56:36.311677098,-0.0022583008,0.0014343262,-0.0012207031,9.8898662756953,0.0029406343209648985,99.50846862792969,-10.169804573059082,4.76190710067749,134747341.0,50354.0,0.0873818944664,-0.010400492815000006,0.048906559852305256,0.004370459758712306,-0.0005191025351139833,0.002465939126134032,134.7473410149105
1631,E,1551396362031102.0,1.7312164,9.576691,1.0250343136732982,163,1970-01-18 22:56:36.362031102,-0.0017089844,0.003036499,-0.0028381348,9.863072986236608,0.004493991877987253,99.50823211669922,-10.16817855834961,4.762106895446777,134797695.0,50354.0,0.08738496606040001,-0.01076160652600001,0.050588073775205265,0.0044001052474832445,-0.0005327981751083574,0.002504976390839832,134.79769501904957
1631,E,1551396412385106.0,1.7031555,9.573532,1.0427955136732983,163,1970-01-18 22:56:36.412385106,0.0025939941,0.0020141602,-0.0050201416,9.852243874209748,0.005998955607949555,99.50568389892578,-10.16260814666748,4.76271390914917,134848049.0,50354.0,0.08646718132630002,-0.011324035529000026,0.05206175156310526,0.004377075514754946,-0.0005560502100187359,0.002584414652542644,134.84804902295582
1631,E,1551396462739110.0,1.708725,9.58017,1.0427192136732981,163,1970-01-18 22:56:36.462739110,0.0013427734,0.0041656494,-0.005432129,9.859670178828766,0.00697593727036797,99.50301361083984,-10.15781307220459,4.763449192047119,134898403.0,50354.0,0.0859009153485,-0.011236444746000013,0.05250700429040525,0.00433971156998144,-0.000568005211883676,0.0026327275661238345,134.89840302686207
1631,E,1551396513093114.0,1.7131195,9.570572,1.0024818136732982,163,1970-01-18 22:56:36.513093114,-0.0039978027,-0.0010375977,0.00062561035,9.857663693600418,0.0041773704318865115,99.50623321533203,-10.15408706665039,4.762784481048584,134948757.0,50354.0,0.0861517789765,-0.01131096866600001,0.05149202626550527,0.004331770685020525,-0.0005676762274739246,0.002618383592306159,134.94875703100115
1631,E,1551396563447118.0,1.7168121,9.590851,0.9912513136732981,163,1970-01-18 22:56:36.563447118,-0.004257202,0.00045776367,0.0005493164,9.879848904364742,0.004316835062135781,99.5105209350586,-10.150445938110352,4.762012004852295,134999111.0,50354.0,0.08635538789319999,-0.011042053129000012,0.05019621894720526,0.004343212940278437,-0.0005627820297327156,0.002560204949720413,134.9991110349074
1631,E,1551396613801122.0,1.7115021,9.588501,1.028086013673298,163,1970-01-18 22:56:36.613801122,-0.010025024,-0.006378174,-0.0022277832,9.870608062062374,0.012089054047403968,99.50916290283203,-10.14615249633789,4.761871814727783,135049465.0,50354.0,0.08631466661340001,-0.010590654695999999,0.050840855890605254,0.004347313962312668,-0.0005446466849100253,0.0025438104331915556,135.04946503904648
1631,E,1551396664155126.0,1.7669983,9.5381775,0.9026893136732981,163,1970-01-18 22:56:36.664155126,0.0051574707,0.01071167,-0.002380371,9.852737890461741,0.012124584294230441,99.52792358398438,-10.150772094726562,4.759147644042969,135099819.0,50354.0,0.0875782045708,-0.011916815405500021,0.04861113041660525,0.004378100817804604,-0.000566670574745466,0.002503902659256639,135.09981904295273
1631,E,1551396714509129.0,1.6860504,9.596527,0.9795478136732982,163,1970-01-18 22:56:36.714509129,0.0045928955,0.0066833496,-0.0015869141,9.8820087403239,0.008263180217720004,99.53361511230469,-10.142578125,4.758526802062988,135150173.0,50354.0,0.0869374071199,-0.011714744803500042,0.047389084155205256,0.004393779555536754,-0.0005949717913819947,0.0024169974022744734,135.15017304592766
1631,E,1551396764863133.0,1.6726532,9.59053,1.0157112136732982,163,1970-01-18 22:56:36.764863133,-0.0101623535,-0.005279541,-0.0025482178,9.867933014143665,0.011732024368619429,99.53339385986328,-10.13281536102295,4.758237361907959,135200527.0,50354.0,0.0845620805372,-0.010396665911000053,0.05023463653150526,0.004317842600742807,-0.000556698987558969,0.002457872415729311,135.20052705006674
1631,E,1551396815217137.0,1.6588593,9.572586,1.0441383136732982,163,1970-01-18 22:56:36.815217137,-0.008087158,-0.0018310547,0.001663208,9.843546958990629,0.008457017599758209,99.5295639038086,-10.122112274169922,4.758736610412598,135250881.0,50354.0,0.0838774902125,-0.01099942846800007,0.05186083155000526,0.004240803072765197,-0.000538689468180086,0.0025704575998881903,135.250881053973
1631,E,1551396865571141.0,1.6417542,9.583496,1.0330146136732983,163,1970-01-18 22:56:36.865571141,-0.005569458,0.002105713,0.0025787354,9.853086668289713,0.006488664416915562,99.52729034423828,-10.108992576599121,4.759169101715088,135301235.0,50354.0,0.0830995460895,-0.011176523486000046,0.05229647925180527,0.004203980842975455,-0.000558323942345861,0.002622368614057184,135.30123505787924
1631,E,1551396915925145.0,1.6777344,9.564392,1.0646614136732981,163,1970-01-18 22:56:36.915925145,-0.0066375732,-0.0010986328,0.00036621094,9.83549637940072,0.006737839599394583,99.52088165283203,-10.101818084716797,4.760178089141846,135351589.0,50354.0,0.08357476448220001,-0.011382823824000035,0.05281318934050526,0.004196359117263691,-0.0005679766872238721,0.0026463461261486024,135.35158906201832
1631,E,1551396966279149.0,1.6878662,9.566544,1.0631965136732981,163,1970-01-18 22:56:36.966279149,-0.0006866455,0.0002593994,-0.0002593994,9.839554936540692,0.0007784973603750818,99.51508331298828,-10.096196174621582,4.761203289031982,135401943.0,50354.0,0.08473572630620001,-0.011809624328000033,0.05357307903680526,0.0042375532265795475,-0.0005839162671229058,0.002678487078935547,135.40194306592457
1631,E,1551397016633153.0,1.6849365,9.579041,0.9983772136732982,163,1970-01-18 22:56:37.016633153,-0.0009460449,0.000869751,-0.0032958984,9.861709117397222,0.003537571768592062,99.5185546875,-10.089576721191406,4.760655879974365,135452297.0,50354.0,0.08491705357790001,-0.011440806455000023,0.05190424173340526,0.004271348039141987,-0.0005853760958235924,0.0026556025050315903,135.45229707006365
1631,E,1551397066987157.0,1.682724,9.545288,1.0279182136732983,163,1970-01-18 22:56:37.066987157,-0.0025177002,0.0001373291,-0.0022735596,9.823692418516076,0.0033951063066624304,99.51839447021484,-10.083800315856934,4.760688781738281,135502651.0,50354.0,0.08478758840850001,-0.01197596876700005,0.05101603997430526,0.0042726537712915935,-0.0005895641497642958,0.0025912239325550277,135.5026510739699
1631,E,1551397117341161.0,1.6912689,9.558487,1.045816713673298,163,1970-01-18 22:56:37.117341161,-0.0024261475,0.0029907227,-0.0020751953,9.835087673425448,0.004374591351565724,99.5152816772461,-10.07917594909668,4.761375427246094,135553005.0,50354.0,0.0849470192433,-0.012493456825000067,0.05221042426580526,0.004273408216849369,-0.000616066728129787,0.0025989326901732627,135.55300507787615
1631,E,1551397167695165.0,1.7264862,9.585739,1.0136970136732981,163,1970-01-18 22:56:37.167695165,-0.002105713,0.004135132,-0.0014343262,9.872877700011701,0.004857019203565026,99.51626586914062,-10.078941345214844,4.761397361755371,135603359.0,50354.0,0.0860488201527,-0.011475021998000042,0.051852377113405256,0.004305162248473092,-0.0006034543913266738,0.0026199891503243832,135.60335908201523
1631,E,1551397218049169.0,1.6929474,9.577362,1.0018714136732982,163,1970-01-18 22:56:37.218049169,-0.0017242432,0.0034179688,-0.002105713,9.860873464117773,0.004369159251948672,99.51917266845703,-10.07403564453125,4.761055946350098,135653713.0,50354.0,0.08609107974720001,-0.01099980612300001,0.05074596629530526,0.0043339662597797835,-0.0005658487476024183,0.002583118492001105,135.65371308592148
1631,E,1551397268403172.0,1.6763,9.561493,1.003488913673298,163,1970-01-18 22:56:37.268403172,-0.00033569336,0.001663208,-0.0021362305,9.84234541520445,0.002728082042817323,99.52225494384766,-10.067246437072754,4.760612487792969,135704067.0,50354.0,0.0848275417898,-0.011610247665000004,0.05048895696160526,0.004303218134437049,-0.0005692533242204763,0.0025487916628392365,135.7040670888964
1631,E,1551397318757176.0,1.6921692,9.56752,1.051996613673298,163,1970-01-18 22:56:37.318757176,-0.0024108887,0.00093078613,-0.0038757324,9.843030088648264,0.004658331115324224,99.5179443359375,-10.06286334991455,4.761422634124756,135754421.0,50354.0,0.0848079490484,-0.011858039699000024,0.05175095912200525,0.004270912752833362,-0.0005908610709634287,0.0025740943672370622,135.7544210930355
1631,E,1551397369111180.0,1.6947174,9.570068,1.0915473136732983,163,1970-01-18 22:56:37.369111180,-0.0010223389,-0.0012054443,-0.0028381348,9.839691052888384,0.003248581525808878,99.50798797607422,-10.059089660644531,4.763116836547852,135804775.0,50354.0,0.08527164392820001,-0.011642146924000058,0.05396800545880526,0.004282093912371859,-0.0005916641986072731,0.0026616863712510663,135.80477509694174
1631,E,1551397419465184.0,1.6931305,9.598953,1.0650276136732981,163,1970-01-18 22:56:37.419465184,0.0011291504,-0.00012207031,-0.0010375977,9.871679015203364,0.0015383402658218843,99.50157928466797,-10.054458618164062,4.764248847961426,135855129.0,50354.0,0.08529584657830001,-0.010850758283000063,0.05429608694580526,0.004294377708482152,-0.000566303874396642,0.002725765054470879,135.85512910108082
1631,E,1551397469819188.0,1.6833801,9.584457,1.0032295136732983,163,1970-01-18 22:56:37.469819188,-0.002166748,-0.004180908,-0.003616333,9.865903947334104,0.0059373944594289,99.50452423095703,-10.048490524291992,4.763542175292969,135905483.0,50354.0,0.08501040737620001,-0.010488486430000029,0.05207250969520526,0.004287800555812448,-0.0005372581641392033,0.002678042157630722,135.90548310498707
1631,E,1551397520173192.0,1.6755524,9.569214,1.0478614136732982,163,1970-01-18 22:56:37.520173192,0.0012969971,-0.00065612793,-0.002746582,9.842497193030795,0.0031074777586747896,99.50140380859375,-10.042177200317383,4.76408576965332,135955837.0,50354.0,0.08456784355250001,-0.011237225233000012,0.05164031627780526,0.004269471623631881,-0.000546988242539352,0.002611177819522486,135.95583710889332
1631,E,1551397570527196.0,1.6990662,9.568481,1.062296213673298,163,1970-01-18 22:56:37.570527196,0.00062561035,-0.001739502,-0.0062408447,9.84350843256609,0.00650887072290956,99.49626159667969,-10.039289474487305,4.764955520629883,136006191.0,50354.0,0.0849627724922,-0.011639452985000017,0.05312743858370525,0.004268272320157412,-0.0005759661274945867,0.00263773776414825,136.0061911130324
1631,E,1551397620881200.0,1.7029266,9.530746,1.0369972136732981,163,1970-01-18 22:56:37.620881200,0.003189087,-0.0010375977,-0.0050964355,9.811572391787456,0.0061008638475444224,99.4959716796875,-10.037922859191895,4.765024662017822,136056545.0,50354.0,0.08565197272560002,-0.012607961821000015,0.052853910620305256,0.004295567440348551,-0.0006104771625706629,0.0026682924289093725,136.05654511693865
1631,E,1551397671235204.0,1.6932831,9.571945,1.0715583136732982,163,1970-01-18 22:56:37.671235204,0.0046844482,0.0021972656,-0.0023345947,9.844410666753788,0.0056764745633795174,99.48968505859375,-10.0344877243042,4.766283988952637,136106899.0,50354.0,0.0855063716169,-0.012520748693000034,0.05308710251200526,0.004309253635511124,-0.0006326655446109793,0.0026672768876321823,136.10689912107773
1631,E,1551397721589208.0,1.6855469,9.604416,0.9984230136732981,163,1970-01-18 22:56:37.721589208,0.0023498535,-0.0031585693,-0.0048675537,9.88645512771995,0.006260307541706592,99.49336242675781,-10.02877140045166,4.765552520751953,136157253.0,50354.0,0.08506880291,-0.010665959103000036,0.05211591987860526,0.004294571169063762,-0.0005837717421798939,0.0026486964947284013,136.15725312498398
1631,E,1551397771943212.0,1.687088,9.607193,1.024591813673298,163,1970-01-18 22:56:37.771943212,0.0022583008,-0.00079345703,-0.003692627,9.885136834699793,0.004400567091053841,99.49304962158203,-10.023531913757324,4.765618801116943,136207607.0,50354.0,0.0849128288773,-0.00977852020700001,0.05093344430810526,0.004279627543508853,-0.0005147306555878712,0.0025944738421288106,136.20760712889023
1631,E,1551397822297215.0,1.6672668,9.578445,1.0357917136732981,163,1970-01-18 22:56:37.822297215,0.0025482178,0.0017089844,-0.0012512207,9.852009920928381,0.0033135471742211076,99.49180603027344,-10.016474723815918,4.765950679779053,136257961.0,50354.0,0.0844525907996,-0.010432392074000015,0.051874276068005265,0.004264113171205311,-0.0005088501384987377,0.0025883899759093346,136.25796113186516
1631,E,1551397872651219.0,1.6740112,9.584473,1.0267280136732981,163,1970-01-18 22:56:37.872651219,0.0033416748,0.0019989014,-0.0022888184,9.860481557435058,0.004516756241381149,99.4917984008789,-10.010326385498047,4.766096115112305,136308315.0,50354.0,0.084123356206,-0.01100441351400005,0.05192805917540526,0.004244236617759992,-0.0005397144542890777,0.002613431394423347,136.30831513600424
1631,E,1551397923005223.0,1.6788483,9.600555,0.9911903136732982,163,1970-01-18 22:56:37.923005223,0.0020141602,0.0011901855,-0.00044250488,9.882759498949747,0.002381006804798782,99.49650573730469,-10.004573822021484,4.76535701751709,136358669.0,50354.0,0.08441494363150001,-0.01044775004400006,0.05080512972760526,0.004243288775008738,-0.0005401011218997688,0.002586513497011096,136.3586691399105
1631,E,1551397973359227.0,1.6499176,9.582489,0.9796852136732981,163,1970-01-18 22:56:37.973359227,0.002456665,0.003692627,0.002609253,9.862244715398873,0.005145765084160274,99.50321197509766,-9.995384216308594,4.764368534088135,136409023.0,50354.0,0.0838083390643,-0.01049770121200002,0.049620733152005256,0.004235357588432157,-0.0005273436262723141,0.002528421949719954,136.40902314404957
1631,E,1551398023713231.0,1.638916,9.6489105,1.0181678136732981,163,1970-01-18 22:56:38.023713231,0.005996704,0.0047302246,0.00015258789,9.91865266507095,0.007639290981120945,99.50274658203125,-9.983323097229004,4.764735221862793,136459377.0,50354.0,0.08280296354720001,-0.00928025478850003,0.050299945669505255,0.004194772765849736,-0.0004979495982245898,0.00251570293068917,136.45937714795582
1631,E,1551398074067235.0,1.6291199,9.589386,1.0111640136732982,163,1970-01-18 22:56:38.074067235,-0.0013275146,-0.002746582,0.0035705566,9.860279317329711,0.004696262570357488,99.50442504882812,-9.971644401550293,4.7642693519592285,136509731.0,50354.0,0.08227933985430001,-0.009106609019500066,0.051092487417105266,0.0041562771527395665,-0.0004629260700940185,0.0025527572878215935,136.50973115186207
1631,E,1551398124421239.0,1.6550751,9.575623,0.9887184136732983,163,1970-01-18 22:56:38.124421239,-0.0002746582,-0.0048828125,0.003036499,9.85493155200345,0.005756528573192744,99.50971984863281,-9.964168548583984,4.763084888458252,136560085.0,50354.0,0.082686177515,-0.010951768407000049,0.05035103987330526,0.0041533368308068665,-0.0005050097684669934,0.002554043686590666,136.56008515600115
1631,E,1551398174775243.0,1.6447601,9.593475,1.015421213673298,163,1970-01-18 22:56:38.174775243,0.000579834,-0.0014190674,0.002609253,9.866154328996847,0.0030262453587420438,99.51060485839844,-9.955095291137695,4.7628493309021,136610439.0,50354.0,0.0830799508304,-0.010848819654000037,0.05045822339770526,0.004173493813352136,-0.0005488734056117992,0.002538074821374232,136.6104391599074
1631,E,1551398225129247.0,1.6582642,9.558121,1.0400489136732982,163,1970-01-18 22:56:38.225129247,0.001449585,-0.0023651123,0.002609253,9.830040150000086,0.0038083138108413925,99.50878143310547,-9.949124336242676,4.763041019439697,136660793.0,50354.0,0.08316024280110001,-0.011289467508000046,0.05175057139620525,0.0041854293550602755,-0.0005573756558776761,0.002573310826526285,136.66079316404648
1631,E,1551398275483251.0,1.6756897,9.595749,1.0208076136732982,163,1970-01-18 22:56:38.275483251,-0.0026855469,-0.003616333,0.004348755,9.872689236906949,0.0062611258228064395,99.5086898803711,-9.944883346557617,4.762821674346924,136711147.0,50354.0,0.0839389573403,-0.01123221501000005,0.05188618478900526,0.004207056561960028,-0.0005670284007556884,0.0026092626104750453,136.71114716795273
1631,E,1551398325837254.0,1.7041626,9.608505,1.0192970136732982,163,1970-01-18 22:56:38.325837254,0.0006713867,0.0023040771,0.0038757324,9.890199943160939,0.004558599896908157,99.5086441040039,-9.944523811340332,4.762917518615723,136761501.0,50354.0,0.08509454135710001,-0.009963697042000065,0.05136371420270526,0.00425575639670444,-0.000533649477733207,0.002599522706914296,136.76150117092766
1631,E,1551398376191258.0,1.6861572,9.6128845,1.0555977136732981,163,1970-01-18 22:56:38.376191258,-0.0018920898,0.0045318604,0.0036773682,9.885529891758361,0.006135209806903383,99.5030517578125,-9.941648483276367,4.764054775238037,136811855.0,50354.0,0.08535808160460001,-0.009532276558500061,0.05223962455040526,0.004291485688306722,-0.0004908501273397917,0.002608421259787064,136.81185517506674
1631,E,1551398426545262.0,1.6553802,9.575928,1.0530647136732982,163,1970-01-18 22:56:38.426545262,-0.001739502,0.0047302246,0.0036773682,9.844779354149946,0.006238904459343836,99.4988784790039,-9.935335159301758,4.764960765838623,136862209.0,50354.0,0.0841298871198,-0.010352467687500057,0.053089793933305256,0.00426719858857422,-0.0005006382058815451,0.00265187876916438,136.862209178973
1631,E,1551398476899266.0,1.666336,9.584534,1.0350441136732982,163,1970-01-18 22:56:38.476899266,0.00024414063,0.0011138916,0.0063934326,9.857893357464372,0.006494331340061894,99.49734497070312,-9.930571556091309,4.765228748321533,136912563.0,50354.0,0.0836308487674,-0.011066248226000061,0.052572315946105265,0.004223712047432035,-0.0005392590105541926,0.002660254940433919,136.91256318287924
1631,E,1551398527253270.0,1.6835022,9.577377,1.0036872136732982,163,1970-01-18 22:56:38.527253270,-0.0012512207,0.0022735596,0.005065918,9.85897148469586,0.005691937427412977,99.50050354003906,-9.928373336791992,4.764741897583008,136962917.0,50354.0,0.0843388763614,-0.011029766753000039,0.05132913862860526,0.004228973769567797,-0.0005563113691262855,0.0026159269218274874,136.96291718701832
1631,E,1551398577607274.0,1.6921082,9.593979,1.0640510136732981,163,1970-01-18 22:56:38.577607274,0.0011901855,0.00074768066,0.0047454834,9.866821895431046,0.004949260610780548,99.49454498291016,-9.927275657653809,4.765778064727783,137013271.0,50354.0,0.0849877430408,-0.010791969988000052,0.05205944534990525,0.0042631362966891895,-0.0005494058659281592,0.0026030143788269592,137.01327119092457
1631,E,1551398627961278.0,1.6805115,9.5634,1.0644020136732981,163,1970-01-18 22:56:38.627961278,-0.0011901855,-0.0014343262,0.0066375732,9.835047110557586,0.006894288299583571,99.48931884765625,-9.925369262695312,4.766546726226807,137063625.0,50354.0,0.0849124461869,-0.011143868917000066,0.053588061869505266,0.004277577064185804,-0.0005522786161111879,0.002659887289263099,137.06362519506365
1631,E,1551398678315282.0,1.6937256,9.563202,0.9928535136732981,163,1970-01-18 22:56:38.678315282,-0.004425049,-0.0026397705,0.005935669,9.848748334886592,0.007860128079276588,99.49449157714844,-9.925073623657227,4.765439987182617,137113979.0,50354.0,0.08495316746670001,-0.011918741446000034,0.05179552241200525,0.004276706554956687,-0.0005806473411092536,0.0026532425014555903,137.1139791989699
1631,E,1551398728669286.0,1.6761932,9.593735,1.0680946136732983,163,1970-01-18 22:56:38.728669286,0.0010070801,0.003982544,0.0010070801,9.863227306206122,0.004229548128059074,99.48802947998047,-9.921642303466797,4.766744136810303,137164333.0,50354.0,0.0848444456276,-0.011154997151000011,0.05188849100220525,0.004274994504875192,-0.0005809275166566701,0.002610452405729578,137.16433320287615
1631,E,1551398779023290.0,1.669754,9.631653,0.9842475136732982,163,1970-01-18 22:56:38.779023290,0.002609253,0.0018157959,0.0043640137,9.912585140244468,0.005399067654906123,99.49310302734375,-9.916274070739746,4.7659454345703125,137214687.0,50354.0,0.08424091265440001,-0.009431606324000022,0.05167181774020527,0.004257062065465914,-0.0005183089156900759,0.0026073378932076697,137.21468720701523
1631,E,1551398829377294.0,1.6802216,9.565369,1.014170013673298,163,1970-01-18 22:56:38.829377294,-0.004135132,-0.0014190674,0.006713867,9.845022547209085,0.008011808724430193,99.49504089355469,-9.914351463317871,4.765453815460205,137265041.0,50354.0,0.0843423356812,-0.010145777106000025,0.050314158086005256,0.004244420443345402,-0.0004928997826171112,0.0025677009133765025,137.26504121092148
1631,E,1551398879731297.0,1.6966095,9.572144,0.9913887136732982,163,1970-01-18 22:56:38.879731297,0.0041046143,-0.002670288,0.0059051514,9.858170338569488,0.007671317332220748,99.50048065185547,-9.914515495300293,4.764374732971191,137315395.0,50354.0,0.08501847660470002,-0.01164403519900003,0.05049395207840525,0.004263997170922105,-0.0005486021044029864,0.0025380457896093636,137.3153952138964
1631,E,1551398930085301.0,1.7085724,9.590332,1.0148567136732982,163,1970-01-18 22:56:38.930085301,0.008682251,0.00012207031,0.0019836426,9.874032181697341,0.008906807595997528,99.50215911865234,-9.915863990783691,4.76415491104126,137365749.0,50354.0,0.0857322646963,-0.01101554174800004,0.05051124112430525,0.004298991413735278,-0.0005705001687946208,0.0025430077492646424,137.3657492180355
1631,E,1551398980439305.0,1.6944885,9.5529175,1.0265297136732983,163,1970-01-18 22:56:38.980439305,0.013046265,-0.0024871826,-0.0013885498,9.83335240770687,0.013353620418562442,99.50318908691406,-9.91594409942627,4.763974666595459,137416103.0,50354.0,0.08567886427930001,-0.011499607338500048,0.051395986081305266,0.004315617994218682,-0.0005668639085508128,0.002565718259355656,137.41610322194174
1631,E,1551399030793309.0,1.7083588,9.662567,1.055582413673298,163,1970-01-18 22:56:39.030793309,0.009490967,0.007980347,-0.0036010742,9.937643869035966,0.01291247955388134,99.49713134765625,-9.915409088134766,4.7655205726623535,137466457.0,50354.0,0.08567348647210002,-0.009680946743500068,0.05242133703020526,0.004314138134867999,-0.000533262810122517,0.002613808743978501,137.46645722608082
1631,E,1551399081147313.0,1.7119904,9.507751,1.0427955136732983,163,1970-01-18 22:56:39.081147313,-0.00077819824,-0.00881958,0.0031433105,9.789877218453377,0.009395263954596984,99.49641418457031,-9.919387817382812,4.765183448791504,137516811.0,50354.0,0.08611413180840001,-0.010818103714000037,0.052830861076805256,0.004325096865448149,-0.0005161045933684802,0.0026499345917402038,137.51681122998707
1631,E,1551399131501317.0,1.6754761,9.604767,1.0255226136732982,163,1970-01-18 22:56:39.131501317,0.0046081543,0.0062408447,0.0016326904,9.880652401912206,0.007927730227775081,99.49600219726562,-9.915607452392578,4.765582084655762,137567165.0,50354.0,0.0852862440705,-0.012273334314,0.05207404549220526,0.0043153472635030655,-0.000581373135230957,0.0026411908326879783,137.56716523389332
1631,E,1551399181855321.0,1.6995392,9.606628,1.0480751136732982,163,1970-01-18 22:56:39.181855321,-0.0024261475,-0.0004119873,0.0025939941,9.882938743638686,0.0035755741661937807,99.49199676513672,-9.915397644042969,4.766209602355957,137617519.0,50354.0,0.08497276020810002,-0.009783908085000003,0.05220696998140527,0.004286610950722313,-0.0005553351918796231,0.0026254831265790923,137.6175192380324
1631,E,1551399232209325.0,1.6911163,9.542511,0.9778083136732982,163,1970-01-18 22:56:39.232209325,0.00044250488,-0.0067749023,0.0005645752,9.830723751900052,0.006812771601912407,99.50007629394531,-9.91512393951416,4.764486789703369,137667873.0,50354.0,0.08536653352350002,-0.011351327397000038,0.051005667050305264,0.004288632398280494,-0.0005321218237303151,0.0025985845625473764,137.66787324193865
1631,E,1551399282563329.0,1.6999664,9.565292,0.9795478136732982,163,1970-01-18 22:56:39.282563329,0.0036773682,-0.0018463135,0.00047302246,9.854070079777276,0.004141939239814841,99.50724792480469,-9.915607452392578,4.763189315795898,137718227.0,50354.0,0.0853772891379,-0.012392043869000068,0.049280355218205264,0.004298817223146069,-0.0005977868583640847,0.0025249011826542897,137.71822724607773
1631,E,1551399332917333.0,1.6908264,9.537781,1.0221656136732982,163,1970-01-18 22:56:39.332917333,0.0027160645,-0.0037994385,-0.0016326904,9.818729778154891,0.004947566798507592,99.50868225097656,-9.915506362915039,4.762794017791748,137768581.0,50354.0,0.0853699903256,-0.012511131079000032,0.05039713896030526,0.004298904255052539,-0.0006269872356657986,0.0025095802709323594,137.76858124998398
1631,E,1551399383271337.0,1.6954346,9.619736,0.9708656136732983,163,1970-01-18 22:56:39.383271337,0.0048217773,-0.00065612793,0.00045776367,9.907599228731488,0.004887697593846539,99.51560974121094,-9.913969993591309,4.761610507965088,137818935.0,50354.0,0.08525589319700001,-0.011140394491000027,0.05017854721090526,0.0042958478694485,-0.0005954744592758915,0.0025321940507325672,137.81893525389023
1631,E,1551399433625340.0,1.6577454,9.606461,0.9583534136732981,163,1970-01-18 22:56:39.433625340,0.0037384033,0.00044250488,-0.000579834,9.89042698706887,0.003808894494447267,99.5244140625,-9.90732192993164,4.760150909423828,137869289.0,50354.0,0.08442301286000001,-0.009411238131000059,0.04857194745150526,0.00427200581779709,-0.0005174284545240961,0.00248624120411551,137.86928925686516
1631,E,1551399483979344.0,1.7167053,9.587463,0.9749549136732982,163,1970-01-18 22:56:39.483979344,-0.0026245117,-0.0016784668,0.0015411377,9.879255504771931,0.003475689553527533,99.5307846069336,-9.90987777709961,4.758938312530518,137919643.0,50354.0,0.08495854527390001,-0.01022377545200006,0.048674903757605255,0.004264519489137201,-0.0004943507369791941,0.0024483839728917755,137.91964326100424
1631,E,1551399534333348.0,1.6244202,9.564056,0.9871009136732982,163,1970-01-18 22:56:39.534333348,0.00061035156,0.0015258789,0.0015106201,9.838854654570312,0.0022322205381152763,99.53594970703125,-9.899800300598145,4.758116722106934,137969997.0,50354.0,0.08411951671350001,-0.011291406137000026,0.04939867956510526,0.0042568783666567704,-0.0005416877268662552,0.0024691986073158826,137.9699972649105
1631,E,1551399584687352.0,1.6605988,9.60144,1.0147346136732982,163,1970-01-18 22:56:39.584687352,0.0046691895,0.002532959,-0.0025634766,9.876662211822993,0.005898188210064071,99.5362319946289,-9.894182205200195,4.758252143859863,138020351.0,50354.0,0.082706923363,-0.010939507208000012,0.05040021307200526,0.004200189281806041,-0.000559707705287066,0.002512636719924532,138.02035126904957
1631,E,1551399635041356.0,1.7020111,9.580658,0.9800056136732982,163,1970-01-18 22:56:39.635041356,-0.004486084,-0.0004272461,0.005584717,9.869262411487842,0.007176109869219549,99.5416488647461,-9.895367622375488,4.7572174072265625,138070705.0,50354.0,0.0846604294523,-0.01052151865400004,0.05022157470390526,0.004213807841830809,-0.0005403242481275754,0.002533354750834099,138.07070527295582
1631,E,1551399685395360.0,1.6851654,9.539322,0.9890388136732982,163,1970-01-18 22:56:39.685395360,0.0017547607,0.0029907227,0.0004272461,9.824726085150525,0.0034937296135398046,99.54692077636719,-9.894939422607422,4.756467819213867,138121059.0,50354.0,0.0852789427405,-0.012085463540000037,0.04957463154730526,0.004278563573698126,-0.00056917599069834,0.0025125690847867276,138.12105927686207
1631,E,1551399735749364.0,1.6287689,9.614426,1.029428813673298,163,1970-01-18 22:56:39.735749364,0.0035552979,-0.008651733,-0.00036621094,9.881603749865565,0.009360915420705877,99.54454803466797,-9.884661674499512,4.756494045257568,138171413.0,50354.0,0.0834349238711,-0.011235286604000031,0.05081895945370526,0.004247709019680254,-0.0005871465263754898,0.002527609440632442,138.17141328100115
1631,E,1551399786103368.0,1.6694794,9.584183,1.023340613673298,163,1970-01-18 22:56:39.786103368,-0.00035095215,-4.5776367e-05,0.0036773682,9.859982080112061,0.0036943605354291804,99.54354095458984,-9.881427764892578,4.756626129150391,138221767.0,50354.0,0.08303999744910001,-0.010105821207000052,0.05168257587230525,0.004191339094078677,-0.0005373050713575492,0.0025806811549029664,138.2217672849074
1631,E,1551399836457372.0,1.6693268,9.570999,0.9999946136732982,163,1970-01-18 22:56:39.836457372,0.0017700195,-0.006149292,0.0033721924,9.850973229511796,0.007233148879586401,99.54647827148438,-9.878418922424316,4.755814075469971,138272121.0,50354.0,0.0840611236974,-0.011199182786000038,0.050941511018905254,0.00420710492710543,-0.0005363960855317633,0.0025837666356600068,138.27212128904648
1631,E,1551399886811376.0,1.6369476,9.571487,0.9879402136732982,163,1970-01-18 22:56:39.886811376,0.0033569336,0.0069274902,-0.001449585,9.848012976007242,0.00783328924131683,99.55104064941406,-9.870650291442871,4.755410194396973,138322475.0,50354.0,0.08324207056880001,-0.01151882997800004,0.05005023514810526,0.004212192522040118,-0.00057197140735923,0.002542669193246824,138.32247529295273
1631,E,1551399937165379.0,1.7160339,9.546158,1.061930013673298,163,1970-01-18 22:56:39.937165379,-0.0022277832,-0.006225586,0.001953125,9.824818347413702,0.0068946092199067555,99.5451431274414,-9.875407218933105,4.7560811042785645,138372829.0,50354.0,0.0844180152255,-0.012144251835000048,0.051609582713905255,0.004221177980043092,-0.0005957654108059032,0.002559489234311839,138.37282929592766
1631,E,1551399987519383.0,1.7042542,9.540176,0.9618171136732983,163,1970-01-18 22:56:39.987519383,0.0024414063,0.0040893555,0.006713867,9.833423520564402,0.008231603927592054,99.55431365966797,-9.878401756286621,4.754674434661865,138423183.0,50354.0,0.08611259349370001,-0.012932568882000017,0.050951881425205264,0.0042934491357232984,-0.0006313591151919107,0.002582189982630386,138.42318330006674
1631,E,1551400037873387.0,1.6931,9.593826,0.9765419136732982,163,1970-01-18 22:56:40.037873387,-0.0008544922,0.0090789795,0.0045776367,9.881093338481488,0.010203567191843645,99.55953979492188,-9.878399848937988,4.75417423248291,138473537.0,50354.0,0.0855351866934,-0.01173243164600002,0.048802065231505265,0.0043215761617706175,-0.000620990718293457,0.002511505114976001,138.473537303973
1631,E,1551400088227391.0,1.6681366,9.5625305,0.9903968136732981,163,1970-01-18 22:56:40.088227391,-0.004119873,0.010177612,0.0027313232,9.844136082435137,0.011314471529043291,99.563232421875,-9.875563621520996,4.753976345062256,138523891.0,50354.0,0.0846258538782,-0.011169612399500053,0.04952161633840526,0.004284144518471173,-0.0005766047629335554,0.0024754953308856378,138.52389130787924
1631,E,1551400138581395.0,1.6746826,9.586945,0.9594520136732982,163,1970-01-18 22:56:40.138581395,0.0015106201,0.010192871,0.0032806396,9.874145113899868,0.010813842448188948,99.57099914550781,-9.873042106628418,4.75312614440918,138574245.0,50354.0,0.0841621589984,-0.01134285533650005,0.04909134392610526,0.0042495758001941586,-0.0005667964001892746,0.0024827785005795814,138.57424531201832
1631,E,1551400188935399.0,1.6455231,9.54097,0.9715827136732982,163,1970-01-18 22:56:40.188935399,0.000579834,0.0028076172,0.00047302246,9.822534382059175,0.002905627652841343,99.57798767089844,-9.867364883422852,4.752066612243652,138624599.0,50354.0,0.0835928189089,-0.011885684045000042,0.04861766133040526,0.004223567078772092,-0.0005848249360080279,0.0024600196253431656,138.62459931592457
1631,E,1551400239289403.0,1.6532135,9.592987,0.9997047136732982,163,1970-01-18 22:56:40.239289403,-3.0517578e-05,-0.0019989014,0.00077819824,9.869673667968575,0.0021452577071829956,99.57942199707031,-9.861770629882812,4.7517170906066895,138674953.0,50354.0,0.0830522913782,-0.011733564611000023,0.04963110355830526,0.0041956239416983164,-0.0005946618234121137,0.0024736091536030646,138.67495332006365
1631,E,1551400289643407.0,1.6928558,9.578873,1.020868613673298,163,1970-01-18 22:56:40.289643407,-0.0030670166,0.0005340576,0.003250122,9.85921044203899,0.004500566782048381,99.57791137695312,-9.862563133239746,4.75194787979126,138725307.0,50354.0,0.0842439867661,-0.010779280780000022,0.050871974662605256,0.0042120183948390405,-0.0005668059084092082,0.002530366000367864,138.7253073239699
1631,E,1551400339997411.0,1.6647339,9.561768,1.0215858136732983,163,1970-01-18 22:56:40.339997411,7.6293945e-05,-0.009963989,0.005722046,9.837677726776661,0.01149037457980725,99.57701110839844,-9.859761238098145,4.751572608947754,138775661.0,50354.0,0.0845340358769,-0.011565281543000025,0.05142287511730526,0.004249324276082812,-0.0005625690456061722,0.0025754774329088074,138.77566132787615
1631,E,1551400390351415.0,1.7357178,9.586395,0.9984382136732981,163,1970-01-18 22:56:40.390351415,-0.0028076172,-0.0022277832,-6.1035156e-05,9.87763918008914,0.003584614012443463,99.57866668701172,-9.866260528564453,4.751156806945801,138826015.0,50354.0,0.08561317245090001,-0.011375900149000029,0.050858144936505256,0.004283796264069021,-0.0005775901314594853,0.0025751292418947874,138.82601533201523
1631,E,1551400440705419.0,1.6970673,9.566437,0.9741767136732982,163,1970-01-18 22:56:40.440705419,-0.0027923584,-9.1552734e-05,0.0020751953,9.855581842374772,0.0034802417833098213,99.58429718017578,-9.867592811584473,4.750146389007568,138876369.0,50354.0,0.08642723046270001,-0.011258348736000035,0.049664526025805254,0.004331461224155708,-0.0005698624841776466,0.002530859286818092,138.87636933592148
1631,E,1551400491059422.0,1.6944275,9.560898,0.9829353136732981,163,1970-01-18 22:56:40.491059422,0.0006713867,-0.002166748,-0.0011749268,9.848283983357852,0.00255460564115073,99.58882904052734,-9.868508338928223,4.7492780685424805,138926723.0,50354.0,0.08538766457960001,-0.011900286705000027,0.04927420951250526,0.0043257836124799874,-0.0005830649644980586,0.002490980544648044,138.9267233388964
1631,E,1551400541413426.0,1.6965637,9.580841,0.9947151136732981,163,1970-01-18 22:56:40.541413426,-0.0026550293,0.00024414063,-0.0025482178,9.866056067275547,0.0036881159400583012,99.59085845947266,-9.869216918945312,4.748940467834473,138977077.0,50354.0,0.0853749854424,-0.011537637197000052,0.049791304809305256,0.004299291239603895,-0.000590096610080656,0.0024941724540802233,138.9770773430355
1631,E,1551400591767430.0,1.6785889,9.584946,1.0303596136732982,163,1970-01-18 22:56:40.591767430,0.0008544922,0.0009613037,0.0018310547,9.86113038006597,0.00223763782545045,99.58773803710938,-9.867605209350586,4.749516487121582,139027431.0,50354.0,0.0849762170102,-0.010932180701000039,0.05098530641040526,0.00428893222414911,-0.0005657226052179483,0.002537252740678652,139.02743134694174
1631,E,1551400642121434.0,1.6568298,9.594666,1.0404304136732982,163,1970-01-18 22:56:40.642121434,-0.0030822754,0.0074768066,-0.0014343262,9.865275524757783,0.008213424999551354,99.58272552490234,-9.862616539001465,4.7507219314575195,139077785.0,50354.0,0.0839758366099,-0.010584108676000023,0.05213628051850527,0.004253705853993258,-0.0005417156176447306,0.00259629219410918,139.07778535108082
1631,E,1551400692475438.0,1.6280212,9.597214,1.0175880136732982,163,1970-01-18 22:56:40.692475438,-0.0038452148,0.005554199,-0.0012817383,9.866660432907576,0.006875874959554378,99.5810775756836,-9.853469848632812,4.751251697540283,139128139.0,50354.0,0.082702693627,-0.010275237240000052,0.05181472994530526,0.0041964653557744315,-0.0005251757521271339,0.002617174590447358,139.12813935498707
1631,E,1551400742829442.0,1.6566467,9.611816,0.9873298136732982,163,1970-01-18 22:56:40.742829442,-0.00048828125,0.0040130615,-0.0037994385,9.89059586817812,0.005547865724507585,99.58367919921875,-9.848036766052246,4.751028537750244,139178493.0,50354.0,0.08269808371830001,-0.009843451690000074,0.050477816139105264,0.004164295371222619,-0.0005065282311906132,0.002575419432767204,139.17849335889332
1631,E,1551400793183446.0,1.6575012,9.613098,0.9934181136732982,163,1970-01-18 22:56:40.793183446,-0.0013580322,0.00065612793,-0.0029296875,9.890976794662336,0.003295121267027843,99.58528900146484,-9.84287166595459,4.750797271728516,139228847.0,50354.0,0.08344030167830001,-0.009443540222000035,0.04986929056680526,0.004182866129130199,-0.00048558859536842683,0.002526439105534709,139.2288473630324
1631,E,1551400843537450.0,1.6992798,9.560181,0.9767402136732981,163,1970-01-18 22:56:40.843537450,-0.0039978027,-0.0019836426,-3.0517578e-05,9.849460808853513,0.004462980586472345,99.59051513671875,-9.845152854919434,4.749779224395752,139279201.0,50354.0,0.084513675237,-0.010743554617000014,0.04960267620760526,0.004228577276796508,-0.0005082504867615043,0.0025044057074793337,139.27920136693865
1631,E,1551400893891454.0,1.6777649,9.607208,1.0577949136732983,163,1970-01-18 22:56:40.893891454,-0.0018157959,0.00045776367,-0.0019073486,9.878231704009652,0.002672946129264606,99.58271026611328,-9.843403816223145,4.751129150390625,139329555.0,50354.0,0.0850238544119,-0.010891847147000037,0.05122349090120526,0.004268446383970356,-0.0005447145102122293,0.0025385004092985225,139.32955537107773
1631,E,1551400944245458.0,1.6578674,9.596954,1.0097907136732982,163,1970-01-18 22:56:40.944245458,-0.0018157959,0.00045776367,-0.0032653809,9.872651431938017,0.003764222994206572,99.58235931396484,-9.838845252990723,4.75122594833374,139379909.0,50354.0,0.0839812144171,-0.009966013326000032,0.052055603339705256,0.0042550406179077335,-0.0005251383531287227,0.0026002577557034043,139.37990937498398
1631,E,1551400994599462.0,1.6371918,9.577393,1.0540412136732982,163,1970-01-18 22:56:40.994599462,0.0011138916,-0.00088500977,-0.0045928955,9.843006566935863,0.004808189457942175,99.57617950439453,-9.832002639770508,4.752283096313477,139430263.0,50354.0,0.0829597054784,-0.010716665581000014,0.05196109643480526,0.0042030715402090035,-0.0005207278068415402,0.0026188284502228513,139.43026337889023
1631,E,1551401044953465.0,1.645752,9.5673065,1.0198158136732982,163,1970-01-18 22:56:41.044953465,0.00091552734,-0.0028076172,-0.004989624,9.840157550171474,0.005798038660909335,99.57540893554688,-9.826630592346191,4.7523274421691895,139480617.0,50354.0,0.0826546760526,-0.011463100688499997,0.05221349837750526,0.004169673283805987,-0.0005584199753672017,0.002622803773589542,139.48061738186516
1631,E,1551401095307469.0,1.6470795,9.5720825,1.059198713673298,163,1970-01-18 22:56:41.095307469,-0.0019073486,0.0025939941,-0.0059661865,9.838665976459996,0.006779540207531703,99.56861114501953,-9.821625709533691,4.753646373748779,139530971.0,50354.0,0.0829036186755,-0.011596803147000003,0.052343348755005265,0.004168261186369374,-0.0005805791988663836,0.0026324277402552175,139.53097138600424
1631,E,1551401145661473.0,1.684372,9.561768,1.059931113673298,163,1970-01-18 22:56:41.145661473,0.0020751953,0.005783081,0.00036621094,9.834832613604299,0.00615504442212067,99.56232452392578,-9.822691917419434,4.755017280578613,139581325.0,50354.0,0.08387595441550001,-0.011736245961500006,0.053353331663105255,0.004199009311712108,-0.0005874561774047047,0.002661125322886769,139.5813253899105
1631,E,1551401196015477.0,1.623703,9.595245,1.0160774136732982,163,1970-01-18 22:56:41.196015477,0.00024414063,0.011306763,0.0019683838,9.864280245650653,0.01147941762327202,99.56159973144531,-9.814168930053711,4.755673885345459,139631679.0,50354.0,0.08328740427499999,-0.011153083699000012,0.05226766669300526,0.004208671881750719,-0.0005762846528624089,0.002659219875611795,139.63167939404957
1631,E,1551401246369481.0,1.6299133,9.585556,0.9856971136732982,163,1970-01-18 22:56:41.246369481,-0.0008239746,0.0045318604,0.0011444092,9.86089567056829,0.004746194817280255,99.56555938720703,-9.8067626953125,4.755201816558838,139682033.0,50354.0,0.08191629758510001,-0.01055417322300002,0.05039867727500526,0.004159333601731738,-0.0005465236075251949,0.0025848305420826012,139.68203339795582
1631,E,1551401296723485.0,1.6141357,9.59552,1.0296577136732983,163,1970-01-18 22:56:41.296723485,-0.00088500977,0.00039672852,0.0019378662,9.860766881997085,0.0021670166636828807,99.56283569335938,-9.797225952148438,4.755663871765137,139732387.0,50354.0,0.081675421673,-0.010547249548000013,0.05074058848810526,0.004118748715761184,-0.0005312705211054678,0.002546383294117834,139.73238740186207
1631,E,1551401347077489.0,1.5994415,9.580017,1.002405513673298,163,1970-01-18 22:56:41.347077489,-0.00045776367,-0.001876831,0.0015106201,9.847745609417746,0.0024523489284065756,99.56455993652344,-9.78603458404541,4.7552642822265625,139782741.0,50354.0,0.0809082331644,-0.010686704951000029,0.05116125587490527,0.00409336867784122,-0.0005346072724213241,0.0025655827355275163,139.78274140600115
1631,E,1551401397431493.0,1.6200409,9.566269,1.0375312136732981,163,1970-01-18 22:56:41.397431493,-0.0022888184,-0.008926392,0.002670288,9.831999312133318,0.00959424837122672,99.56140899658203,-9.778542518615723,4.755321502685547,139833095.0,50354.0,0.08105690838480001,-0.011423157378000039,0.051359486984405255,0.004077796368784209,-0.0005566600038572348,0.0025811647429688613,139.8330954099074
1631,E,1551401447785497.0,1.6419983,9.579163,1.0479225136732981,163,1970-01-18 22:56:41.447785497,0.00016784668,-0.0048675537,0.0011749268,9.84650941491437,0.0050101601287512705,99.5566177368164,-9.774084091186523,4.755890846252441,139883449.0,50354.0,0.08212836093840001,-0.011444658536000048,0.05250546849340526,0.004108515525750207,-0.0005757430012667803,0.0026150079840648356,139.88344941404648
1631,E,1551401498139501.0,1.6227875,9.559113,0.9997047136732982,163,1970-01-18 22:56:41.498139501,0.004135132,-0.004486084,0.0022583008,9.831684721875812,0.006505704328953218,99.55966186523438,-9.767319679260254,4.755174160003662,139933803.0,50354.0,0.0821975120866,-0.011624825148000052,0.051553110702905254,0.004137232505150425,-0.0005808203907120706,0.00261988284842551,139.93380341795273
1631,E,1551401548493504.0,1.6416016,9.589767,1.0413764136732981,163,1970-01-18 22:56:41.548493504,0.0037841797,0.0015106201,0.0022583008,9.857811335927709,0.004658531055139243,99.55573272705078,-9.762911796569824,4.755927085876465,139984157.0,50354.0,0.0821875243707,-0.011357848240000034,0.051388299543205264,0.004138722062885443,-0.0005786347678896782,0.0025917558857663247,139.98415742092766
1631,E,1551401598847508.0,1.6404877,9.615738,1.0773262136732982,163,1970-01-18 22:56:41.598847508,0.0020141602,0.0084991455,0.0033111572,9.877184627402768,0.009341096163970592,99.54591369628906,-9.758090019226074,4.757993698120117,140034511.0,50354.0,0.0826331623061,-0.009932200615000024,0.05334257604870526,0.004149690428461794,-0.0005360195600223364,0.0026368092547775315,140.03451142506674
1631,E,1551401649201512.0,1.6639557,9.601807,1.0596565136732983,163,1970-01-18 22:56:41.649201512,0.00032043457,0.016342163,0.0022125244,9.870345678543956,0.01649436976828201,99.5390853881836,-9.75701904296875,4.7599287033081055,140084865.0,50354.0,0.08319597148180001,-0.009629069535000007,0.05380281412640526,0.004175080101377959,-0.0004924940985665509,0.0026975994884387575,140.084865428973
1631,E,1551401699555516.0,1.648941,9.604492,1.0712532136732982,163,1970-01-18 22:56:41.699555516,-0.004501343,0.017166138,0.0051879883,9.868602007446407,0.018489283524237222,99.53044891357422,-9.753961563110352,4.762147426605225,140135219.0,50354.0,0.08340880021590001,-0.009912210077000003,0.053649914205405255,0.004194608337032993,-0.0004919907967913242,0.002705337341209994,140.13521943287924
1631,E,1551401749909520.0,1.6333313,9.580002,1.0404151136732982,163,1970-01-18 22:56:41.749909520,-0.00289917,0.017623901,0.009490967,9.847091884546911,0.020225862842949124,99.52716064453125,-9.749420166015625,4.763458251953125,140185573.0,50354.0,0.0826377696971,-0.010461194562000016,0.05316547347760526,0.004180554490699602,-0.0005129412085961034,0.002689291015695156,140.18557343701832
1631,E,1551401800263524.0,1.6417084,9.548477,0.9906562136732981,163,1970-01-18 22:56:41.800263524,0.0020599365,0.0124053955,0.008163452,9.825991848328382,0.01499263567394861,99.53227996826172,-9.7466402053833,4.763144493103027,140235927.0,50354.0,0.0824556745269,-0.011871484217000025,0.05113628280860526,0.004156557645227649,-0.000562269853618884,0.0026260053180179226,140.23592744092457
1631,E,1551401850617528.0,1.6265106,9.590561,0.9819129136732982,163,1970-01-18 22:56:41.850617528,0.0022735596,0.010025024,0.00793457,9.865830151262792,0.012985668274687605,99.53753662109375,-9.740684509277344,4.762699604034424,140286281.0,50354.0,0.082283949763,-0.011605640274000054,0.04966337291920526,0.0041476495207468135,-0.0005910835633099091,0.0025378329322590857,140.28628144506365
1631,E,1551401900971532.0,1.6560669,9.605652,1.031519313673298,163,1970-01-18 22:56:41.900971532,0.003829956,0.0005950928,0.0034332275,9.877269112897904,0.005177813193743483,99.53520965576172,-9.738639831542969,4.763123512268066,140336635.0,50354.0,0.0826454537175,-0.010166145299000076,0.05069218318790526,0.004152427591428549,-0.0005481482453714243,0.0025266518361087217,140.3366354489699
1631,E,1551401951325536.0,1.6853638,9.589371,1.0313057136732982,163,1970-01-18 22:56:41.951325536,0.0038452148,0.00021362305,0.0037994385,9.866433330280778,0.005409902455766887,99.53338623046875,-9.74124813079834,4.763443470001221,140386989.0,50354.0,0.08412720073390001,-0.01019610592900006,0.05193574571350525,0.004198835121122898,-0.0005126603991673595,0.0025838633659508127,140.38698945287615
1631,E,1551402001679540.0,1.6802368,9.582031,1.0012306136732982,163,1970-01-18 22:56:42.001679540,0.0008392334,0.0040130615,0.005996704,9.86334072100497,0.007264257303129744,99.53598022460938,-9.743253707885742,4.763158321380615,140437343.0,50354.0,0.08473572630620001,-0.010790811846000024,0.05117316711360526,0.004251461914088599,-0.0005283876288211772,0.0025959730982481615,140.43734345701523
1631,E,1551402052033544.0,1.6631165,9.572876,0.9835762136732982,163,1970-01-18 22:56:42.052033544,0.0027160645,0.001953125,0.0051879883,9.854473361524933,0.006173080773383913,99.54141235351562,-9.742850303649902,4.7623138427734375,140487697.0,50354.0,0.08417560603410001,-0.011206106460999999,0.04997148149210526,0.004252680614331734,-0.0005538164122153396,0.0025465188179459738,140.48769746092148
1631,E,1551402102387547.0,1.6356049,9.593231,1.0049537136732982,163,1970-01-18 22:56:42.102387547,0.002243042,-0.00018310547,0.0048980713,9.866111698190174,0.005390349477240934,99.54309844970703,-9.73808479309082,4.762000560760498,140538051.0,50354.0,0.0830519086878,-0.01092412406100003,0.05006521798080526,0.004210287138153277,-0.0005571728138523947,0.0025186239826294685,140.5380514638964
1631,E,1551402152741551.0,1.6515045,9.592682,0.9908851136732981,163,1970-01-18 22:56:42.152741551,0.0006713867,-0.0033416748,0.0041656494,9.870550226416267,0.005382395887856288,99.54676055908203,-9.735608100891113,4.761193752288818,140588405.0,50354.0,0.0827595533638,-0.010425468399000054,0.05024923415610526,0.004174635180073134,-0.0005375186893654221,0.002525616961450996,140.5884054680355
1631,E,1551402203095555.0,1.6777496,9.605057,1.0260414136732983,163,1970-01-18 22:56:42.203095555,0.0009613037,-0.004211426,0.004272461,9.881235937017113,0.006075700515465743,99.5448989868164,-9.736783981323242,4.7612714767456055,140638759.0,50354.0,0.0838206304757,-0.010127725197000028,0.05078015917900526,0.004193989288527092,-0.0005174677551664941,0.0025436170359980775,140.63875947194174
1631,E,1551402253449559.0,1.6775513,9.617615,1.0426734136732982,163,1970-01-18 22:56:42.253449559,0.0041656494,-0.0025482178,0.0036773682,9.890729981339234,0.006113025908527497,99.5405502319336,-9.737651824951172,4.761890411376953,140689113.0,50354.0,0.0844764107593,-0.009499987056000008,0.052084033208105264,0.004237214607173595,-0.0004941669113937819,0.002589811771730282,140.68911347608082
1631,E,1551402303803563.0,1.6875,9.591202,1.0353035136732982,163,1970-01-18 22:56:42.303803563,0.002029419,-0.0043029785,0.0041656494,9.867931869766634,0.006323511712074519,99.53793334960938,-9.740543365478516,4.762109279632568,140739467.0,50354.0,0.08472189658010001,-0.00984881439100004,0.05231722509980526,0.004259905783884074,-0.0004871447740311202,0.0026285104804182635,140.73946747998707
1631,E,1551402354154372.0,1.7198792,9.566849,1.0172218136732982,163,1970-01-18 22:56:42.354154372,-0.0016479492,-0.0043945313,0.0047454834,9.85280581837708,0.006674372975204179,99.53839874267578,-9.74854850769043,4.761762619018555,140789818.0,50351.0,0.0857824750496,-0.011126287049500071,0.05167335137861423,0.004292532807963512,-0.0005280586663153105,0.00261801475813245,140.78981828899123
1631,E,1551402404508376.0,1.6884613,9.577591,0.9993080136732981,163,1970-01-18 22:56:42.404508376,0.0015106201,0.0021514893,0.004257202,9.860749817885514,0.005003463616670206,99.54129791259766,-9.751547813415527,4.761353492736816,140840172.0,50354.0,0.0858117887685,-0.011469634120000051,0.05077017146310526,0.004320228780148304,-0.0005688975072845045,0.0025792205745859714,140.84017229289748
1631,E,1551402454862380.0,1.6650238,9.571671,1.0130867136732982,163,1970-01-18 22:56:42.454862380,0.0042877197,0.0024871826,0.0021514893,9.848742473342291,0.005403658364434722,99.54241180419922,-9.751214981079102,4.761305809020996,140890526.0,50354.0,0.0844306943627,-0.01134823062600003,0.05066606205040526,0.004286194997794222,-0.0005744853807100441,0.0025538600511696547,140.89052629703656
1631,E,1551402505216384.0,1.6925201,9.593033,1.059915913673298,163,1970-01-18 22:56:42.505216384,0.0032958984,0.0031738281,0.0015106201,9.866629126530999,0.004818516800634422,99.53609466552734,-9.754469871520996,4.762542724609375,140940880.0,50354.0,0.08453288277030001,-0.010959447392000027,0.05219198714870526,0.004253995981477542,-0.0005616404094591874,0.0025896571046860055,140.9408803009428
1631,E,1551402555570388.0,1.6647186,9.606567,1.0340675136732982,163,1970-01-18 22:56:42.555570388,0.0032196045,0.0046691895,0.0031433105,9.87920158726288,0.0064844108924975415,99.53336334228516,-9.753328323364258,4.7632341384887695,140991234.0,50354.0,0.0845251987499,-0.01008087080000003,0.052720220750305254,0.004256375318434077,-0.0005297320911199855,0.0026413746582733878,140.9912343050819
1631,E,1551402605924392.0,1.6622314,9.583786,1.0060371136732982,163,1970-01-18 22:56:42.605924392,0.0032348633,0.003616333,0.002609253,9.861203116903816,0.0055091202704773915,99.53533172607422,-9.752260208129883,4.763082027435303,141041588.0,50354.0,0.08376262015000001,-0.010313682519000037,0.05136371420270526,0.004236982416442783,-0.0005134736689124647,0.002620521230311946,141.04158830898814
1631,E,1551402656278395.0,1.6569214,9.584885,1.0111793136732983,163,1970-01-18 22:56:42.656278395,0.0021972656,0.0049438477,0.0009918213,9.860533059557294,0.0055003014180017755,99.53643798828125,-9.750386238098145,4.763150215148926,141091942.0,50354.0,0.08356631004560001,-0.010859570233000042,0.05078745799130527,0.004212840475534622,-0.000533078984537106,0.0025718600623286032,141.09194231196307
1631,E,1551402706632399.0,1.655716,9.582336,1.012934113673298,163,1970-01-18 22:56:42.706632399,0.0015563965,0.0020446777,0.0021972656,9.857565113142908,0.0033809840400440966,99.53727722167969,-9.74848747253418,4.763099193572998,141142296.0,50354.0,0.0834022718198,-0.010896076883000046,0.05096110376030526,0.004203767985625177,-0.0005477419274395343,0.0025617235392202983,141.14229631586932
1631,E,1551402756986403.0,1.6747284,9.594391,1.0171302136732983,163,1970-01-18 22:56:42.756986403,0.0028533936,0.002532959,0.0025482178,9.871805673457606,0.004588153254680885,99.53728485107422,-9.749107360839844,4.763227462768555,141192650.0,50354.0,0.08385059865880001,-0.010656744321000045,0.05111092956960526,0.004210925520039713,-0.0005426353794531103,0.0025698675831471573,141.1926503200084
1631,E,1551402807340407.0,1.6620026,9.595276,1.005716713673298,163,1970-01-18 22:56:42.807340407,0.0031280518,0.0044403076,0.0009765625,9.872384378896102,0.005518578980363265,99.53888702392578,-9.747758865356445,4.763185501098633,141243004.0,50354.0,0.08400887638700001,-0.010330953941000035,0.05092921708980526,0.0042261980032281075,-0.000528407279142376,0.002569064772443979,141.24300432391465
1631,E,1551402857694411.0,1.6702118,9.5811615,0.9828743136732982,163,1970-01-18 22:56:42.857694411,0.00048828125,-0.0007019043,0.0033721924,9.863838308065976,0.0034789035353222733,99.54407501220703,-9.747945785522461,4.7622551918029785,141293358.0,50354.0,0.0838951619488,-0.010664033062500024,0.050066756295505256,0.0042273199731804375,-0.000528590787787121,0.0025427756219219633,141.29335832805373
1631,E,1551402908048415.0,1.6682587,9.596436,0.9706520136732981,163,1970-01-18 22:56:42.908048415,0.0006713867,-0.0005187988,0.0052337646,9.880388774169091,0.005302094320552162,99.55049133300781,-9.747517585754395,4.761101722717285,141343712.0,50354.0,0.0840526717785,-0.010634827742500012,0.04918393234360526,0.004228422609752232,-0.0005362414184874859,0.0024988345878668855,141.34371233195998
1631,E,1551402958402419.0,1.6824188,9.595154,1.0214027136732982,163,1970-01-18 22:56:42.958402419,0.00044250488,0.0010528564,0.0011749268,9.873158485726362,0.0016385268240718593,99.5494155883789,-9.749178886413574,4.761331081390381,141394066.0,50354.0,0.0843600074175,-0.01028253857,0.05015396187040526,0.0042401260241176925,-0.0005266365316498129,0.002501030162626143,141.39406633586623
1631,E,1551403008756423.0,1.6828613,9.585861,1.0313209136732981,163,1970-01-18 22:56:43.008756423,0.0007171631,0.00030517578,-0.0010528564,9.86259215766233,0.001309947238525727,99.54716491699219,-9.75101375579834,4.761744022369385,141444420.0,50354.0,0.0847276570777,-0.010548785345000027,0.05168142276570526,0.004257120128995651,-0.0005244702422079557,0.0025639094789833548,141.4444203400053
1631,E,1551403059110427.0,1.667633,9.605972,0.9997200136732982,163,1970-01-18 22:56:43.059110427,0.0028686523,0.005508423,-0.0012054443,9.884715064668818,0.0063265303228252035,99.54912567138672,-9.750042915344238,4.76171350479126,141494774.0,50354.0,0.0843553949911,-0.010276420559000061,0.05113551742780526,0.004257004001936177,-0.0005243162090450103,0.0025886221032520146,141.49477434391156
1631,E,1551403109464431.0,1.653656,9.587128,0.9943641136732981,163,1970-01-18 22:56:43.109464431,-0.0012054443,0.0013427734,0.00021362305,9.864936286670286,0.0018170776460133323,99.55210876464844,-9.747565269470215,4.761261463165283,141545128.0,50354.0,0.08362009315300001,-0.010244521300000052,0.05020505607420526,0.004229118865004006,-0.0005166557531840459,0.002551451619060119,141.54512834805064
1631,E,1551403159818434.0,1.6536255,9.562759,0.9977821136732983,163,1970-01-18 22:56:43.159818434,-0.007980347,-0.002319336,0.0021972656,9.840683226464197,0.008596117369967,99.55482482910156,-9.74581241607666,4.760604381561279,141595482.0,50354.0,0.08326742632550001,-0.011332495001000045,0.05015626556590526,0.0042017270779101945,-0.0005432445394102795,0.002526796994933063,141.59548235102557
1631,E,1551403210172438.0,1.6446075,9.5724945,0.9577278136732981,163,1970-01-18 22:56:43.210172438,-0.0028839111,-0.004562378,0.001953125,9.855344118569949,0.005739941943365996,99.56332397460938,-9.742383003234863,4.758903503417969,141645836.0,50354.0,0.083039612241,-0.011700922630500056,0.04923387344080526,0.0041871123099887705,-0.0005799123557082781,0.0025023455297719507,141.64583635493182
1631,E,1551403260526442.0,1.6685333,9.591095,0.9902900136732982,163,1970-01-18 22:56:43.260526442,-0.0016174316,-0.003112793,0.00090026855,9.871970545171495,0.0036216085795743665,99.56645965576172,-9.742109298706055,4.7581987380981445,141696190.0,50354.0,0.08341494592160001,-0.010987507158500068,0.04904524483910526,0.004190826410859781,-0.0005712265967976562,0.002474373360933307,141.6961903590709
1631,E,1551403310880446.0,1.700943,9.564423,0.9923042136732982,163,1970-01-18 22:56:43.310880446,-0.005004883,-0.0032348633,0.00047302246,9.851268758423872,0.0059780385295714125,99.56971740722656,-9.74712085723877,4.757444381713867,141746544.0,50354.0,0.08483330480510001,-0.011190723314000063,0.04991577486190526,0.004235986208546126,-0.0005583813086061358,0.002491541593012342,141.74654436297715
1631,E,1551403361234450.0,1.6837769,9.576263,0.9849342136732981,163,1970-01-18 22:56:43.361234450,-0.0011901855,0.0004119873,0.0018005371,9.861043890653407,0.002197318572316711,99.57383728027344,-9.749320983886719,4.756742000579834,141796898.0,50354.0,0.08521709292230001,-0.011564148578000023,0.04978093188530526,0.00428135886358275,-0.0005728994096248863,0.002510063985774519,141.7968983668834
1631,E,1551403411588454.0,1.6588593,9.611984,1.0119117136732982,163,1970-01-18 22:56:43.411588454,-0.0010375977,-0.0037231445,-0.0014038086,9.887081762149865,0.0041120666994054825,99.57310485839844,-9.74695873260498,4.756689548492432,141847252.0,50354.0,0.08415755160740002,-0.010366705281000024,0.05027458991280526,0.004264345425324258,-0.0005521531076080441,0.002519097872311029,141.84725237102248
1631,E,1551403461942458.0,1.6738434,9.582993,1.0089210136732982,163,1970-01-18 22:56:43.461942458,-0.0039978027,-0.0019836426,-0.00039672852,9.861922645071997,0.004480475188107109,99.5733642578125,-9.74754810333252,4.756518840789795,141897606.0,50354.0,0.08390745587790001,-0.010197264071000044,0.05087850557640527,0.004231372693457399,-0.0005177390563753058,0.0025467314851318535,141.89760637492873
1631,E,1551403512296462.0,1.6553345,9.58432,1.0225776136732982,163,1970-01-18 22:56:43.512296462,-0.0013275146,0.00289917,0.003616333,9.85785438711931,0.0048213427661806165,99.57168579101562,-9.745737075805664,4.756901264190674,141947960.0,50354.0,0.0838187119883,-0.010893760599000036,0.05114704094070526,0.004222841728367318,-0.000531008728116592,0.002568697184661292,141.9479603790678
1631,E,1551403562650466.0,1.6647491,9.578415,1.042200413673298,163,1970-01-18 22:56:43.562650466,-0.0077819824,0.009918213,0.0012664795,9.850521128653787,0.012670207950590196,99.56697082519531,-9.745481491088867,4.758105754852295,141998314.0,50354.0,0.08358974479720001,-0.011009020905000045,0.05198491639450526,0.004214842716488534,-0.0005514463299262101,0.0025965532898285953,141.99831438297406
1631,E,1551403613004470.0,1.6383514,9.549789,0.9949592136732981,163,1970-01-18 22:56:43.613004470,-0.0059509277,-0.0028076172,0.00010681152,9.825990409205742,0.006580855835920419,99.57015228271484,-9.741781234741211,4.757380962371826,142048668.0,50354.0,0.08316216128850001,-0.011878407892000032,0.05128956793770525,0.0041983127395196695,-0.000576236794822071,0.0026001416920320643,142.0486683868803
1631,E,1551403663358474.0,1.6523743,9.596268,1.0080513136732983,163,1970-01-18 22:56:43.663358474,0.0017089844,-0.0011901855,-0.0016937256,9.87134891231458,0.0026843762053685716,99.57056427001953,-9.73904800415039,4.757282257080078,142099022.0,50354.0,0.0828506009489,-0.011428922911000018,0.05042979604700526,0.004179703314851021,-0.0005868086676271323,0.002560988427043057,142.0990223910194
1631,E,1551403713712477.0,1.6379089,9.616608,1.0355629136732982,163,1970-01-18 22:56:43.713712477,-0.005859375,-0.003768921,0.00024414063,9.884246860684724,0.006971129430880106,99.56612396240234,-9.734013557434082,4.757797718048096,142149376.0,50354.0,0.0828394601264,-0.009746620948000046,0.051452075401905266,0.004171578667692828,-0.0005331366677380447,0.0025650798774692206,142.14937639399432
1631,E,1551403764066481.0,1.6692505,9.573563,1.0542549136732982,163,1970-01-18 22:56:43.764066481,-0.0055999756,-0.0115356445,0.00079345703,9.844630902892636,0.012847583228352017,99.56018829345703,-9.734663009643555,4.7581868171691895,142199730.0,50354.0,0.0832643522138,-0.01031826473300005,0.05261534343910527,0.004181995683289216,-0.0005051736267905394,0.002620105404160122,142.19973039790057
1631,E,1551403814420485.0,1.6596069,9.612381,1.0268043136732983,163,1970-01-18 22:56:43.814420485,-0.0014190674,-0.008117676,-0.0002746582,9.885169676562612,0.008245353421991444,99.5576400756836,-9.732842445373535,4.758213520050049,142250084.0,50354.0,0.0838106427598,-0.010424687912000056,0.05239482816690526,0.004206447148450328,-0.0005222453187431677,0.002643841090524527,142.25008440203965
1631,E,1551403864774489.0,1.6579742,9.611618,1.0331672136732981,163,1970-01-18 22:56:43.864774489,0.0010070801,-0.01499939,-0.005859375,9.883124842936159,0.016134688905911417,99.5544204711914,-9.730546951293945,4.758084774017334,142300438.0,50354.0,0.08352673935470001,-0.009466577177000057,0.05186390314400527,0.0042130532694967665,-0.0005008023811457559,0.0026249220782147945,142.3004384059459
1631,E,1551403915128493.0,1.6942444,9.603485,1.028086013673298,163,1970-01-18 22:56:43.915128493,0.00390625,-0.011962891,-0.00730896,9.882191097206208,0.014553021900003484,99.55233001708984,-9.73361873626709,4.757948398590088,142350792.0,50354.0,0.08439880769220001,-0.009690551769000058,0.05189617250490526,0.004227861497999802,-0.0004823190354734449,0.0026123674246126207,142.35079240985215
1631,E,1551403965482497.0,1.6800842,9.619537,1.0498603136732982,163,1970-01-18 22:56:43.965482497,0.0010070801,-0.0076293945,-0.00010681152,9.891879486146513,0.007696315967087823,99.54660034179688,-9.7346830368042,4.758559703826904,142401146.0,50354.0,0.08495547116220001,-0.009491175106000074,0.05231645468360526,0.0042638326787172295,-0.00048293833753187835,0.0026237613147251293,142.40114641399123
1631,E,1551404015836501.0,1.6244202,9.591064,1.026087113673298,163,1970-01-18 22:56:44.015836501,-0.002822876,-0.010131836,0.0033874512,9.858699871382413,0.0110497762545064,99.54493713378906,-9.728493690490723,4.758292198181152,142451500.0,50354.0,0.0831975072788,-0.009803898623000068,0.052266128378305264,0.004233587538209058,-0.00048579207127503657,0.0026330756937497216,142.45150041789748
1631,E,1551404066190505.0,1.6213684,9.6076355,0.9624733136732981,163,1970-01-18 22:56:44.066190505,-0.0005645752,-0.0019073486,0.004470825,9.884841249410483,0.004893362853805347,99.5522232055664,-9.721505165100098,4.756929874420166,142501854.0,50354.0,0.0817192195822,-0.010103542688500035,0.050065985879305254,0.004152108432179397,-0.0005012096498996381,0.0025764156406638604,142.50185442203656
1631,E,1551404116544509.0,1.5788422,9.620224,1.0110267136732982,163,1970-01-18 22:56:44.116544509,-0.0010070801,-0.009567261,0.008712769,9.882137889410664,0.012979177054701812,99.5520248413086,-9.70865535736084,4.756420612335205,142552208.0,50354.0,0.0805717022762,-0.009369381368500011,0.04968681018850526,0.0040859985396289366,-0.0004902698089830901,0.0025114761465992656,142.5522084259428
1631,E,1551404166898513.0,1.6383972,9.633545,1.0054115136732982,163,1970-01-18 22:56:44.166898513,-0.003189087,-0.008544922,0.005203247,9.905701603878732,0.010500464143201577,99.55217742919922,-9.704133987426758,4.755908489227295,142602562.0,50354.0,0.0810004363738,-0.008717057887000033,0.050767865249905265,0.0040679017347910506,-0.0004553622811357246,0.002529147363512862,142.6025624300819
1631,E,1551404217252517.0,1.6732483,9.578476,1.0111183136732982,163,1970-01-18 22:56:44.217252517,-0.007003784,-0.009506226,0.006164551,9.85707171851286,0.013320022977207396,99.55266571044922,-9.706088066101074,4.755252838134766,142652916.0,50354.0,0.0833772987535,-0.009768147283000036,0.05077017146310526,0.004138538237300033,-0.00046540201056509173,0.0025564231503234663,142.65291643398814
1631,E,1551404267606520.0,1.635498,9.587402,0.9911903136732982,163,1970-01-18 22:56:44.267606520,-0.002960205,-0.005218506,0.0077209473,9.862701364699815,0.009777967361544949,99.55599212646484,-9.70240592956543,4.7543511390686035,142703270.0,50354.0,0.0833043055951,-0.010929889594000009,0.050412124310705256,0.004196542752684703,-0.0005211144744522301,0.002547466660697228,142.70327043696307
1631,E,1551404317960524.0,1.6541748,9.566452,0.9882148136732982,163,1970-01-18 22:56:44.317960524,-0.003250122,-0.0131073,0.0037384033,9.84595328702235,0.014012147070964353,99.56023406982422,-9.701719284057617,4.752940654754639,142753624.0,50354.0,0.0828240920856,-0.011232617842000015,0.04983548289120526,0.004182614668406985,-0.0005579854497161727,0.002523934006522501,142.75362444086932
1631,E,1551404368314528.0,1.7275238,9.579483,0.9985450136732981,163,1970-01-18 22:56:44.368314528,0.00048828125,-0.0030059814,0.0059661865,9.86947593945054,0.006698486702907588,99.5626449584961,-9.711466789245605,4.752342700958252,142803978.0,50354.0,0.08514102565220001,-0.011431994505000044,0.05002065217310526,0.004228857769284591,-0.0005706269450604206,0.002514077912514146,142.8039784450084
1631,E,1551404418668532.0,1.6610718,9.530731,1.0217537136732981,163,1970-01-18 22:56:44.418668532,0.0016479492,-0.0020751953,0.0060424805,9.8068654657855,0.006598010510131291,99.56288146972656,-9.712752342224121,4.752167224884033,142854332.0,50354.0,0.0853146714212,-0.012331342122000058,0.050865061058405256,0.004291563085216992,-0.0005982895262579815,0.0025399996020297405,142.85433244891465
1631,E,1551404469022536.0,1.6951447,9.616394,0.9913429136732981,163,1970-01-18 22:56:44.469022536,0.006729126,-0.002746582,0.0007324219,9.900898793630745,0.0073048813300559245,99.56566619873047,-9.716402053833008,4.751615047454834,142904686.0,50354.0,0.0844994628205,-0.011402033875000061,0.05068373378670525,0.004275410457803281,-0.000597535207476472,0.0025566940078153473,142.90468645305373
1631,E,1551404519376540.0,1.7097931,9.596329,1.068216713673298,163,1970-01-18 22:56:44.519376540,0.00032043457,0.0015411377,0.0019836426,9.871495315408787,0.002532315479664241,99.55738067626953,-9.722963333129883,4.753077507019043,142955040.0,50354.0,0.08572611899060001,-0.009750473029000025,0.05185353273770525,0.004285769473258065,-0.0005325566663220102,0.0025815807592850836,142.95504045695998
1631,E,1551404569730544.0,1.661499,9.617966,1.002268213673298,163,1970-01-18 22:56:44.569730544,0.0027770996,0.0008544922,0.006958008,9.894920419957769,0.007540312621917277,99.55845642089844,-9.721904754638672,4.752902507781982,143005394.0,50354.0,0.0848790212017,-0.009710894785000038,0.05212859901580526,0.004295325614621538,-0.0004899788574530796,0.0026179581311581344,143.00539446086623
1631,E,1551404620084548.0,1.6912689,9.606079,0.9937843136732982,163,1970-01-18 22:56:44.620084548,-0.0032348633,-0.0012969971,0.0027008057,9.889813225995148,0.004409182858109628,99.56074523925781,-9.725143432617188,4.752403259277344,143055748.0,50354.0,0.0844126374183,-0.009465419035000075,0.05025461448100526,0.0042622560890757406,-0.0004828020530461429,0.002577702166209198,143.0557484650053
1631,E,1551404670438552.0,1.6601105,9.567673,1.0104011136732982,163,1970-01-18 22:56:44.670438552,-0.001159668,0.00642395,0.004257202,9.844468195286224,0.007793313309596118,99.56156158447266,-9.72498893737793,4.75253438949585,143106102.0,50354.0,0.0843776791538,-0.010731645896000072,0.050459376504305264,0.004249633800335762,-0.0005085015037677907,0.0025356761510371634,143.10610246891156
1631,E,1551404720792556.0,1.6302948,9.624344,1.0516456136732981,163,1970-01-18 22:56:44.720792556,-0.005050659,-0.0011901855,0.009307861,9.887938660104778,0.010656546075254038,99.55484771728516,-9.719568252563477,4.753489017486572,143156456.0,50354.0,0.0828425342381,-0.01027178799100004,0.05191615045440526,0.004210103312567866,-0.0005288034549730019,0.002577508642239455,143.15645647305064
1631,E,1551404771146559.0,1.6592865,9.596161,1.0172370136732982,163,1970-01-18 22:56:44.771146559,-0.0058288574,-0.0110321045,0.008255005,9.870901017498056,0.014960882856251499,99.55403137207031,-9.718826293945312,4.752974033355713,143206810.0,50354.0,0.0828217883901,-0.00955454561500001,0.052088257908705256,0.004170930650810191,-0.0004991676011982633,0.0026185189893580332,143.20681047602557
1631,E,1551404821500563.0,1.6542053,9.618866,0.9858039136732981,163,1970-01-18 22:56:44.821500563,-0.0030517578,-0.0040130615,0.007949829,9.897292039136369,0.009413695841797954,99.55731201171875,-9.716750144958496,4.752133846282959,143257164.0,50354.0,0.08342378304860001,-0.009692465221000012,0.05043056142780526,0.0041855647521121505,-0.0004845819918179726,0.0025811163144353255,143.25716447993182
1631,E,1551404871854567.0,1.6797638,9.5585785,1.0237831136732982,163,1970-01-18 22:56:44.871854567,-0.00730896,-0.015853882,0.008895874,9.836774402706054,0.01959344392840115,99.55636596679688,-9.719943046569824,4.7513885498046875,143307518.0,50354.0,0.0839393400307,-0.010638679823500037,0.05059537258750526,0.004213701349767536,-0.0005118772387853779,0.002543529940703473,143.3075184840709
1631,E,1551404922208571.0,1.683609,9.576782,1.094904313673298,163,1970-01-18 22:56:44.922208571,-0.003250122,-0.009216309,0.0071411133,9.843791874012238,0.012103683065984581,99.54479217529297,-9.723423957824707,4.752809524536133,143357872.0,50354.0,0.0846796369856,-0.011698228691500058,0.05334219335830526,0.004245319984339385,-0.0005623763456821574,0.0026168360978176715,143.35787248797715
1631,E,1551404972562575.0,1.6920929,9.60585,1.0694984136732981,163,1970-01-18 22:56:44.972562575,-0.0045318604,-0.008087158,0.005935669,9.877501327216642,0.011007817661989735,99.53644561767578,-9.727164268493652,4.753740310668945,143408226.0,50354.0,0.0849900467363,-0.010508074136000039,0.05449316746640526,0.004271773627066277,-0.0005590880862879699,0.002714970879483737,143.4082264918834
1631,E,1551405022916579.0,1.6652832,9.611084,0.9968513136732982,163,1970-01-18 22:56:45.022916579,-0.0028533936,-0.011932373,0.0058135986,9.889759814603588,0.013576498411945987,99.53883361816406,-9.726522445678711,4.752685070037842,143458580.0,50354.0,0.0845286580697,-0.009644452682000032,0.052024487085405254,0.0042679724309006625,-0.0005073801676967879,0.002681794988650933,143.45858049602248
1631,E,1551405073270583.0,1.7068176,9.558182,1.0381111136732981,163,1970-01-18 22:56:45.073270583,-0.0007171631,3.0517578e-05,0.002960205,9.83871944604909,0.0030459921005468148,99.53646087646484,-9.733261108398438,4.753058433532715,143508934.0,50354.0,0.08489938184160001,-0.010844589918000027,0.051234249033305264,0.004265689760846801,-0.0005158526255402015,0.0025997451992607746,143.50893449992873
1631,E,1551405123624587.0,1.6694031,9.600983,1.0439552136732981,163,1970-01-18 22:56:45.123624587,0.00045776367,-0.002319336,0.005493164,9.872971245617544,0.0059802774007034045,99.53233337402344,-9.733551979064941,4.753600597381592,143559288.0,50354.0,0.0850031085639,-0.011098902795000042,0.05242018392360526,0.004277635000939274,-0.0005524713160352028,0.002609707658556136,143.5592885040678
1631,E,1551405173978591.0,1.6711578,9.586777,1.1077064136732981,163,1970-01-18 22:56:45.173978591,0.000579834,0.0011901855,0.0038452148,9.849411802744626,0.0040667463469099335,99.51936340332031,-9.734639167785645,4.755826950073242,143609642.0,50354.0,0.0841053017793,-0.01037896648000006,0.05417238479170526,0.004257642447210747,-0.0005407483147366777,0.002683681102545373,143.60964250797406
1631,E,1551405224332595.0,1.6739197,9.591797,1.0774635136732982,163,1970-01-18 22:56:45.224332595,-0.0024108887,0.0025177002,0.0007019043,9.859478180408187,0.003555821742892383,99.51082611083984,-9.735705375671387,4.757365703582764,143659996.0,50354.0,0.0842190162175,-0.010610242402000054,0.05501602326080526,0.004237901354205434,-0.0005284453120221169,0.0027490365495380573,143.6599965118803
1631,E,1551405274686599.0,1.6454926,9.574692,1.0331214136732982,163,1970-01-18 22:56:45.274686599,0.005264282,0.005554199,0.0014648438,9.845130600068241,0.00779150555833232,99.50972747802734,-9.732967376708984,4.757853984832764,143710350.0,50354.0,0.08357284347709999,-0.010914506447000028,0.053138196715805254,0.004224495651530944,-0.0005419286017712751,0.002722998796351123,143.7103505160194
1631,E,1551405325040602.0,1.6608582,9.566589,1.0075325136732982,163,1970-01-18 22:56:45.325040602,0.0019378662,0.0008239746,0.0025482178,9.844012665955367,0.003305703178868974,99.512451171875,-9.732606887817383,4.7574286460876465,143760704.0,50354.0,0.08324399409160001,-0.01154916826300001,0.05137754392880527,0.00419994751946716,-0.000565567938173671,0.0026313928022093595,143.76070451899432
1631,E,1551405375394606.0,1.6576385,9.588806,1.055841813673298,163,1970-01-18 22:56:45.375394606,0.0016479492,0.0035095215,0.0016021729,9.857242259010066,0.0041951681404012045,99.50750732421875,-9.731429100036621,4.758437633514404,143811058.0,50354.0,0.08354979141590001,-0.011193820085000026,0.05194957543960527,0.004199367137722328,-0.000572600217637597,0.002601466884338472,143.81105852290057
1631,E,1551405425748610.0,1.6757507,9.566986,0.9642890136732982,163,1970-01-18 22:56:45.425748610,0.00061035156,0.005706787,0.0066833496,9.85413147392679,0.008809489699521965,99.51646423339844,-9.733302116394043,4.757151126861572,143861412.0,50354.0,0.0839247398884,-0.011183824816000039,0.050860833840105264,0.004216506274648361,-0.0005634019656724787,0.002588457674435272,143.86141252703965
1631,E,1551405476102614.0,1.6487274,9.656204,1.0415138136732982,163,1970-01-18 22:56:45.476102614,-0.00045776367,0.0037231445,0.0017089844,9.923613207934537,0.004122132970307421,99.51177978515625,-9.729175567626953,4.758106231689453,143911766.0,50354.0,0.08370038512370001,-0.00948694537000002,0.05050009778410527,0.004220297772429642,-0.0005204279809729235,0.0025519641755027485,143.9117665309459
1631,E,1551405526456618.0,1.6525574,9.582062,1.0113472136732982,163,1970-01-18 22:56:45.526456618,-0.0046844482,-0.008895874,0.0015411377,9.857028882978431,0.01017131921496521,99.51326751708984,-9.727232933044434,4.7573699951171875,143962120.0,50354.0,0.08311644740960002,-0.009107376918000006,0.05168488208550526,0.004199947392690895,-0.0004681492522449767,0.0025727112381771847,143.96212053485215
1631,E,1551405576810622.0,1.6596985,9.561584,1.0012458136732982,163,1970-01-18 22:56:45.576810622,0.0036621094,-0.0038909912,0.0015411377,9.839990580809244,0.005561111686201518,99.5170669555664,-9.72685718536377,4.756556510925293,144012474.0,50354.0,0.0833926667943,-0.011489624658000026,0.05067105464950526,0.004192199968311591,-0.0005185707086789529,0.00257701541917736,144.01247453899123
1631,E,1551405627164626.0,1.6762085,9.6175995,1.0034584136732982,163,1970-01-18 22:56:45.627164626,-0.0004272461,-0.0027770996,-0.0005493164,9.896849366254527,0.0028629652330397467,99.51885223388672,-9.727412223815918,4.756120204925537,144062828.0,50354.0,0.08398813053899999,-0.01059489702050002,0.05047243833190526,0.004214146334460494,-0.0005560220022995957,0.002546489722792973,144.06282854289748
1631,E,1551405677518630.0,1.7166138,9.554398,1.0345710136732982,163,1970-01-18 22:56:45.677518630,-0.0036773682,-0.0069885254,0.0047454834,9.837321053943281,0.009213150212847502,99.51750946044922,-9.735642433166504,4.75593900680542,144113182.0,50354.0,0.0854210870471,-0.010775818942499996,0.05131146689230526,0.00426521587116524,-0.0005380505158004515,0.0025626133818299483,144.11318254703656
1631,E,1551405727872634.0,1.6438446,9.603821,1.0649818136732982,163,1970-01-18 22:56:45.727872634,0.0016021729,0.0015563965,0.002609253,9.868090141924817,0.0034347531621232493,99.5107650756836,-9.732124328613281,4.757147312164307,144163536.0,50354.0,0.0846062611368,-0.011122720237000018,0.05286044153410527,0.004280778545226051,-0.0005513395209222719,0.002622736138451738,144.1635365509428
1631,E,1551405778226638.0,1.704895,9.573212,1.029688213673298,163,1970-01-18 22:56:45.778226638,-0.0015563965,0.004714966,0.0026245117,9.854351466306102,0.005616167386198985,99.50985717773438,-9.738059997558594,4.757493019104004,144213890.0,50354.0,0.0843112169092,-0.010649040159000043,0.052737507278505256,0.004252835344764142,-0.0005481476114900935,0.0026586395572550953,144.2138905550819
1631,E,1551405828580642.0,1.6342468,9.563782,1.0322059136732982,163,1970-01-18 22:56:45.828580642,0.00061035156,-0.002670288,0.0046844482,9.832793798556292,0.005426511030876255,99.50904846191406,-9.733999252319336,4.757472991943359,144264244.0,50354.0,0.08406957309860001,-0.011657102062000047,0.05191230844420525,0.004239323150026381,-0.0005616017426981193,0.0026347684104506826,144.26424455898814
1631,E,1551405878934645.0,1.6968994,9.570633,1.045053813673298,163,1970-01-18 22:56:45.878934645,0.0036773682,0.0054779053,-0.0025482178,9.84798374667035,0.007072757405027842,99.50625610351562,-9.738619804382324,4.7582597732543945,144314598.0,50354.0,0.08386826787740001,-0.01172203354500002,0.05229916815540525,0.004228171022252753,-0.0005886164971774407,0.0026237323463483937,144.31459856196307
1631,E,1551405929288649.0,1.6664429,9.565598,1.0056861136732982,163,1970-01-18 22:56:45.929288649,0.00048828125,-0.0036315918,0.0027313232,9.844297613266788,0.004570230191553489,99.50933837890625,-9.738910675048828,4.757546424865723,144364952.0,50354.0,0.08467886908710001,-0.011676312113000025,0.05163147915080525,0.004243511267355217,-0.0005891001486314671,0.002616661907228462,144.36495256586932
1631,E,1551405979642653.0,1.6476135,9.633453,0.9997505136732983,163,1970-01-18 22:56:45.979642653,-0.0026245117,0.0032806396,0.006591797,9.908069521125368,0.007816805328120565,99.51132202148438,-9.735095024108887,4.757294178009033,144415306.0,50354.0,0.08343799798280001,-0.010094692973000061,0.05049087796670526,0.004232678362218873,-0.0005481285950502242,0.0025711345851475624,144.4153065700084
1631,E,1551406029996657.0,1.6406555,9.595154,1.0231422136732982,163,1970-01-18 22:56:46.029996657,-0.0025939941,-0.0057373047,-0.00022888184,9.865844564461701,0.006300623580897266,99.5108413696289,-9.730971336364746,4.757072448730469,144465660.0,50354.0,0.08278874861300001,-0.009350561561000031,0.05093037019640526,0.004185090799042457,-0.0004895731734025204,0.0025534827650026334,144.46566057391465
1631,E,1551406080350661.0,1.6387329,9.656128,0.9842475136732982,163,1970-01-18 22:56:46.080350661,-0.0017242432,-0.0007324219,0.0074768066,9.931202329003114,0.007707924064633058,99.51457214355469,-9.725505828857422,4.756335258483887,144516014.0,50354.0,0.08256516174680001,-0.008779673085999997,0.050540051165405254,0.004163115401128685,-0.00045646491770751974,0.0025547207986263035,144.51601457805373
1631,E,1551406130704665.0,1.6471558,9.562927,1.0246528136732982,163,1970-01-18 22:56:46.130704665,-0.0045166016,-0.002746582,-0.0012207031,9.835344751662621,0.005425266698900264,99.51446533203125,-9.723305702209473,4.75618839263916,144566368.0,50354.0,0.0827288197999,-0.009591052265000014,0.050578083541605263,0.004161606573401266,-0.00046251975216212734,0.002545851277518404,144.56636858195998
1631,E,1551406181058669.0,1.6715851,9.625153,1.0258277136732983,163,1970-01-18 22:56:46.181058669,-0.000869751,-0.0022277832,0.0058898926,9.899763217910165,0.006356911170351368,99.51289367675781,-9.723522186279297,4.756293296813965,144616722.0,50354.0,0.0835559396393,-0.010370909840000053,0.05162494823700526,0.004186551388400739,-0.0005025823199175867,0.0025731657310900775,144.61672258586623
1631,E,1551406231412673.0,1.6377258,9.58577,1.0978187136732982,163,1970-01-18 22:56:46.231412673,-0.005645752,0.004135132,0.006591797,9.844346058632368,0.009613824420704645,99.50151824951172,-9.720209121704102,4.758312702178955,144667076.0,50354.0,0.0833185205293,-0.009795791629000053,0.05346704610130526,0.004201398283664843,-0.0005077370428850157,0.002645901141455644,144.6670765900053
1631,E,1551406281766677.0,1.6359711,9.5720215,1.0668129136732982,163,1970-01-18 22:56:46.281766677,-0.0036010742,-0.0012664795,0.0033721924,9.835541460010734,0.005093465156496475,99.49543762207031,-9.716729164123535,4.759222507476807,144717430.0,50354.0,0.0824218668513,-0.011133483404500034,0.05449893048170526,0.004172845733081366,-0.0005269363575184317,0.002718259392430456,144.71743059391156
1631,E,1551406332120681.0,1.682663,9.598068,1.0771125136732982,163,1970-01-18 22:56:46.332120681,-0.0025177002,0.0015563965,0.0008239746,9.867121463307443,0.0030724775839275783,99.48738861083984,-9.719335556030273,4.760623931884766,144767784.0,50354.0,0.0835532507357,-0.010823856658500048,0.053977610484305265,0.0041787555354879,-0.0005528199507661532,0.0027311138719012472,144.76778459805064
1631,E,1551406382474684.0,1.7142792,9.554092,1.058206913673298,163,1970-01-18 22:56:46.382474684,-0.001449585,-0.005859375,0.0036773682,9.832815175348049,0.007067998934721286,99.48351287841797,-9.727499008178711,4.76095724105835,144818138.0,50354.0,0.0855248137694,-0.011275267680000029,0.05376093722230526,0.004256878430044903,-0.0005563896534704165,0.0027125334156093335,144.81813860102557
1631,E,1551406432828688.0,1.71344,9.608276,1.0777992136732981,163,1970-01-18 22:56:46.432828688,-0.0009460449,0.003768921,0.0033416748,9.882233372250235,0.0051250909188044706,99.47549438476562,-9.734127044677734,4.762456893920898,144868492.0,50354.0,0.08629968629840001,-0.011018260864000018,0.05377822626820526,0.004326025438207001,-0.0005612841681522892,0.0027075135192005835,144.86849260493182
1631,E,1551406483182692.0,1.7222595,9.5824585,1.0708717136732981,163,1970-01-18 22:56:46.483182692,-0.0038146973,0.0047302246,0.0010223389,9.859762134803582,0.006162151984779802,99.46914672851562,-9.74236011505127,4.763718605041504,144918846.0,50354.0,0.08650060631150001,-0.010304077493500046,0.05409708793780525,0.004350592967039453,-0.0005368325128267791,0.002715976785764727,144.9188466090709
1631,E,1551406533536696.0,1.708313,9.590088,1.0031074136732983,163,1970-01-18 22:56:46.533536696,0.0025787354,0.004196167,0.0043640137,9.875676895004954,0.0065804490218289696,99.47296142578125,-9.74808120727539,4.7632646560668945,144969200.0,50354.0,0.0863715238325,-0.010761996769500055,0.05221657248920526,0.004352401620635489,-0.0005303805517195536,0.0026766590285708437,144.96920061297715
1631,E,1551406583890700.0,1.6982269,9.640396,1.0615943136732982,163,1970-01-18 22:56:46.583890700,0.0014801025,0.0001373291,0.0015411377,9.913395583194085,0.0021411838086848943,99.46695709228516,-9.751053810119629,4.76428747177124,145019554.0,50354.0,0.08576645506230002,-0.009303304332000021,0.05198299538940527,0.004333917894634381,-0.0005051840858324674,0.0026234325204797775,145.0195546168834
1631,E,1551406634244704.0,1.6944885,9.540237,1.028314913673298,163,1970-01-18 22:56:46.634244704,0.0010223389,-0.00032043457,0.0015411377,9.820743020261485,0.0018769551274512625,99.46833801269531,-9.755742073059082,4.764034748077393,145069908.0,50354.0,0.0854183956258,-0.01055840295900003,0.052617644616905254,0.004309920985774295,-0.0005000582044655083,0.0026335303134388806,145.06990862102248
1631,E,1551406684598708.0,1.6572876,9.595657,1.055841813673298,163,1970-01-18 22:56:46.684598708,0.0032196045,0.007171631,0.0009918213,9.863847854729833,0.007923500099559218,99.4643783569336,-9.753769874572754,4.765074253082275,145120262.0,50354.0,0.08438766686970002,-0.011684796762000071,0.05247281392440526,0.004275207235449204,-0.0005600170393756196,0.002645862474694575,145.12026262492873
1631,E,1551406734952712.0,1.6504974,9.570526,1.0804847136732982,163,1970-01-18 22:56:46.734952712,0.0009460449,0.0029144287,-0.0012817383,9.834352128060278,0.003321407633803263,99.45743560791016,-9.751431465148926,4.766409397125244,145170616.0,50354.0,0.083280102945,-0.010922210609000076,0.05378629297900525,0.004221371440624702,-0.0005691766245796707,0.0026752855345071663,145.1706166290678
1631,E,1551406785306716.0,1.6740875,9.544113,1.0329383136732981,163,1970-01-18 22:56:46.785306716,0.0027160645,-0.00061035156,0.00047302246,9.82025813309642,0.0028237006999005995,99.4583740234375,-9.753046035766602,4.766241550445557,145220970.0,50354.0,0.0837030740273,-0.012219933897000072,0.05320965155950525,0.0042041354466315975,-0.0005826497722275657,0.002693836895646079,145.22097063297406
1631,E,1551406835660720.0,1.6744995,9.577362,1.0224861136732981,163,1970-01-18 22:56:46.835660720,0.0023345947,-0.0004272461,0.00010681152,9.85434301398069,0.0023757694214797047,99.45995330810547,-9.753807067871094,4.765967845916748,145271324.0,50354.0,0.084307374899,-0.01204782392500003,0.051749420807305255,0.004229999072617455,-0.0006109893386844966,0.0026425545649791885,145.2713246368803
1631,E,1551406886014724.0,1.6711731,9.559982,1.0905097136732982,163,1970-01-18 22:56:46.886014724,0.0012207031,1.5258789e-05,-0.0010070801,9.826012248148462,0.001582579924303151,99.45195770263672,-9.754722595214844,4.767343521118164,145321678.0,50354.0,0.08423399905020001,-0.011648290112000022,0.05319889594510526,0.004243366171919009,-0.0005965970631095504,0.0026422837708754395,145.3216786410194
1631,E,1551406936368727.0,1.6488342,9.589386,1.0410102136732982,163,1970-01-18 22:56:46.936368727,0.0031280518,-0.0008239746,0.0017700195,9.85870669992712,0.0036873583003701514,99.45077514648438,-9.751629829406738,4.767516136169434,145372032.0,50354.0,0.08358782379210002,-0.01134556186400006,0.05366527721080526,0.004225250033700588,-0.0005789162111997541,0.0026905192875463593,145.37203264399432
1631,E,1551406986722731.0,1.6492157,9.573441,1.0121559136732983,163,1970-01-18 22:56:46.986722731,0.000579834,0.00032043457,0.0023956299,9.847955668867542,0.002485543883937899,99.45407104492188,-9.74897575378418,4.7669596672058105,145422386.0,50354.0,0.0830350023323,-0.011006704621000035,0.05169256358820526,0.00419506289333402,-0.0005627630132928474,0.002652594357796688,145.42238664790057
1631,E,1551407037076735.0,1.6755066,9.562271,1.0272926136732983,163,1970-01-18 22:56:47.037076735,0.0009918213,-0.0051116943,0.0007019043,9.839065065245975,0.0052541219774710855,99.45541381835938,-9.750362396240234,4.766485214233398,145472740.0,50354.0,0.08370653334710002,-0.011689378975999996,0.051347195573005266,0.004198051643800255,-0.0005714192967216698,0.0025942320164017976,145.47274065203965
1631,E,1551407087430739.0,1.6823883,9.582352,1.0603737136732982,163,1970-01-18 22:56:47.087430739,0.001953125,0.005859375,-0.0022277832,9.854436992542034,0.006565819875876297,99.45137786865234,-9.752291679382324,4.767488479614258,145523094.0,50354.0,0.0845417198973,-0.01146502672900001,0.05256117512360527,0.00423598627193426,-0.0005829584724347852,0.0026161010490285633,145.5230946559459
1631,E,1551407137784743.0,1.6533661,9.5737915,1.0361427136732981,163,1970-01-18 22:56:47.137784743,0.00050354004,0.0028381348,0.0004119873,9.8450849509683,0.002911751234260154,99.45113372802734,-9.750226974487305,4.767669200897217,145573448.0,50354.0,0.08398428852880001,-0.01117497510050002,0.05278399409130526,0.00424297931414392,-0.0005700073260613223,0.0026522753253238026,145.57344865985215
1631,E,1551407188138747.0,1.6461029,9.583389,1.0172218136732982,163,1970-01-18 22:56:47.188138747,0.0029754639,0.004196167,0.002609253,9.85627707230073,0.005767963603396021,99.45352935791016,-9.746986389160156,4.767471790313721,145623802.0,50354.0,0.08307073101300001,-0.011148866551500016,0.05169755870500526,0.0042059442270039,-0.0005620473612724049,0.0026305320547527103,145.62380266399123
1631,E,1551407238492751.0,1.634079,9.589569,1.0277198136732981,163,1970-01-18 22:56:47.238492751,0.00030517578,0.0049743652,0.00050354004,9.858576594985971,0.005009091132286659,99.45404815673828,-9.741900444030762,4.767624855041504,145674156.0,50354.0,0.0825851396963,-0.01075163643400005,0.05148549535170527,0.0041707178568480465,-0.0005513889636659352,0.002597839751985801,145.67415666789748
1631,E,1551407288846755.0,1.6132965,9.548172,1.011927013673298,163,1970-01-18 22:56:47.288846755,0.00093078613,0.0034484863,0.0025482178,9.817464023809363,0.004387691253646376,99.45790100097656,-9.734964370727539,4.767127513885498,145724510.0,50354.0,0.08175917296350001,-0.011638294843000078,0.05135218817210525,0.004137696759835785,-0.0005637112997610322,0.0025891443580789773,145.72451067203656
1631,E,1551407339200759.0,1.6251831,9.570862,1.0492652136732983,163,1970-01-18 22:56:47.339200759,0.003112793,0.0023345947,0.0002746582,9.835425926781813,0.0039006729933364487,99.4557876586914,-9.729398727416992,4.767621994018555,145774864.0,50354.0,0.0815352008892,-0.012109280982000056,0.051894636707905256,0.004111262450489429,-0.0005978927165460284,0.0025994453100040243,145.7748646759428
1631,E,1551407389554763.0,1.6649017,9.57222,1.0477088136732982,163,1970-01-18 22:56:47.389554763,-0.0012664795,-0.0058135986,0.003829956,9.843637249949477,0.00707604847127111,99.45376586914062,-9.729743957519531,4.767638206481934,145825218.0,50354.0,0.0828344650096,-0.011503824486000043,0.05279551508650526,0.004138335078334087,-0.0005945071563678386,0.0026357839517278736,145.8252186800819
1631,E,1551407439908767.0,1.6522217,9.578369,0.9998573136732982,163,1970-01-18 22:56:47.439908767,-0.00048828125,-0.0021362305,0.0059661865,9.855274532505366,0.006355885515096544,99.45862579345703,-9.728055953979492,4.766660213470459,145875572.0,50354.0,0.0835152158418,-0.011314820747000034,0.051551572388205257,0.004188185914795698,-0.0005745050310312429,0.002627146621350787,145.87557268398814
1631,E,1551407490262770.0,1.639801,9.578949,1.0291084136732982,163,1970-01-18 22:56:47.490262770,0.00012207031,-0.0024719238,0.0043029785,9.848972183901836,0.004963963376683211,99.45914459228516,-9.724649429321289,4.766422271728516,145925926.0,50354.0,0.0828832555179,-0.011145404714000034,0.051083270117405266,0.004189414313423167,-0.0005654810964315988,0.0025840374297637567,145.92592668696307
1631,E,1551407540616774.0,1.6543427,9.581604,1.0421547136732983,163,1970-01-18 22:56:47.540616774,0.0016479492,-0.0061035156,0.005508423,9.851876621776194,0.008385187129226932,99.457763671875,-9.723429679870605,4.766324996948242,145976280.0,50354.0,0.08293665593490002,-0.011063957119000033,0.05214819175720526,0.004174847910647146,-0.0005591651028694428,0.002599058515617069,145.97628069086932
1631,E,1551407590970778.0,1.6630554,9.616592,1.0277809136732983,163,1970-01-18 22:56:47.590970778,0.0010223389,-0.004135132,0.005065918,9.889685742235747,0.006618762623527241,99.4576416015625,-9.722582817077637,4.766115665435791,146026634.0,50354.0,0.08352213196370001,-0.010116219308000007,0.052114769289705265,0.004190932902923053,-0.0005332533019025801,0.0026250285702780663,146.0266346950084
1631,E,1551407641324782.0,1.6883698,9.602615,1.039835313673298,163,1970-01-18 22:56:47.641324782,-0.00016784668,-0.0013275146,0.005493164,9.87844411127378,0.005653787956060625,99.45601654052734,-9.72580337524414,4.766279697418213,146076988.0,50354.0,0.08437883226040001,-0.009587225361000016,0.05205637375590526,0.004227242576270166,-0.0004960736264314136,0.0026227168684593363,146.07698869891465
1631,E,1551407691678786.0,1.6621857,9.602371,1.0233863136732981,163,1970-01-18 22:56:47.691678786,-0.0014953613,0.0040893555,0.00440979,9.876424698137086,0.006197191433788208,99.45671844482422,-9.725131034851074,4.766313076019287,146127342.0,50354.0,0.08435693582350001,-0.00994526747800004,0.05194573091170526,0.004248260433048351,-0.0004917695722075044,0.00261846098921643,146.12734270305373
1631,E,1551407742032790.0,1.6232147,9.590561,1.0438484136732982,163,1970-01-18 22:56:47.742032790,-0.0030059814,0.00044250488,0.0043945313,9.855141023843503,0.005342624831732944,99.45462799072266,-9.719228744506836,4.766620635986328,146177696.0,50354.0,0.0827165258708,-0.010248751036000061,0.05204676873040526,0.004206408545077392,-0.0005084248041269805,0.0026182191634894166,146.17769670695998
1631,E,1551407792386794.0,1.655838,9.630096,1.0810646136732982,163,1970-01-18 22:56:47.792386794,0.0005340576,0.0021820068,0.0058135986,9.893135294791273,0.006232519544877975,99.44644927978516,-9.717432975769043,4.768064498901367,146228050.0,50354.0,0.0825567098279,-0.009550718711000055,0.05349893528950526,0.004161084255186171,-0.0004984912498202219,0.0026573241901092872,146.22805071086623
1631,E,1551407842740798.0,1.6656799,9.593536,1.0498909136732981,163,1970-01-18 22:56:47.842740798,-0.002960205,-0.00015258789,0.0061950684,9.864148755726054,0.006867675675720149,99.44373321533203,-9.717846870422363,4.768445014953613,146278404.0,50354.0,0.0836258561683,-0.00947581713600003,0.05365106731200526,0.004183978464086328,-0.0004790310930199212,0.0026977156154982303,146.2784047150053
1631,E,1551407893094802.0,1.6600952,9.578003,1.015314413673298,163,1970-01-18 22:56:47.893094802,-0.0008087158,0.0054779053,0.006134033,9.853700062410796,0.008263644992739386,99.44650268554688,-9.717724800109863,4.768183708190918,146328758.0,50354.0,0.0837330396927,-0.010787362597000012,0.05199567452660526,0.004213594921092397,-0.0005101660761377421,0.002659868019270697,146.32875871891156
1631,E,1551407943448806.0,1.6458893,9.571091,1.0159858136732982,163,1970-01-18 22:56:47.943448806,0.00018310547,0.004928589,0.0043640137,9.844486608599754,0.0065855244831260484,99.44935607910156,-9.71564769744873,4.767909049987793,146379112.0,50354.0,0.0832347717565,-0.011352460362000041,0.05114204582390527,0.004203748588856509,-0.0005574143226387444,0.0025966983852648037,146.37911272305064
1631,E,1551407993802809.0,1.6804199,9.588959,1.033884413673298,163,1970-01-18 22:56:47.993802809,-0.00048828125,0.0027008057,0.0048675537,9.864772475935645,0.005588009397865911,99.44908142089844,-9.718214988708496,4.7680439949035645,146429466.0,50354.0,0.0837464867284,-0.01107662115000008,0.051609582713905255,0.004204087144874327,-0.0005646969852276271,0.002586977751696456,146.42946672602557
1631,E,1551408044156813.0,1.6642609,9.614014,0.9978431136732981,163,1970-01-18 22:56:48.044156813,-0.0012969971,0.0031280518,0.006088257,9.89227173138067,0.006966619182856248,99.45340728759766,-9.71772575378418,4.767409801483154,146479820.0,50354.0,0.0842090285016,-0.009995948779000079,0.05115280395600526,0.004228616006945711,-0.0005305440931024371,0.0025872486091883373,146.47982072993182
1631,E,1551408094510817.0,1.6731567,9.574417,1.0308479136732982,163,1970-01-18 22:56:48.094510817,-0.0014343262,4.5776367e-05,0.0047454834,9.84989319183744,0.004957721232931287,99.45378875732422,-9.719517707824707,4.767294883728027,146530174.0,50354.0,0.08402616291520001,-0.010362072713000048,0.05107635399550526,0.0042356574143007746,-0.0005125539071040872,0.002573823509745181,146.5301747340709
1631,E,1551408144864821.0,1.6955109,9.591278,1.0341896136732982,163,1970-01-18 22:56:48.144864821,0.00016784668,-0.0010223389,0.0051574707,9.869558656603528,0.005260499344719921,99.453369140625,-9.724075317382812,4.767276763916016,146580528.0,50354.0,0.08481294416520001,-0.010934496985000005,0.05199144982600526,0.0042508621989632315,-0.0005361837352865474,0.00259493809681417,146.58052873797715
1631,E,1551408195218825.0,1.6964569,9.585205,1.014429413673298,163,1970-01-18 22:56:48.195218825,-0.00091552734,-0.0008392334,0.0054016113,9.867032170128518,0.005542554252891958,99.45590209960938,-9.72873592376709,4.766753196716309,146630882.0,50354.0,0.0853995733006,-0.01066288750900001,0.051578081251505266,0.004285440552236447,-0.0005437573494054385,0.0026075700839384825,146.6308827418834
1631,E,1551408245572829.0,1.6988678,9.5798645,1.011331913673298,163,1970-01-18 22:56:48.245572829,-0.0006866455,-0.000869751,0.0051879883,9.862766619128749,0.005305013802584131,99.458984375,-9.733733177185059,4.766142845153809,146681236.0,50354.0,0.0854840899719,-0.010950245198500049,0.051002592938605255,0.004302337990211733,-0.000544153842176729,0.0025826736340844128,146.68123674602248
1631,E,1551408295926833.0,1.7051849,9.6124115,1.021341713673298,163,1970-01-18 22:56:48.295926833,0.000579834,-0.0005493164,0.0031738281,9.893839072952636,0.0032727879221261147,99.45978546142578,-9.738652229309082,4.765958786010742,146731590.0,50354.0,0.0857038348279,-0.010265267148000044,0.05117662391570525,0.004309998382684564,-0.0005341429543478328,0.002572566142740976,146.73159074992873
1631,E,1551408346280837.0,1.7033691,9.582382,1.0417579136732982,163,1970-01-18 22:56:48.346280837,0.000579834,-0.00048828125,0.001159668,9.861047505395382,0.0013854443030600553,99.4583511352539,-9.743914604187012,4.766175270080566,146781944.0,50354.0,0.085817164058,-0.010201884050500007,0.05194265931770526,0.004318384188950305,-0.0005153014657246358,0.0025962341939675766,146.7819447540678
1631,E,1551408396634841.0,1.6847687,9.599182,1.0617774136732983,163,1970-01-18 22:56:48.396634841,0.0019073486,-0.000869751,0.0045776367,9.870986239393883,0.005034799225501436,99.45369720458984,-9.746219635009766,4.766899585723877,146832298.0,50354.0,0.08530314539060001,-0.010534963171999995,0.05296070893660526,0.004308296030987403,-0.0005220916025208825,0.002641152102538776,146.83229875797406
1631,E,1551408446988845.0,1.6703644,9.614227,1.0937141136732982,163,1970-01-18 22:56:48.446988845,0.0010375977,0.0024414063,0.003540039,9.878161518705824,0.0044236805750693595,99.444091796875,-9.746146202087402,4.768624305725098,146882652.0,50354.0,0.0844721860587,-0.009733201607000027,0.054268810184005256,0.004274433519899027,-0.0005102915846408836,0.0026997176028996112,146.8826527618803
1631,E,1551408497342849.0,1.6849365,9.573029,1.079142013673298,163,1970-01-18 22:56:48.497342849,-0.00077819824,0.0012359619,0.0023345947,9.842836249385241,0.0027538203885255114,99.43773651123047,-9.749037742614746,4.769735336303711,146933006.0,50354.0,0.0844764107593,-0.010391655688000045,0.05470599871820526,0.0042536188220867865,-0.0005066835321162168,0.0027436587637309543,146.9330067660194
1631,E,1551408547696852.0,1.7071686,9.580917,1.0696968136732983,163,1970-01-18 22:56:48.547696852,0.001159668,0.0036621094,0.002380371,9.855824501643005,0.004519075262200594,99.43280792236328,-9.754830360412598,4.770740509033203,146983360.0,50354.0,0.0854030301027,-0.01123030155800005,0.05410131515610526,0.004277054682582574,-0.0005443760175825444,0.002739441741413516,146.98336076899432
1631,E,1551408598050856.0,1.7064667,9.56488,1.0520729136732982,163,1970-01-18 22:56:48.598050856,0.0015411377,0.0017242432,-0.00010681152,9.842920464297451,0.0023150655981877145,99.43096160888672,-9.7605619430542,4.771146774291992,147033714.0,50354.0,0.08594509594810001,-0.011435468931000038,0.05341979642540527,0.004314031769580992,-0.0005706561036015553,0.002707059026287691,147.03371477290057
1631,E,1551408648404860.0,1.7147064,9.56842,1.0633338136732982,163,1970-01-18 22:56:48.648404860,0.0022125244,0.0028533936,0.0019683838,9.84599586350365,0.004112378149102871,99.42750549316406,-9.76740550994873,4.77187967300415,147084068.0,50354.0,0.0861348751387,-0.011750105900000031,0.05325959517440526,0.004332457432052364,-0.0005837432175200887,0.00268586704230843,147.08406877703965
1631,E,1551408698758864.0,1.6869049,9.603592,1.052500113673298,163,1970-01-18 22:56:48.698758864,0.002670288,0.003250122,0.004714966,9.877115279848514,0.0063185944164018,99.42485046386719,-9.769319534301758,4.772468090057373,147134422.0,50354.0,0.0856423677001,-0.010775453876000023,0.05327035078880526,0.004324835642952468,-0.0005671260184803535,0.0026821044495157517,147.1344227809459
1631,E,1551408749112868.0,1.6633148,9.595062,1.0393165136732982,163,1970-01-18 22:56:48.749112868,9.1552734e-05,-9.1552734e-05,0.002670288,9.866931128115716,0.0026734251081991707,99.42432403564453,-9.767845153808594,4.772536754608154,147184776.0,50354.0,0.08434848138690001,-0.010104688242000006,0.052665667226705265,0.0042798596074633995,-0.0005256993381048868,0.002667151125576509,147.18477678485215
1631,E,1551408799466872.0,1.6728821,9.56134,0.9951881136732981,163,1970-01-18 22:56:48.799466872,0.0005645752,-0.002746582,0.0031433105,9.842988964014934,0.004212227289521459,99.43106079101562,-9.768413543701172,4.771236896514893,147235130.0,50354.0,0.0839954293513,-0.011168466846000038,0.05122272300270525,0.004238394640655662,-0.0005355942256505771,0.0026155980008058686,147.23513078899123
1631,E,1551408849820876.0,1.6933289,9.562637,1.0065712136732983,163,1970-01-18 22:56:48.849820876,0.002670288,0.0005493164,0.0036315918,9.845862900604521,0.00454099609249779,99.43603515625,-9.771967887878418,4.770413398742676,147285484.0,50354.0,0.084751094347,-0.011984831071000037,0.050398294584605256,0.0042485312271521,-0.000582930581656311,0.002558512359795717,147.28548479289748
1631,E,1551408900174880.0,1.695343,9.561203,1.0173133136732981,163,1970-01-18 22:56:48.900174880,-0.0015869141,0.002532959,0.0010223389,9.843053090401076,0.0031590116307023976,99.4391098022461,-9.775691032409668,4.769992351531982,147335838.0,50354.0,0.0853165924263,-0.011988280320000004,0.05095534074500526,0.004281794149891375,-0.0006035710254912081,0.0025517804766936043,147.33583879703656
1631,E,1551408950528884.0,1.7052612,9.560226,1.0253852136732982,163,1970-01-18 22:56:48.950528884,0.001159668,0.0010070801,0.0010070801,9.842499680614864,0.0018366410988149046,99.44112396240234,-9.780784606933594,4.769702434539795,147386192.0,50354.0,0.0856170119434,-0.012048982067000015,0.05142902082300526,0.004303595357215938,-0.0006051861551174995,0.002577731071197801,147.3861928009428
1631,E,1551409000882888.0,1.697113,9.594147,1.0298713136732982,163,1970-01-18 22:56:49.000882888,0.0009765625,-0.0007324219,0.0032196045,9.87332019739924,0.0034432498155704755,99.44160461425781,-9.783858299255371,4.769567489624023,147436546.0,50354.0,0.08566157523340001,-0.011219550979000046,0.05174519358900526,0.0043122809893502935,-0.0005858318564991435,0.002597617196251189,147.4365468050819
1631,E,1551409051236892.0,1.6767731,9.57872,1.000177713673298,163,1970-01-18 22:56:49.051236892,-0.0025787354,-0.004333496,0.005264282,9.859708332568445,0.007289837365864424,99.44662475585938,-9.78427505493164,4.768439292907715,147486900.0,50354.0,0.0849443303397,-0.010753927541000035,0.05111054436150525,0.004295344884613939,-0.0005532262686980421,0.002589598914380003,147.48690080898814
1631,E,1551409101590895.0,1.7151337,9.568787,1.0437263136732982,163,1970-01-18 22:56:49.101590895,-0.0004272461,-0.0004272461,0.0024871826,9.849562097507658,0.0025595225620558965,99.44550323486328,-9.79049301147461,4.768585681915283,147537254.0,50354.0,0.0853980375036,-0.011392416261000012,0.05145937169650526,0.004288709795190765,-0.0005575784979029553,0.002582402776592531,147.53725481196307
1631,E,1551409151944899.0,1.6995544,9.561539,1.058069613673298,163,1970-01-18 22:56:49.151944899,-0.000579834,-0.000289917,0.0016326904,9.837518563850296,0.0017566836017613302,99.44247436523438,-9.79452133178711,4.769068241119385,147587608.0,50354.0,0.08597160229370002,-0.011824982298000032,0.05291691606280525,0.004314573421176623,-0.0005845444435199442,0.002627881796916161,147.58760881586932
1631,E,1551409202298903.0,1.6780548,9.576172,1.0349677136732982,163,1970-01-18 22:56:49.202298903,-0.0009765625,-0.0009765625,0.0032043457,9.851765085914455,0.00348929505744656,99.4425048828125,-9.794981956481934,4.768977642059326,147637962.0,50354.0,0.08503806682840001,-0.01163905015300005,0.05269640079060526,0.004305510439487113,-0.0005907539450188291,0.0026590264784183163,147.6379628200084
1631,E,1551409252652907.0,1.7179565,9.581726,1.0814003136732981,163,1970-01-18 22:56:49.252652907,-0.0023345947,0.0010681152,0.0043029785,9.856641748662868,0.005010671258943394,99.43559265136719,-9.801273345947266,4.770153522491455,147688316.0,50354.0,0.08550137650010001,-0.011130802054000051,0.053283797824505263,0.004293671564681645,-0.0005732765690156416,0.0026682634605326378,147.68831682391465
1631,E,1551409303006911.0,1.705246,9.566849,1.044290913673298,163,1970-01-18 22:56:49.303006911,-0.00061035156,0.0033721924,0.005996704,9.845871221543009,0.0069068566999054065,99.43467712402344,-9.805904388427734,4.770421504974365,147738670.0,50354.0,0.08618596934250002,-0.011365527225000055,0.05351852803090526,0.004322572306279141,-0.0005663900822573857,0.002688962158061671,147.73867082805373
1631,E,1551409353360915.0,1.6910095,9.586227,1.0297340136732982,163,1970-01-18 22:56:49.353360915,-0.0014953613,0.0022125244,0.0043792725,9.864598454475951,0.005129268687385103,99.43538665771484,-9.807753562927246,4.770359039306641,147789024.0,50354.0,0.08550752472350001,-0.01125220554800007,0.052217725595805266,0.004322727100099683,-0.0005694466580258242,0.002662121657559691,147.78902483195998
1631,E,1551409403714919.0,1.7159882,9.577545,1.0485023136732983,163,1970-01-18 22:56:49.403714919,-0.002456665,0.0016937256,0.002609253,9.857452868518834,0.003963850469976051,99.43350219726562,-9.813329696655273,4.770719051361084,147839378.0,50354.0,0.0857779810929,-0.010982912356000041,0.05232375601360526,0.004312455179939503,-0.0005598135634690108,0.002632040882480129,147.83937883586623
1631,E,1551409454068923.0,1.7065125,9.601364,1.052744213673298,163,1970-01-18 22:56:49.454068923,0.0009460449,0.0007019043,0.004501343,9.878278452813147,0.004652930195352548,99.43067932128906,-9.816924095153809,4.771207332611084,147889732.0,50354.0,0.0861683001239,-0.010601808107000014,0.052903083819005256,0.004329091522195374,-0.0005434385070969525,0.0026492961464656354,147.8897328400053
1631,E,1551409504422927.0,1.7048798,9.585587,1.0592140136732981,163,1970-01-18 22:56:49.504422927,-0.0010986328,0.00065612793,0.0020141602,9.861630655552617,0.002386281458886601,99.42724609375,-9.820490837097168,4.7717976570129395,147940086.0,50354.0,0.0858886239371,-0.010399334673000023,0.05317277228990525,0.004331877177083798,-0.0005287457717720609,0.0026706718292540403,147.94008684391156
1631,E,1551409554776931.0,1.7317352,9.56517,1.0410560136732983,163,1970-01-18 22:56:49.554776931,-0.0017700195,0.0040893555,0.0007019043,9.849383649138982,0.0045109275190496016,99.4269790649414,-9.828208923339844,4.7720232009887695,147990440.0,50354.0,0.08652365585499999,-0.011310591011000024,0.05287849847850525,0.004340823968325702,-0.0005465907989460693,0.0026700528441362713,147.99044084805064
1631,E,1551409605130934.0,1.69664,9.583923,1.0456489136732983,163,1970-01-18 22:56:49.605130934,0.0008087158,0.004486084,0.0021972656,9.860759795915326,0.005060330722113823,99.42571258544922,-9.830337524414062,4.772445201873779,148040794.0,50354.0,0.0863162024104,-0.011352485539000022,0.052536969955805264,0.004351589111547976,-0.0005705882782993512,0.002654045248770636,148.04079485102557
1631,E,1551409655484938.0,1.6919556,9.58345,1.0440925136732981,163,1970-01-18 22:56:49.655484938,-0.001663208,0.0036621094,0.0032806396,9.859745056784622,0.005190366296700119,99.42460632324219,-9.831795692443848,4.77277135848999,148091148.0,50354.0,0.0853146714212,-0.010892249979000047,0.05261341991630526,0.004321150510458193,-0.0005600557061366877,0.002647371365810127,148.09114885493182
1631,E,1551409705838942.0,1.6998291,9.570419,1.0504707136732983,163,1970-01-18 22:56:49.705838942,-0.003692627,0.0022888184,0.0043640137,9.84741169623454,0.006157824242627849,99.42282104492188,-9.834735870361328,4.773120880126953,148141502.0,50354.0,0.0853949633919,-0.011232240187000074,0.05273481837490527,0.004297956475689419,-0.000557028288909385,0.002652352595457808,148.1415028590709
1631,E,1551409756192946.0,1.6908569,9.581589,1.0365394136732982,163,1970-01-18 22:56:49.756192946,-0.00022888184,0.0043029785,0.004058838,9.858964266033277,0.00591964329823918,99.42300415039062,-9.83598518371582,4.773265361785889,148191856.0,50354.0,0.08536730142200001,-0.011279094584000072,0.052544653976205266,0.004299281541219561,-0.0005667678755294707,0.0026506212753839103,148.19185686297715
1631,E,1551409806546950.0,1.7165833,9.600876,1.0249122136732982,163,1970-01-18 22:56:49.806546950,-0.001876831,0.000869751,0.0015716553,9.884025379162436,0.002597895645821843,99.4243392944336,-9.840205192565918,4.773050308227539,148242210.0,50354.0,0.0857891219154,-0.010512278695000068,0.05190116762170526,0.00430920527036572,-0.0005486414050453865,0.0026296324503705935,148.2422108668834
1631,E,1551409856900954.0,1.721695,9.578003,0.9995368136732983,163,1970-01-18 22:56:49.856900954,-0.0001373291,0.001876831,0.0019073486,9.866856939568631,0.002679427656457582,99.42996978759766,-9.845540046691895,4.772164344787598,148292564.0,50354.0,0.0865655327591,-0.01060256341700003,0.05096955316150527,0.004339373140739887,-0.0005316083798538265,0.0025899761371588914,148.29256487102248
1631,E,1551409907254958.0,1.7011414,9.562134,1.0468086136732981,163,1970-01-18 22:56:49.907254958,-0.00048828125,-0.0020141602,0.0040283203,9.840174587051287,0.004530190319374859,99.4289779663086,-9.848462104797363,4.772197246551514,148342918.0,50354.0,0.08617675204280001,-0.01157797075100001,0.05152083882430526,0.004349132504457437,-0.000558439308747737,0.002580400599026752,148.34291887492873
1631,E,1551409957608962.0,1.7152863,9.588257,1.0519508136732982,163,1970-01-18 22:56:49.957608962,-0.0001373291,-0.0013427734,0.0019073486,9.867187519453509,0.0023366382619858664,99.42662811279297,-9.852606773376465,4.7725138664245605,148393272.0,50354.0,0.0860154002029,-0.011319805793000015,0.052840466102305264,0.004335281817089989,-0.0005764973200482887,0.0026275045741372734,148.3932728790678
1631,E,1551410007962966.0,1.7088165,9.587372,1.0247749136732982,163,1970-01-18 22:56:50.007962966,0.0020141602,0.002609253,0.0026397705,9.869583348701894,0.0042229646957964604,99.42842102050781,-9.855706214904785,4.77233362197876,148443626.0,50354.0,0.0862086361956,-0.010684388667000019,0.05228572363740526,0.0043360845644050345,-0.0005539996039194209,0.002646762079076692,148.44362688297406
1631,E,1551410058316970.0,1.7068787,9.615112,1.0640968136732982,163,1970-01-18 22:56:50.058316970,0.0019683838,-0.00079345703,0.0014648438,9.88990300760373,0.0025787353879289945,99.42379760742188,-9.85783863067627,4.773090839385986,148493980.0,50354.0,0.0859969580504,-0.010008260332000033,0.05259152347940526,0.004335620246331543,-0.0005209788238478243,0.0026404944506599384,148.4939808868803
1631,E,1551410108670974.0,1.7178802,9.586639,1.0828041136732982,163,1970-01-18 22:56:50.108670974,-0.0005340576,-0.0012969971,-0.00024414063,9.861184401783044,0.0014237358058091282,99.41712951660156,-9.862184524536133,4.774167537689209,148544334.0,50354.0,0.08622515482530001,-0.010026715073000042,0.05405252464780526,0.004336036135871499,-0.0005044205757716869,0.002684977199698779,148.5443348910194
1631,E,1551410159024977.0,1.7297058,9.564484,1.0467475136732982,163,1970-01-18 22:56:50.159024977,0.004196167,0.0022583008,0.0015716553,9.847445191290992,0.0050177525225132144,99.4166030883789,-9.868637084960938,4.77439022064209,148594688.0,50354.0,0.08679987272200002,-0.011301376229000033,0.05361572132170526,0.004356251118558373,-0.0005369773547104559,0.0027107634287743664,148.59468889399432
1631,E,1551410209378981.0,1.7149353,9.578964,1.0551094136732981,163,1970-01-18 22:56:50.209378981,0.0024108887,0.00289917,-0.0011901855,9.85759185348037,0.003953999562101384,99.41442108154297,-9.872357368469238,4.774932861328125,148645042.0,50354.0,0.0867257289747,-0.011494609704000052,0.05291845185980527,0.0043688540739178165,-0.0005739345378351432,0.0026822108781908906,148.64504289790057
1631,E,1551410259732985.0,1.7370758,9.574661,1.0584053136732983,163,1970-01-18 22:56:50.259732985,-0.0025634766,0.0018005371,-0.001159668,9.85676264424447,0.0033403856061011835,99.41169738769531,-9.879265785217285,4.775476932525635,148695396.0,50354.0,0.0869112834647,-0.011238383375000039,0.053211960290405265,0.004371659062186774,-0.0005723485667499854,0.0026720453867058506,148.69539690203965
1631,E,1551410310086989.0,1.6949158,9.584976,1.0488075136732982,163,1970-01-18 22:56:50.310086989,0.0018463135,0.0062713623,0.0025787354,9.860980360531709,0.007027711925040518,99.41036987304688,-9.879892349243164,4.776004791259766,148745750.0,50354.0,0.0864072525132,-0.011087019251000035,0.05305329735410526,0.004363640780315588,-0.0005620866619148038,0.002675440391715842,148.7457509059459
1631,E,1551410360440993.0,1.6952515,9.576233,1.0600074136732982,163,1970-01-18 22:56:50.360440993,0.0037841797,0.0010223389,-0.00091552734,9.850750886426015,0.004025342611335435,99.40779113769531,-9.880598068237305,4.77653694152832,148796104.0,50354.0,0.0853542421121,-0.01104744100700005,0.05309363342580527,0.0043244391501811785,-0.0005572793059156682,0.0026724612762458076,148.79610490985215
1631,E,1551410410794997.0,1.6937866,9.593903,1.0582984136732982,163,1970-01-18 22:56:50.410794997,0.0045776367,-9.1552734e-05,-0.0011291504,9.867949517245446,0.004715731150745335,99.40514373779297,-9.880614280700684,4.77703332901001,148846458.0,50354.0,0.08532581224369999,-0.010822685928000052,0.05333258581510526,0.004297211728515977,-0.0005506241858424976,0.0026794929218284047,148.84645891399123
1631,E,1551410461149001.0,1.6470642,9.594513,1.0595039136732982,163,1970-01-18 22:56:50.461149001,0.004852295,-0.002822876,0.00022888184,9.860438960868764,0.0056183434013134855,99.40242767333984,-9.873977661132812,4.777403831481934,148896812.0,50354.0,0.08411260059160001,-0.010362450368000077,0.05331990919560526,0.004265950919954349,-0.0005333781765243952,0.0026851898668846593,148.89681291789748
1631,E,1551410511503005.0,1.6703949,9.629059,1.067987813673298,163,1970-01-18 22:56:50.511503005,0.0023651123,-0.0038146973,-0.0011749268,9.89662607123275,0.004639625487859641,99.39759826660156,-9.869970321655273,4.778074741363525,148947166.0,50354.0,0.0835236677607,-0.009477327756000062,0.053563859219405256,0.004220578328305857,-0.0004995060938279515,0.00269101263738472,148.94716692203656
1631,E,1551410561857009.0,1.7016754,9.619431,1.0310920136732982,163,1970-01-18 22:56:50.561857009,0.0008087158,-0.0029907227,0.0008544922,9.898477349013588,0.003213814001047007,99.39839172363281,-9.87071418762207,4.7777934074401855,148997520.0,50354.0,0.0848986139431,-0.008849967270000028,0.05284853281310526,0.004240367786456573,-0.00046142630686960435,0.0026791447942025176,148.9975209259428
1631,E,1551410612211013.0,1.6686096,9.576752,1.0146125136732982,163,1970-01-18 22:56:50.612211013,0.0030517578,-0.0019226074,-0.00010681152,9.854037187071379,0.0036084697013000276,99.40269470214844,-9.86765193939209,4.776988983154297,149047874.0,50354.0,0.084853665445,-0.010166900609000003,0.05150470288500526,0.004273853138154194,-0.00047878768258958386,0.002627301415171329,149.0478749300819
1631,E,1551410662565017.0,1.6741333,9.575378,1.0185951136732982,163,1970-01-18 22:56:50.662565017,0.00044250488,-1.5258789e-05,-0.0022583008,9.852987445962919,0.0023012965699244848,99.40619659423828,-9.865416526794434,4.77640962600708,149098228.0,50354.0,0.08416023799330001,-0.01127602299,0.051190068433705264,0.00425526304686608,-0.0005398684874520232,0.002585546257491175,149.09822893398814
1631,E,1551410712919020.0,1.6597137,9.587555,1.087091813673298,163,1970-01-18 22:56:50.712919020,-0.00048828125,-0.005554199,-0.0010070801,9.851437696511018,0.005665841106006995,99.39935302734375,-9.861166954040527,4.777317047119141,149148582.0,50354.0,0.08393626591900001,-0.01100403585900002,0.05301487976980526,0.004232165678999978,-0.0005609450416412735,0.002623567980919785,149.14858293696307
1631,E,1551410763273024.0,1.6996307,9.586014,1.0375617136732982,163,1970-01-18 22:56:50.763273024,0.0029907227,0.0016784668,-0.0014648438,9.864607811335556,0.0037292680817280982,99.40003967285156,-9.862611770629883,4.777318954467773,149198936.0,50354.0,0.0845782139588,-0.010736253287000024,0.05349240185800525,0.004242689059883371,-0.000547355259828843,0.002681533829543385,149.19893694086932
1631,E,1551410813627028.0,1.7059326,9.588989,1.024469713673298,163,1970-01-18 22:56:50.813627028,0.006378174,0.0010528564,-0.0025177002,9.870704872077766,0.006937465277057393,99.40270233154297,-9.864737510681152,4.776987552642822,149249290.0,50354.0,0.0857418672041,-0.01070014946900003,0.051915765246305264,0.004288148683438333,-0.0005397043121878134,0.002653861423185226,149.2492909450084
1631,E,1551410863981032.0,1.6498566,9.568222,1.052500113673298,163,1970-01-18 22:56:50.863981032,0.005218506,0.0030975342,-0.0018463135,9.836446403511612,0.006343216576192862,99.40165710449219,-9.85944938659668,4.777377605438232,149299644.0,50354.0,0.0844887046884,-0.011148098653000031,0.05229186934310526,0.004285895108537473,-0.0005500733429675956,0.0026236356160575887,149.29964494891465
1631,E,1551410914335036.0,1.6862488,9.5876465,1.0203346136732983,163,1970-01-18 22:56:50.914335036,0.0066375732,-0.0008239746,0.0019226074,9.866690384968736,0.006959362854553437,99.40495300292969,-9.859060287475586,4.7768144607543945,149349998.0,50354.0,0.08399312565580001,-0.011181898775500026,0.05218775993040527,0.0042418670425759235,-0.000562202345257346,0.0026304836262191745,149.34999895305373
1631,E,1551410964689040.0,1.6492157,9.604355,1.0452217136732982,163,1970-01-18 22:56:50.964689040,0.007888794,-0.00077819824,0.0008087158,9.872654966350009,0.007968229698016036,99.4041976928711,-9.853021621704102,4.7769646644592285,149400352.0,50354.0,0.0839769897165,-0.010272178234500037,0.05200451165360526,0.004228983594728397,-0.0005401492968807717,0.0026232488216706333,149.40035295695998
1631,E,1551411015043044.0,1.6570129,9.553711,1.0206092136732983,163,1970-01-18 22:56:51.015043044,0.006225586,-0.0024414063,0.0013885498,9.828701918124166,0.00682982110396427,99.40823364257812,-9.849393844604492,4.776200294494629,149450706.0,50354.0,0.0832409174622,-0.01112657231800004,0.05201142525780526,0.00421004524903813,-0.0005387563426602945,0.0026188092436185834,149.45070696086623
1631,E,1551411065397048.0,1.6741638,9.604172,0.9764198136732982,163,1970-01-18 22:56:51.065397048,0.008682251,-0.0018310547,0.00062561035,9.887935488066134,0.008895258964831784,99.41741943359375,-9.846874237060547,4.774605751037598,149501060.0,50354.0,0.08386903577590002,-0.011131179709000037,0.05027919982150526,0.004207327292675644,-0.000560383422783781,0.0025753710676218013,149.5010609650053
1631,E,1551411115751052.0,1.6494751,9.586716,1.0199836136732983,163,1970-01-18 22:56:51.115751052,0.0035247803,-0.004486084,0.0023498535,9.859624705424443,0.006170156990692081,99.42028045654297,-9.841547966003418,4.773910045623779,149551414.0,50354.0,0.08367925658530001,-0.010300212824000055,0.050263449090305265,0.004218363356777934,-0.0005395781698033433,0.0025313622716526536,149.55141496891156
1631,E,1551411166105056.0,1.6852264,9.547226,0.9708656136732983,163,1970-01-18 22:56:51.166105056,-0.0029144287,-0.0030212402,0.004486084,9.835457061007412,0.006143837290206808,99.43086242675781,-9.84235954284668,4.771894454956055,149601768.0,50354.0,0.0839577796655,-0.011733942266000053,0.050123610996905266,0.004220597661686392,-0.0005547539227009328,0.0025274450118156996,149.60176897305064
1631,E,1551411216459059.0,1.680191,9.595032,1.041086513673298,163,1970-01-18 22:56:51.216459059,-0.0008544922,-0.009384155,0.006652832,9.869476095505416,0.011534847012600984,99.42996215820312,-9.841599464416504,4.771535396575928,149652122.0,50354.0,0.08473111387980001,-0.011524570334000037,0.050654918710205256,0.004247080272790018,-0.0005855795717302023,0.0025373010424359216,149.65212297602557
1631,E,1551411266813063.0,1.6894989,9.642288,1.0106147136732981,163,1970-01-18 22:56:51.266813063,-0.00048828125,-0.0025787354,0.0030670166,9.92192793149629,0.004036692416693435,99.43226623535156,-9.840787887573242,4.7709808349609375,149702476.0,50354.0,0.0848386826123,-0.009131194360000025,0.051655681800905254,0.004269258766281602,-0.0005200501877008396,0.0025758739890682295,149.70247697993182
1631,E,1551411317167067.0,1.6542053,9.576096,0.9843849136732983,163,1970-01-18 22:56:51.317167067,-0.0033874512,-0.00843811,0.0093688965,9.855966937375833,0.013055755345141608,99.43989562988281,-9.836719512939453,4.7691650390625,149752830.0,50354.0,0.08418444064340001,-0.009607946032000027,0.050228105617705264,0.004255495174208759,-0.00047179533764938534,0.002565128115838357,149.7528309840709
1631,E,1551411367521071.0,1.7066498,9.600998,1.0427803136732983,163,1970-01-18 22:56:51.367521071,0.003112793,0.0044555664,0.0032806396,9.879540479019031,0.006348554826946533,99.43843078613281,-9.83968734741211,4.769630432128906,149803184.0,50354.0,0.08461624885270001,-0.01064750436200003,0.05103793892890527,0.004249894959443311,-0.0005099714745697394,0.0025495752035500138,149.80318498797715
1631,E,1551411417875075.0,1.6906128,9.576157,1.0336402136732983,163,1970-01-18 22:56:51.417875075,0.0018463135,0.0019226074,0.0035858154,9.854112009793937,0.004468038141924728,99.43890380859375,-9.84085750579834,4.769632339477539,149853538.0,50354.0,0.08553288048020001,-0.010645968565000016,0.05227803961700526,0.004283844629214424,-0.0005361057678830802,0.0026011863918503895,149.8535389918834
1631,E,1551411468229079.0,1.6949158,9.610352,1.0320533136732981,163,1970-01-18 22:56:51.468229079,-0.00032043457,0.0103302,0.00074768066,9.888338454300492,0.010362178184290652,99.43856811523438,-9.841695785522461,4.770182132720947,149903892.0,50354.0,0.0852374535622,-0.010410462907000014,0.05200796593800525,0.004299484700185505,-0.0005301377751705448,0.0026256087618584997,149.90389299602248
1631,E,1551411518583083.0,1.7466736,9.58255,1.0142616136732983,163,1970-01-18 22:56:51.518583083,-0.0024871826,0.00015258789,0.009460449,9.873240486907292,0.009783120955580505,99.44149780273438,-9.85086727142334,4.769590854644775,149954247.0,50355.0,0.08665061711849999,-0.010249709895000032,0.05152109408326893,0.004327711899563324,-0.0005201715007223562,0.0026066029086856306,149.95424699992873
1631,E,1551411568937087.0,1.6604462,9.602829,1.0646614136732981,163,1970-01-18 22:56:51.568937087,0.0014038086,0.012481689,0.008071899,9.86995483114957,0.014930465242059807,99.4366226196289,-9.847223281860352,4.770977973937988,150004601.0,50354.0,0.08578105520460001,-0.010438912917000054,0.052341045059505265,0.004341312214078689,-0.0005208774565377262,0.0026149370771976262,150.0046010040678
1631,E,1551411619291091.0,1.7183838,9.606445,1.0541938136732982,163,1970-01-18 22:56:51.619291091,-0.0064849854,0.005142212,0.00491333,9.885042874334408,0.009624873587744264,99.4329833984375,-9.851603507995605,4.771756649017334,150054955.0,50354.0,0.08506880291,-0.009837308502000021,0.05334641805890526,0.004301486877751285,-0.0005104944266661649,0.002660893258932222,150.05495500797406
1631,E,1551411669645095.0,1.689743,9.56778,0.9690650136732981,163,1970-01-18 22:56:51.669645095,-0.0028076172,0.007797241,0.005783081,9.856486209351623,0.010105627511756895,99.4428939819336,-9.852449417114258,4.77036714553833,150105309.0,50354.0,0.0858064084436,-0.010719737174999995,0.05093958749610526,0.004302125196249587,-0.0005175647390098294,0.0026256087618585,150.1053090118803
1631,E,1551411719999099.0,1.7136993,9.556885,0.9769233136732982,163,1970-01-18 22:56:51.719999099,-0.0005645752,0.0006866455,0.0068511963,9.84872972025599,0.006908626342498122,99.45187377929688,-9.857001304626465,4.768805027008057,150155663.0,50354.0,0.0856884667871,-0.01196750929500003,0.04899414811760526,0.004317726473683334,-0.0005711968043751906,0.00251603166154639,150.1556630160194
1631,E,1551411770353102.0,1.7261658,9.570511,1.0539955136732981,163,1970-01-18 22:56:51.770353102,-0.0046691895,0.00982666,0.0048065186,9.851517530778183,0.011893998419146363,99.44877624511719,-9.863178253173828,4.769732475280762,150206017.0,50354.0,0.0866054836227,-0.011898750908000057,0.05113244331610526,0.004337844789467535,-0.0006008808331309333,0.00252088719252653,150.20601701899432
1631,E,1551411820707106.0,1.7147369,9.568512,1.0394844136732981,163,1970-01-18 22:56:51.820707106,-0.0058135986,-0.0014953613,0.008956909,9.849909136443143,0.010782404784357739,99.44795989990234,-9.86766529083252,4.7696757316589355,150256371.0,50354.0,0.0866316072779,-0.01160601792900004,0.05270754413080526,0.004361590237604406,-0.0005917795650091515,0.0026143793639508664,150.25637102290057
1631,E,1551411871061110.0,1.648468,9.589706,1.0651649136732981,163,1970-01-18 22:56:51.871061110,-0.0037231445,0.005722046,0.005844116,9.855096939280376,0.008986506952951867,99.44297790527344,-9.862040519714355,4.7707319259643555,150306725.0,50354.0,0.08467540976730001,-0.011122745414000042,0.052988756114605254,0.004312996768147001,-0.0005722420746867131,0.0026611157512787006,150.30672502703965
1631,E,1551411921415114.0,1.7145538,9.599426,1.0130104136732982,163,1970-01-18 22:56:51.921415114,-0.007965088,-0.002746582,0.0047454834,9.884202499524346,0.009669847580502164,99.44530487060547,-9.865434646606445,4.770092010498047,150357079.0,50354.0,0.08467079985860002,-0.010344423636000062,0.05232222021660526,0.004263629519751285,-0.0005404789151718526,0.002651414451090887,150.3570790309459
1631,E,1551411971769118.0,1.7428131,9.488678,1.1096137136732982,163,1970-01-18 22:56:51.971769118,-0.0069122314,-0.0048675537,0.012145996,9.76618976541597,0.01479855536130286,99.43620300292969,-9.876351356506348,4.771256446838379,150407433.0,50354.0,0.08704612644130001,-0.012888005592000049,0.05344130765420526,0.004323317053452584,-0.0005849228706733588,0.0026628083412033967,150.40743303485215
1631,E,1551412022123122.0,1.7332916,9.589966,1.0700477136732982,163,1970-01-18 22:56:52.022123122,0.0005340576,0.0057373047,0.005783081,9.869120297487642,0.008163694543117158,99.43102264404297,-9.882658004760742,4.772386074066162,150457787.0,50354.0,0.08751788803190001,-0.013126180012000022,0.05487733575630527,0.004394998192391758,-0.0006549591509519098,0.002727138485146424,150.45778703899123
1631,E,1551412072477126.0,1.6934662,9.599319,1.0558265136732983,163,1970-01-18 22:56:52.072477126,-0.0047454834,-0.0017089844,0.0015869141,9.87355357501519,0.005287583260800508,99.42757415771484,-9.88255500793457,4.772838592529297,150508141.0,50354.0,0.0862754811306,-0.010340571555000039,0.05352313542190526,0.004375595655404263,-0.0005908224042023606,0.0027291986628538065,150.50814104289748
1631,E,1551412122831130.0,1.7462158,9.582001,1.0470069136732982,163,1970-01-18 22:56:52.122831130,-0.0015258789,-0.004547119,0.006958008,9.867326530374317,0.008450945091863407,99.42611694335938,-9.89062786102295,4.772798538208008,150558495.0,50354.0,0.08660087371400002,-0.010541106360000049,0.05294303720030527,0.004352507985922495,-0.0005257380048659572,0.0026804988281093948,150.55849504703656
1631,E,1551412173185134.0,1.6914368,9.557159,0.9913124136732983,163,1970-01-18 22:56:52.173185134,-0.00061035156,0.0067443848,0.008956909,9.842743228005034,0.011228778837947895,99.4333724975586,-9.891242980957031,4.771805286407471,150608849.0,50354.0,0.0865497795102,-0.011602568680000027,0.051318765704605265,0.004359413996225685,-0.0005575113064820819,0.0026249994117369326,150.6088490509428
1631,E,1551412223539138.0,1.7209625,9.584625,1.0803474136732982,163,1970-01-18 22:56:52.223539138,-0.0056915283,0.0016326904,0.005783081,9.860149366446178,0.008276665885760646,99.42658996582031,-9.895556449890137,4.772954940795898,150659203.0,50354.0,0.0859139771761,-0.011536504232000006,0.05215817947310526,0.004342120002090975,-0.0005825724387054249,0.002605239048739218,150.6592030550819
1631,E,1551412273893142.0,1.7014465,9.633179,1.031793913673298,163,1970-01-18 22:56:52.273893142,-0.0015563965,0.0048980713,0.0047454834,9.911685942963855,0.006995218740309091,99.426025390625,-9.895549774169922,4.773232936859131,150709557.0,50354.0,0.086165991393,-0.009622548692000011,0.05317738219860526,0.004332457368664232,-0.0005327214754675485,0.002652033436208656,150.70955705898814
1631,E,1551412324245389.0,1.7196808,9.557877,1.029306713673298,163,1970-01-18 22:56:52.324245389,-0.0014953613,0.007583618,0.0046844482,9.84208933418848,0.009038330726740693,99.42768096923828,-9.900025367736816,4.773271083831787,150759909.0,50352.0,0.0861303009048,-0.010295574144000045,0.051890269394077905,0.0043377314548894135,-0.0005014586605191374,0.0026451831964973914,150.75990930595435
1631,E,1551412374599393.0,1.6929779,9.545898,1.061167113673298,163,1970-01-18 22:56:52.374599393,-0.00065612793,0.002822876,0.0036010742,9.820686524931338,0.004622430980102107,99.42496490478516,-9.90089225769043,4.773835182189941,150810263.0,50354.0,0.0859205080899,-0.012493456825000067,0.05263185955110525,0.004331723218059562,-0.0005737594327065159,0.002631553640452876,150.8102633098606
1631,E,1551412424953397.0,1.7220612,9.588882,1.0958808136732983,163,1970-01-18 22:56:52.424953397,-0.0025482178,0.00579834,0.0027923584,9.862053790353094,0.0069218080113426575,99.41617584228516,-9.90496826171875,4.7755889892578125,150860617.0,50354.0,0.08598043942070001,-0.011712843940000056,0.05430799566680526,0.004327950155474377,-0.0006094420343604082,0.0026924247348213332,150.86061731399968
1631,E,1551412475307401.0,1.7261047,9.553833,1.0655464136732982,163,1970-01-18 22:56:52.475307401,-0.0017089844,0.005569458,0.0046081543,9.833463162009728,0.007427959083477497,99.41285705566406,-9.910359382629395,4.776374340057373,150910971.0,50354.0,0.08681447286430001,-0.011513064445000061,0.05441825330290526,0.004350457506599446,-0.000584758695409148,0.0027374007703104023,150.91097131790593
1631,E,1551412525661405.0,1.7222748,9.606232,1.0985206136732981,163,1970-01-18 22:56:52.525661405,-0.003616333,0.001876831,0.0029754639,9.878552167399869,0.005045170402439665,99.40355682373047,-9.913782119750977,4.778015613555908,150961325.0,50354.0,0.08681985067150001,-0.011076243495000051,0.05448471554750526,0.004371591363660838,-0.0005687310060053829,0.002741850046746786,150.961325322045
1631,E,1551412576015409.0,1.7263641,9.553543,1.0922187136732981,163,1970-01-18 22:56:52.576015409,-0.002532959,-0.0046691895,0.0066986084,9.829023620881314,0.008549185129539645,99.39671325683594,-9.919127464294434,4.778887748718262,151011679.0,50354.0,0.08682638158530001,-0.011083544825000041,0.05515624404460526,0.004371891189529455,-0.0005579169905326423,0.0027604304396505663,151.01167932595126
1631,E,1551412626369413.0,1.7026825,9.593521,1.056436913673298,163,1970-01-18 22:56:52.626369413,-0.001953125,0.0078125,0.004852295,9.869405294978897,0.009401841324051901,99.3942642211914,-9.919816017150879,4.779636859893799,151062033.0,50354.0,0.08633310624820001,-0.011403569672000029,0.05409670272970526,0.00435963642518403,-0.0005661580816909708,0.0027506614409368163,151.0620333298575
1631,E,1551412676723417.0,1.7294464,9.55896,1.123789213673298,163,1970-01-18 22:56:52.676723417,-0.005050659,-0.0027008057,0.005264282,9.82994933576482,0.00777921414661902,99.38278198242188,-9.925395011901855,4.781397342681885,151112387.0,50354.0,0.08641070931530001,-0.011267185862999995,0.054891553208205254,0.0043491710444422405,-0.0005707816121046956,0.002743997319748773,151.1123873339966
1631,E,1551412727077421.0,1.7519379,9.55864,1.053476713673298,163,1970-01-18 22:56:52.727077421,0.0013580322,0.0058898926,0.0013122559,9.844622247242675,0.006185232561743852,99.38211059570312,-9.93364429473877,4.781801223754883,151162741.0,50354.0,0.0876508125211,-0.012145384800000004,0.054817024252805255,0.004382346935275043,-0.000589458291582351,0.0027621328547358616,151.16274133790284
1631,E,1551412777431425.0,1.7256317,9.558868,1.0567726136732982,163,1970-01-18 22:56:52.777431425,-0.00019836426,-0.00018310547,0.006149292,9.8396694584052,0.006155214707388628,99.38095092773438,-9.938117980957031,4.781940460205078,151213095.0,50354.0,0.0875547698192,-0.012147701084000016,0.05312974731460526,0.004411150946581734,-0.0006116270233014685,0.0027177758677526948,151.21309534204192
1631,E,1551412827785428.0,1.6921234,9.585007,1.0727943136732982,163,1970-01-18 22:56:52.827785428,0.0011749268,0.0005645752,0.001083374,9.856717352978572,0.0016949623493426869,99.37689971923828,-9.936848640441895,4.7826666831970215,151263449.0,50354.0,0.0860488201527,-0.011483859125000048,0.053616106529805266,0.004370817584722526,-0.0005949717913819947,0.002687540362240724,151.26344934501685
1631,E,1551412878139432.0,1.7115784,9.644302,1.048899013673298,163,1970-01-18 22:56:52.878139432,-0.0022125244,-0.010147095,-0.0006713867,9.92150199567609,0.010407187961238965,99.37496185302734,-9.936660766601562,4.782497406005859,151313803.0,50354.0,0.0856950002186,-0.009332887307000064,0.053417872902605266,0.004323994165488221,-0.0005241032249184669,0.0026947945001698,151.3138033489231
1631,E,1551412928493436.0,1.7645874,9.582703,1.0679267136732982,163,1970-01-18 22:56:52.928493436,-0.0063476563,-0.0039978027,0.004928589,9.867946462385007,0.00897586522080061,99.37149810791016,-9.945979118347168,4.782804489135742,151364157.0,50354.0,0.08751942634660001,-0.009390895115000034,0.053295321337405256,0.004361019617632042,-0.00047140867003869644,0.0026867180913807453,151.36415735306218
1631,E,1551412978847440.0,1.7230988,9.543549,1.0865119136732981,163,1970-01-18 22:56:52.978847440,-0.007873535,-0.0043945313,0.0056610107,9.819630793918765,0.010646666186577804,99.36627960205078,-9.950233459472656,4.783380508422852,151414511.0,50354.0,0.0878094754574,-0.011927553396000013,0.05424230132070526,0.0044142557607193085,-0.0005367345781614482,0.0027074747256632483,151.41451135696843
1631,E,1551413029201444.0,1.7628326,9.546143,1.0515083136732981,163,1970-01-18 22:56:53.029201444,-0.001953125,-0.00033569336,0.0043640137,9.834751154403294,0.0047929117320644225,99.36648559570312,-9.959834098815918,4.783273696899414,151464865.0,50354.0,0.0877652948578,-0.012848024516000006,0.05382893526390526,0.004420445992225791,-0.0006237747250904245,0.002720909523490739,151.46486536087468
1631,E,1551413079555448.0,1.7339935,9.583084,1.0703834136732981,163,1970-01-18 22:56:53.079555448,-0.0040740967,0.0033874512,0.002609253,9.862503444043927,0.005906038500665343,99.3629150390625,-9.964150428771973,4.783998966217041,151515219.0,50354.0,0.0880395907197,-0.01185265182100003,0.053422868019405254,0.004426239604184718,-0.0006218889281366499,0.002700278651263909,151.51521936501376
1631,E,1551413129909452.0,1.7411346,9.574173,1.0656532136732981,163,1970-01-18 22:56:53.129909452,-0.005630493,-0.0057678223,0.0015563965,9.85585307787593,0.008209299335061338,99.36035919189453,-9.969459533691406,4.784103870391846,151565573.0,50354.0,0.08749330017370001,-0.011146940511000049,0.05377899416670526,0.004419391594023133,-0.000579060736142766,0.0026990212842597045,151.56557336892
1631,E,1551413180263456.0,1.7545013,9.579803,1.1155037136732981,163,1970-01-18 22:56:53.180263456,-0.004562378,0.0038604736,-0.0017089844,9.855917060979698,0.00621604191673643,99.35041046142578,-9.97652816772461,4.785986423492432,151615927.0,50354.0,0.0880096250543,-0.011229546248000034,0.05491498795980526,0.004418637148465357,-0.0005633728071313451,0.0027365883879991557,151.6159273730591
1631,E,1551413230617460.0,1.7330933,9.590622,1.0479225136732981,163,1970-01-18 22:56:53.230617460,-0.0027618408,0.0070495605,0.0019226074,9.873240004862351,0.007811561115567083,99.3503646850586,-9.980010986328125,4.786296844482422,151666281.0,50354.0,0.0878071692442,-0.010815409775000041,0.05446858212590525,0.004426539430053335,-0.0005550258577910729,0.0027539501440479335,151.66628137696534
1631,E,1551413280971464.0,1.76091,9.584457,1.1073707136732982,163,1970-01-18 22:56:53.280971464,0.0029296875,0.01776123,-0.002243042,9.862833882506488,0.0181404409366013,99.3420181274414,-9.987666130065918,4.788651943206787,151716635.0,50354.0,0.08796852108410001,-0.010698236017000031,0.054263817584905255,0.00442550455539561,-0.0005416490601051859,0.0027375556275190762,151.7166353808716
1631,E,1551413331325468.0,1.7067871,9.538223,1.145761813673298,163,1970-01-18 22:56:53.331325468,0.009017944,0.021606445,-0.0058288574,9.802468816173556,0.02412752283419696,99.32957458496094,-9.988554954528809,4.7919840812683105,151766989.0,50354.0,0.0873062098867,-0.012017485640000016,0.05672711764100526,0.004412891901651833,-0.0005719137241582901,0.0027944187761827495,151.76698938501067
1631,E,1551413381679471.0,1.6812286,9.594727,1.1395057136732982,163,1970-01-18 22:56:53.381679471,0.006362915,0.01008606,-0.00044250488,9.854008219890574,0.011933612369674527,99.3170394897461,-9.984498977661133,4.794705867767334,151817343.0,50354.0,0.0853000712789,-0.01175891785000001,0.05753618053600526,0.004345708340906311,-0.0005986185106677307,0.002876807058202594,151.8173433879856
1631,E,1551413432033475.0,1.693573,9.609634,1.120188113673298,163,1970-01-18 22:56:53.432033475,0.025894165,0.014144897,-0.00541687,9.873566014865366,0.029998806189325836,99.30824279785156,-9.98165225982666,4.797186374664307,151867697.0,50354.0,0.08496737988320001,-0.009961003103000025,0.056892311491105255,0.004286823617908192,-0.000546842449833682,0.0028809661437665616,151.86769739189185
1631,E,1551413482387479.0,1.7188568,9.578049,1.0676063136732983,163,1970-01-18 22:56:53.482387479,0.039276123,-0.00015258789,-0.0024414063,9.855399188602052,0.039352224660074604,99.30884552001953,-9.983094215393066,4.797433376312256,151918051.0,50354.0,0.08591474507460001,-0.010380905109000041,0.055082100297305266,0.004302299260062531,-0.0005121482230535257,0.002819179765596812,151.91805139603093
1631,E,1551413532741483.0,1.7100372,9.565628,0.9524024136732983,163,1970-01-18 22:56:53.532741483,0.04386902,0.018692017,-0.0063476563,9.860715451994217,0.0481058744416066,99.3265609741211,-9.98303508758545,4.795701503753662,151968405.0,50354.0,0.086329264238,-0.01148884417100003,0.05085775972840526,0.00433658742246333,-0.0005506146776225618,0.0026672478558673143,151.96840539993718
1631,E,1551413583095487.0,1.7676086,9.5742035,0.9732765136732981,163,1970-01-18 22:56:53.583095487,0.04333496,0.017303467,-0.00074768066,9.875653429663176,0.04666784497693274,99.34059143066406,-9.991341590881348,4.794496059417725,152018759.0,50354.0,0.0875566883066,-0.011585662324500045,0.04848281835380526,0.004377926627215394,-0.0005809468500372054,0.002501097734375815,152.01875940407626
1631,E,1551413633449491.0,1.7077026,9.591644,1.0335029136732983,163,1970-01-18 22:56:53.633449491,0.038879395,-0.00035095215,0.0018615723,9.872126905924144,0.038925518293347644,99.3449935913086,-9.990677833557129,4.794033050537109,152069113.0,50354.0,0.08749791008240002,-0.010930657492500039,0.05052468564230526,0.004407349623639853,-0.0005668933840326112,0.002492711928110075,152.0691134079825
1631,E,1551413683803495.0,1.726532,9.597183,1.0346626136732981,163,1970-01-18 22:56:53.683803495,0.037139893,-0.007843018,0.00076293945,9.880594302908008,0.03796665194620325,99.3489761352539,-9.992473602294922,4.793276309967041,152119467.0,50354.0,0.08646372452420001,-0.01035210262100004,0.05207020348200526,0.004379832074490369,-0.0005358360513775916,0.0025830315234827658,152.11946741188876
1631,E,1551413734157499.0,1.7724152,9.5699005,0.9514259136732981,163,1970-01-18 22:56:53.734157499,0.021606445,0.0070343018,-0.0022125244,9.876029968613508,0.022830136477299114,99.36470794677734,-10.00108814239502,4.791093349456787,152169821.0,50354.0,0.0880929936544,-0.010899538720500071,0.050003750853005256,0.004394814493582613,-0.0005350525740549484,0.00256991594829256,152.16982141602784
1631,E,1551413784511503.0,1.6934204,9.585861,0.9618934136732982,163,1970-01-18 22:56:53.784511503,0.0057678223,-0.0076293945,0.0028533936,9.875876018173336,0.009980846134347954,99.37749481201172,-9.99798583984375,4.788532733917236,152220175.0,50354.0,0.08725934290120001,-0.011184592714500067,0.04817164070460526,0.0044148457774603415,-0.0005560121771389986,0.00247176183324596,152.2201754199341
1631,E,1551413834865507.0,1.7475433,9.539108,0.9468330136732981,163,1970-01-18 22:56:53.834865507,0.0071868896,-0.010177612,0.0018463135,9.84253164574183,0.012595397639035237,99.39338684082031,-10.003732681274414,4.785323143005371,152270529.0,50354.0,0.08663314307490001,-0.011959855487000034,0.048056005261305254,0.00437809111942027,-0.000582707772369168,0.0024227234424837292,152.27052942407317
1631,E,1551413885219511.0,1.7481079,9.533127,1.0098670136732981,163,1970-01-18 22:56:53.885219511,0.021591187,0.0030975342,-0.0056152344,9.826257709304713,0.022523430723495077,99.40045928955078,-10.009580612182617,4.784478664398193,152320883.0,50354.0,0.0880100102624,-0.013287539405000014,0.04926383658850526,0.004396990671573202,-0.0006356536611958853,0.0024502216582526796,152.32088342797942
1631,E,1551413935573514.0,1.7194366,9.56456,1.0388893136732982,163,1970-01-18 22:56:53.935573514,0.017349243,-0.0049438477,-0.00061035156,9.846985676078285,0.018050218607558156,99.40220642089844,-10.010675430297852,4.784088134765625,152371237.0,50354.0,0.0873023678765,-0.012646734401000023,0.051581538053605255,0.004413839744403085,-0.000652947211613663,0.0025389839973644166,152.37123743095435
1631,E,1551413985927518.0,1.6916656,9.5659485,0.9553169136732982,163,1970-01-18 22:56:53.985927518,0.013687134,0.005050659,0.0015869141,9.857362047597615,0.014675322477854306,99.41578674316406,-10.007580757141113,4.782079696655273,152421591.0,50354.0,0.08588132008940001,-0.01182038749550005,0.05020813018590526,0.004360245711917465,-0.0006160087279881824,0.0025627584772661568,152.4215914348606
1631,E,1551414036281522.0,1.6789551,9.586761,0.9208931136732981,163,1970-01-18 22:56:54.036281522,0.020507813,0.0046539307,-0.0016326904,9.881281186758393,0.0210925376127583,99.433837890625,-10.001937866210938,4.77936315536499,152471945.0,50354.0,0.08486211736390001,-0.011261432918500075,0.047237339858505256,0.004298807524761735,-0.0005811309925632811,0.0024533845993081234,152.47194543899968
1631,E,1551414086635526.0,1.6799774,9.58403,0.8979438136732982,163,1970-01-18 22:56:54.086635526,0.02017212,0.0032043457,-0.0002746582,9.88279743883091,0.02042688654167188,99.45482635498047,-9.996603965759277,4.776051998138428,152522299.0,50354.0,0.08456784355250001,-0.01080619499300005,0.04579285731980526,0.0042657381259922035,-0.0005555966679278387,0.002342221274358324,152.52229944290593
1631,E,1551414136989530.0,1.6902313,9.578201,0.8917335136732982,163,1970-01-18 22:56:54.136989530,0.015289307,0.002532959,-0.001663208,9.879983579995502,0.01558669466844058,99.47608184814453,-9.992911338806152,4.772629737854004,152572653.0,50354.0,0.08485174443990001,-0.01102171011300003,0.04505870607060526,0.0042654769668846555,-0.000549561166853764,0.0022873698114803656,152.572653447045
1631,E,1551414187343534.0,1.7473907,9.556274,0.9370216136732983,163,1970-01-18 22:56:54.187343534,0.004470825,-0.010040283,0.00093078613,9.860820263548003,0.01103004631542925,99.49038696289062,-9.99824047088623,4.769692897796631,152623007.0,50354.0,0.08654900909400001,-0.011720522925000034,0.046042567841205265,0.004315356771723001,-0.0005725812011977276,0.002293656773277654,152.62300745095126
1631,E,1551414237697538.0,1.716919,9.528229,0.9584907136732981,163,1970-01-18 22:56:54.237697538,0.0018310547,-0.00032043457,0.0058135986,9.824603475115472,0.006103553744333307,99.501708984375,-10.000188827514648,4.767679214477539,152673361.0,50354.0,0.08722092531690001,-0.012978667969000043,0.04772331386560526,0.00437500563866323,-0.00062185152913824,0.0023607436037323686,152.6733614548575
1631,E,1551414288051542.0,1.6859589,9.557037,0.9558204136732982,163,1970-01-18 22:56:54.288051542,-0.004043579,-0.0070495605,0.006652832,9.847650107464474,0.010502714315481748,99.51216888427734,-9.996906280517578,4.765430927276611,152723715.0,50354.0,0.08567425688830001,-0.012959457918000064,0.048196611253205256,0.004352982002380321,-0.0006530441954570017,0.0024149759547162923,152.7237154589966
1631,E,1551414338405546.0,1.752655,9.540131,0.9270423136732981,163,1970-01-18 22:56:54.338405546,-0.005065918,-0.005203247,0.00630188,9.847831289628187,0.009615144099811141,99.52691650390625,-10.003558158874512,4.762521743774414,152774069.0,50354.0,0.0865739821603,-0.012659801264000039,0.04740483488640526,0.004336693914526603,-0.0006450160884252166,0.0024069576094569744,152.77406946290284
1631,E,1551414388759550.0,1.7075958,9.578003,0.9368995136732983,163,1970-01-18 22:56:54.388759550,-7.6293945e-05,0.011138916,0.0036773682,9.874941373464264,0.011730486234571479,99.53900146484375,-10.002695083618164,4.760932922363281,152824423.0,50354.0,0.0871187343916,-0.012131940282000004,0.04692846338710526,0.0043730615246271864,-0.0006241816769036431,0.0023750294506321747,152.82442346704192
1631,E,1551414439113553.0,1.6882935,9.532593,0.9287666136732982,163,1970-01-18 22:56:54.439113553,0.0052337646,0.017501831,0.0024108887,9.828971600608257,0.018426034965899795,99.5533447265625,-10.000168800354004,4.759317874908447,152874777.0,50354.0,0.0854983049061,-0.012321724508000011,0.04697187608820526,0.0043459791983981935,-0.0006156699184178305,0.0023641288469698927,152.87477747001685
1631,E,1551414489467557.0,1.6838531,9.509796,0.9235633136732981,163,1970-01-18 22:56:54.489467557,0.0072631836,0.02293396,0.0030059814,9.807003208528677,0.02424368539364539,99.5687484741211,-9.997682571411133,4.757795810699463,152925131.0,50354.0,0.0849005349482,-0.014038972147000036,0.04663611058080526,0.004290131591011711,-0.0006636832596829362,0.002356768280365678,152.9251314739231
1631,E,1551414539821561.0,1.6569366,9.587021,0.9273017136732982,163,1970-01-18 22:56:54.539821561,-0.0021972656,0.015625,0.0051879883,9.876710491291346,0.01660975086260719,99.58082580566406,-9.989579200744629,4.756399631500244,152975485.0,50354.0,0.0841110622769,-0.012668638391000044,0.04659922879350526,0.004255204983336343,-0.0006724175105152281,0.0023473861394270163,152.97548547806218
1631,E,1551414590175565.0,1.6617279,9.567108,0.8836921136732983,163,1970-01-18 22:56:54.590175565,-0.005203247,0.013031006,0.006515503,9.865806912755437,0.01547038060482204,99.59928894042969,-9.982706069946289,4.75372838973999,153025839.0,50354.0,0.08355401611650001,-0.011225694167000054,0.04559539159110526,0.004221303678710632,-0.0006015876108127685,0.002321183957423339,153.02583948196843
1631,E,1551414640529569.0,1.6535645,9.561203,0.8447364136732982,163,1970-01-18 22:56:54.640529569,-0.004486084,0.012481689,0.009994507,9.865675984682781,0.016607458568993212,99.62317657470703,-9.974990844726562,4.750078201293945,153076193.0,50354.0,0.08346911675480001,-0.011875713953000034,0.043516645033005265,0.004205141416300721,-0.0005816241522372423,0.0022435737460852305,153.07619348587468
1631,E,1551414690883573.0,1.6363373,9.603516,0.9204963136732982,163,1970-01-18 22:56:54.690883573,-0.009033203,-0.0002746582,0.009170532,9.89046589285591,0.012875280607779399,99.63423156738281,-9.964150428771973,4.747994422912598,153126547.0,50354.0,0.08282985761860001,-0.010959069736999996,0.04444326437640526,0.004186909277799093,-0.0005749113489631307,0.0022145666392007286,153.12654749001376
1631,E,1551414741237577.0,1.6884918,9.574066,0.9537300136732982,163,1970-01-18 22:56:54.741237577,-0.016159058,-0.023162842,0.012710571,9.864965257134306,0.030970809161375956,99.64080810546875,-9.96186637878418,4.74548864364624,153176901.0,50354.0,0.0837092222507,-0.010635217986000011,0.04718739624360526,0.004192954413869366,-0.0005436793820019712,0.002306985142430005,153.17690149392
1631,E,1551414791591581.0,1.7508087,9.55748,0.9222663136732983,163,1970-01-18 22:56:54.791591581,-0.011428833,-0.0209198,0.012802124,9.865136047212854,0.027058282182970614,99.65241241455078,-9.968852043151855,4.7422614097595215,153227255.0,50354.0,0.0865912686885,-0.011794266358000032,0.04723195953360526,0.004287655460376239,-0.0005647071273288891,0.0023771961204028295,153.2272554980591
1631,E,1551414841945585.0,1.7285919,9.575851,0.9198860136732983,163,1970-01-18 22:56:54.841945585,-0.011489868,-0.012939453,0.01222229,9.879434870617443,0.021185629172642783,99.66350555419922,-9.972049713134766,4.739507675170898,153277609.0,50354.0,0.0876008689062,-0.011749325413000035,0.04637986914560526,0.004385635448221762,-0.0005927570100184687,0.0023568650106564836,153.27760950196534
1631,E,1551414892299589.0,1.7535095,9.584457,0.9633735136732982,163,1970-01-18 22:56:54.892299589,-0.016952515,-0.011871338,0.011230469,9.884746054070549,0.023546546767953685,99.66755676269531,-9.978658676147461,4.73799467086792,153327963.0,50354.0,0.08766886694780002,-0.011070125484000022,0.04741482512000526,0.004412766139596159,-0.0005745253152337704,0.002361469017525276,153.3279635058716
1631,E,1551414942653593.0,1.766861,9.581177,0.9702247136732982,163,1970-01-18 22:56:54.942653593,-0.021652222,-0.013793945,0.013092041,9.882792041944978,0.028818278466035924,99.67033386230469,-9.987190246582031,4.736543655395508,153378317.0,50354.0,0.08863236807850002,-0.010936032782000019,0.04868220256990526,0.004438736194257156,-0.000554049046663083,0.0024194348661488773,153.37831751001067
1631,E,1551414993007596.0,1.7695618,9.592041,1.016168913673298,163,1970-01-18 22:56:54.993007596,-0.035720825,-0.012573242,0.01802063,9.886212177832281,0.04193813132065005,99.6654281616211,-9.996070861816406,4.736326694488525,153428671.0,50354.0,0.0890365168356,-0.01074509041400003,0.05001143235570526,0.0044731695154822965,-0.0005458656387056932,0.0024848096465220964,153.4286715129856
1631,E,1551415043361600.0,1.7524109,9.574036,1.0272163136732981,163,1970-01-18 22:56:55.043361600,-0.04698181,-0.016357422,0.021774292,9.863883915963202,0.05430447051084697,99.65894317626953,-10.00294303894043,4.736070156097412,153479025.0,50354.0,0.0886727066679,-0.010924879371000047,0.05144630986890526,0.00447418512014762,-0.0005455848292769469,0.002554401575989019,153.47902551689185
1631,E,1551415093715604.0,1.7654266,9.5225525,1.015665413673298,163,1970-01-18 22:56:55.093715604,-0.04537964,-0.005264282,0.021881104,9.818144043712064,0.05065379653850183,99.65556335449219,-10.012874603271484,4.7358269691467285,153529379.0,50354.0,0.0885685947375,-0.012674391335500055,0.05143363324940526,0.004462404245483756,-0.000594158838577553,0.002590208327889704,153.52937952103093
1631,E,1551415144069608.0,1.7958679,9.54303,0.9902442136732981,163,1970-01-18 22:56:55.144069608,-0.029647827,0.009979248,0.017532349,9.84771084571489,0.03586031647831951,99.65611267089844,-10.026187896728516,4.735814094543457,153579733.0,50354.0,0.0896627116265,-0.013455029397500045,0.05050278668770525,0.004487329600326428,-0.0006578604257947436,0.0025664532447566314,153.57973352493718
1631,E,1551415194423612.0,1.7554779,9.598633,1.002146113673298,163,1970-01-18 22:56:55.194423612,-0.010406494,0.010314941,0.013748169,9.89239386613226,0.020092418372562273,99.65447998046875,-10.031839370727539,4.736393451690674,153630087.0,50354.0,0.08941223320660001,-0.01153955064900005,0.050162411271605256,0.004508569886062959,-0.000629288541830733,0.0025344476890215607,153.63008752907626
1631,E,1551415244777616.0,1.7835388,9.544464,1.0402778136732982,163,1970-01-18 22:56:55.244777616,-0.010391235,0.0034637451,0.013931274,9.838660927466513,0.017721616467074187,99.64874267578125,-10.042865753173828,4.737355709075928,153680441.0,50354.0,0.08910182345590001,-0.011503446831000057,0.05142210721880526,0.004494448404591764,-0.0005801535475539628,0.0025575934220330655,153.6804415329825
1631,E,1551415295131620.0,1.8453369,9.502808,0.9888710136732981,163,1970-01-18 22:56:55.295131620,-0.005126953,0.0137786865,0.01600647,9.818145155157714,0.021733497891282736,99.65187072753906,-10.063533782958984,4.737305164337158,153730795.0,50354.0,0.09136420349890001,-0.013916032856000049,0.05108788002610526,0.004543593160641,-0.0006399862400796016,0.0025808939488651123,153.73079553688876
1631,E,1551415345485624.0,1.7790375,9.545074,1.024835913673298,163,1970-01-18 22:56:55.345485624,-0.0008087158,0.025558472,0.0135650635,9.840941838038017,0.028946510324717654,99.64869689941406,-10.07320499420166,4.738976955413818,153781149.0,50354.0,0.0912508742688,-0.013900674886000048,0.05069909930980525,0.004597699812957384,-0.0007003412508203364,0.002562690778740219,153.78114954102784
1631,E,1551415395839628.0,1.7873993,9.570862,1.0572761136732982,163,1970-01-18 22:56:55.395839628,0.007019043,0.015380859,0.010559082,9.862248545256922,0.01993318842775671,99.64075469970703,-10.0830717086792,4.741089344024658,153831503.0,50354.0,0.0897921793136,-0.012187279328000046,0.05242133451250526,0.004558120960044086,-0.0006568164232458804,0.0025962631623443117,153.8315035449341
1631,E,1551415446193632.0,1.8116608,9.577499,1.0305122136732983,163,1970-01-18 22:56:55.446193632,0.017318726,0.02722168,0.011886597,9.877406348387712,0.034383852613194536,99.63714599609375,-10.096028327941895,4.743095874786377,153881857.0,50354.0,0.0906135361377,-0.011370915103000048,0.05256424671760527,0.004542074697917381,-0.0005931246611892894,0.0026432219786304933,153.88185754907317
1631,E,1551415496547636.0,1.8087463,9.564224,1.0222572136732981,163,1970-01-18 22:56:55.496547636,0.01991272,0.037597656,0.017456055,9.865340532558516,0.045987107004635125,99.63520812988281,-10.108917236328125,4.745291709899902,153932211.0,50354.0,0.09115098955670001,-0.011538040029000064,0.05168257587230526,0.004576285463407909,-0.0005767787633583669,0.0026246222523461774,153.93221155297942
1631,E,1551415546901639.0,1.8530426,9.557465,1.0440773136732981,163,1970-01-18 22:56:55.546901639,0.023269653,0.054901123,0.022583008,9.863483015150415,0.06376207577964822,99.63033294677734,-10.128479957580566,4.748831748962402,153982565.0,50354.0,0.09219285913530001,-0.012042436047000038,0.05202410439500525,0.0046160480785184844,-0.0005936856461654546,0.0026110230890900765,153.98256555595435
1631,E,1551415597255643.0,1.8780823,9.575928,1.0986427136732981,163,1970-01-18 22:56:55.597255643,0.020874023,0.0723114,0.037979126,9.877504029735361,0.08430348401986958,99.61692810058594,-10.151772499084473,4.7545671463012695,154032919.0,50354.0,0.09393853160730001,-0.01174776443900004,0.05394726212850526,0.004686230024726441,-0.000598965877636024,0.002668041094962424,154.0329195598606
1631,E,1551415647609647.0,1.9117126,9.553482,1.070581813673298,163,1970-01-18 22:56:55.647609647,0.028778076,0.079711914,0.051635742,9.866599569669704,0.0992391895558188,99.60885620117188,-10.18049430847168,4.759690284729004,154083273.0,50354.0,0.0954156661973,-0.011848044430000036,0.054614565925005264,0.0047673706381264145,-0.000594071679894815,0.0027332611449032347,154.08327356399968
1631,E,1551415697963651.0,1.8604279,9.608505,1.0023597136732982,163,1970-01-18 22:56:55.697963651,0.03250122,0.09628296,0.04386902,9.92108179510175,0.11068526823209311,99.60957336425781,-10.199155807495117,4.764163494110107,154133627.0,50354.0,0.0949711813685,-0.01102785330100004,0.05219044883400526,0.0047933696611641465,-0.0005759464771733889,0.002689029856587608,154.13362756790593
1631,E,1551415748317655.0,1.8956451,9.541306,0.9940895136732981,163,1970-01-18 22:56:55.748317655,0.019714355,0.07670593,0.029693604,9.864089131048223,0.08458230080069791,99.61264038085938,-10.22327709197998,4.76727294921875,154183981.0,50354.0,0.094566649921,-0.011334408453000044,0.05026460219690526,0.004771993978375742,-0.0005630146641804602,0.0025795108198052343,154.183981572045
1631,E,1551415798671659.0,1.8897705,9.543915,1.0270790136732981,163,1970-01-18 22:56:55.798671659,0.017364502,0.050857544,0.024383545,9.860075168590619,0.05901332881804724,99.61085510253906,-10.24555778503418,4.770007133483887,154234335.0,50354.0,0.09530540856120001,-0.01296059088300002,0.05088696001300525,0.00478040881640635,-0.0006116751982824737,0.002546692881758917,154.23433557595126
1631,E,1551415849025663.0,1.8555908,9.587204,0.9237922136732981,163,1970-01-18 22:56:55.849025663,0.0010681152,0.0289917,0.026657104,9.912751794528747,0.03939874024175503,99.6224136352539,-10.26070785522461,4.769147872924805,154284689.0,50354.0,0.0942969614501,-0.011805016937000036,0.04911708489090526,0.004773618869774501,-0.0006235237080841414,0.002517801838545755,154.2846895798575
1631,E,1551415899379667.0,1.9175568,9.557175,1.0626930136732982,163,1970-01-18 22:56:55.899379667,-0.04724121,-0.014480591,0.032302856,9.872556872139949,0.05903299029974779,99.61225891113281,-10.285660743713379,4.769570350646973,154335043.0,50354.0,0.09499653712520001,-0.011471169917000019,0.05001373856890526,0.004765842413630329,-0.0005860245564231594,0.0024958167422476493,154.3350435839966
1631,E,1551415949733671.0,1.9766388,9.573868,1.1483253136732983,163,1970-01-18 22:56:55.949733671,-0.06413269,-0.0074157715,0.01914978,9.887164927882004,0.06734025295189136,99.58860778808594,-10.317731857299805,4.772713661193848,154385397.0,50354.0,0.0980441626212,-0.011806930389000036,0.055666808427605255,0.004860185697515113,-0.0005860727314041635,0.0026607191317311453,154.38539758790284
1631,E,1551416000087675.0,2.1450195,9.462143,1.059183513673298,163,1970-01-18 22:56:56.000087675,-0.08581543,-0.0076904297,0.02909851,9.82827657503742,0.09094038717355256,99.58011627197266,-10.376299858093262,4.772855758666992,154435751.0,50354.0,0.1037709910191,-0.014199551053000076,0.05557844974610526,0.005081100123201833,-0.0006547651832652368,0.00280082186503951,154.43575159204192
1631,E,1551416050441678.0,2.0839386,9.538666,1.1964363136732983,163,1970-01-18 22:56:56.050441678,-0.056045532,0.026443481,0.037887573,9.868072241604878,0.0726348919761757,99.55120849609375,-10.423803329467773,4.778543949127197,154486105.0,50354.0,0.1064724780837,-0.015085831807000074,0.05678974039310526,0.005293299821601196,-0.0007373180842662238,0.0028290939231349036,154.48610559501685
1631,E,1551416100795682.0,1.9977417,9.585693,1.2195838136732982,163,1970-01-18 22:56:56.100795682,-0.004180908,0.080093384,0.035354614,9.892453480732062,0.08764918073413416,99.5206527709961,-10.45693302154541,4.787636756896973,154536459.0,50354.0,0.10276446491310001,-0.011975213457000079,0.06082813874620526,0.0052679585138304345,-0.0006813159366117319,0.002961265343090421,154.5364595989231
1631,E,1551416151149686.0,1.9720917,9.545059,1.1061805136732983,163,1970-01-18 22:56:56.151149686,0.0029449463,0.058624268,0.03465271,9.8647752497206,0.0681636840083472,99.50884246826172,-10.486007690429688,4.792372703552246,154586813.0,50354.0,0.0999484955118,-0.011814256896000054,0.05855576846960526,0.005103704204617708,-0.0005989474950774844,0.003005728631972462,154.58681360306218
1631,E,1551416201503690.0,1.9686279,9.555588,1.207987213673298,163,1970-01-18 22:56:56.201503690,0.0016937256,0.024215698,0.025878906,9.85909305834034,0.03548219992886765,99.4824447631836,-10.513321876525879,4.798159599304199,154637167.0,50354.0,0.0992154973692,-0.012572210481000027,0.058263800871405265,0.005014351848764938,-0.000613978089150731,0.002941166297298622,154.63716760696843
1631,E,1551416251857694.0,2.029541,9.509796,1.1791786136732982,163,1970-01-18 22:56:56.251857694,-0.0052337646,0.011413574,0.009567261,9.831320990188603,0.01578589390512334,99.46172332763672,-10.548917770385742,4.802376747131348,154687521.0,50354.0,0.1006618983953,-0.01346002703200004,0.06010167403510525,0.0050323131931628165,-0.0006554136438648027,0.0029800875617212153,154.68752161087468
1631,E,1551416302211698.0,2.004593,9.504196,1.1986640136732982,163,1970-01-18 22:56:56.302211698,-0.014953613,-0.023529053,0.008117676,9.817925507700346,0.029036589683906648,99.43858337402344,-10.579962730407715,4.805273056030273,154737875.0,50354.0,0.101567391718,-0.014753923416000037,0.059866943828705256,0.005091526837182554,-0.0007103426304292979,0.003020449891957157,154.73787561501376
1631,E,1551416352565702.0,2.0922852,9.491837,1.2626136136732982,163,1970-01-18 22:56:56.352565702,-0.0062561035,-0.007019043,0.002532959,9.815162183617858,0.009737642267727966,99.4072265625,-10.623287200927734,4.810621738433838,154788229.0,50354.0,0.1031471024414,-0.015206077159000022,0.06196758682370526,0.005154096819451215,-0.0007543029344767765,0.0030674279782357395,154.78822961892
1631,E,1551416402919706.0,2.1246338,9.491287,1.2312873136732982,163,1970-01-18 22:56:56.402919706,0.0007324219,0.004257202,0.008575439,9.825981744986318,0.009601997956213313,99.38153839111328,-10.670381546020508,4.815511703491211,154838583.0,50354.0,0.106169369663,-0.015531087052000033,0.06278894364780527,0.00526996081817248,-0.0007738695833403484,0.0031409951676812206,154.8385836230591
1631,E,1551416453273710.0,2.0619507,9.509842,1.091699913673298,163,1970-01-18 22:56:56.453273710,0.011459351,0.03614807,0.00920105,9.851371377724877,0.03902126357729335,99.37672424316406,-10.70641040802002,4.8181915283203125,154888937.0,50354.0,0.10540563795650001,-0.015077775167000021,0.05848584942290525,0.005326823966836152,-0.0007706393240877644,0.0030533354651412787,154.88893762696534
1631,E,1551416503627714.0,1.9331512,9.5347595,1.1687416136732982,163,1970-01-18 22:56:56.503627714,0.0033569336,0.01991272,0.0041503906,9.837615744079157,0.020615798871879237,99.35989379882812,-10.722452163696289,4.82228422164917,154939291.0,50354.0,0.1005846805363,-0.013983268034500021,0.05691113633400526,0.005186218248693227,-0.0007316698846841665,0.002905349910401736,154.9392916308716
1631,E,1551416553981718.0,2.015976,9.49939,1.1669105136732982,163,1970-01-18 22:56:56.553981718,-0.00541687,0.009460449,-0.0050811768,9.820279475132786,0.012027507370663267,99.34420013427734,-10.750385284423828,4.8256516456604,154989645.0,50354.0,0.09942717551440002,-0.01424641803850004,0.05880471361020526,0.005035698499788474,-0.0007107388062599226,0.0029133779540453887,154.98964563501067
1631,E,1551416604335721.0,2.104416,9.512314,1.1584724136732982,163,1970-01-18 22:56:56.604335721,-0.001449585,0.0124053955,0.00050354004,9.852549702538917,0.012499947470110762,99.33007049560547,-10.790080070495605,4.828879356384277,155039999.0,50354.0,0.10373910938400002,-0.014811528392000037,0.05854616596180526,0.005115117554887018,-0.0007315919172807005,0.002954543094984509,155.0399996379856
1631,E,1551416654689725.0,2.040268,9.549561,1.1857856136732983,163,1970-01-18 22:56:56.654689725,-0.0010070801,0.017990112,-0.0010375977,9.871034448497717,0.018048128686581476,99.3114013671875,-10.818658828735352,4.833250045776367,155090353.0,50354.0,0.10435070906800001,-0.013548373125000021,0.05902138435450526,0.005239077359166005,-0.0007140172404935106,0.0029599982143137505,155.09035364189185
1631,E,1551416705043729.0,2.0511322,9.503937,1.163751913673298,163,1970-01-18 22:56:56.705043729,0.0008239746,0.021270752,-0.008300781,9.832421995556187,0.02284790559322474,99.29750061035156,-10.848987579345703,4.83696985244751,155140707.0,50354.0,0.10300918283540002,-0.013759280854000008,0.05915430632600526,0.005220699998451903,-0.0006875248042292838,0.0029753093642632135,155.14070764603093
1631,E,1551416755397733.0,2.0016937,9.5425415,1.2000831136732981,163,1970-01-18 22:56:56.755397733,-0.0064086914,0.012954712,-0.004562378,9.854255287517281,0.015156225832253291,99.27745056152344,-10.870662689208984,4.841347694396973,155191061.0,50354.0,0.10203799768430001,-0.013936010805500013,0.05951427448350525,0.0051624728639444875,-0.000697284358111232,0.002987718859041046,155.19106164993718
1631,E,1551416805751737.0,2.025467,9.504089,1.1433204136732982,163,1970-01-18 22:56:56.805751737,-0.0024108887,0.014205933,-0.00024414063,9.830312472536002,0.014411124916934607,99.26728820800781,-10.896269798278809,4.843934059143066,155241415.0,50354.0,0.10139182494389999,-0.013932183901500014,0.05899987060800525,0.005121752644310191,-0.0007016375381381397,0.00298383063096896,155.24141565407626
1631,E,1551416856105741.0,1.9744568,9.496933,1.1750740136732982,163,1970-01-18 22:56:56.856105741,-0.005554199,0.003616333,-0.00036621094,9.808248766308353,0.006637853670507183,99.2528076171875,-10.914217948913574,4.846799850463867,155291769.0,50354.0,0.10070608151260001,-0.015080469106000019,0.05837021649730526,0.005088218990855301,-0.0007304515647698285,0.002955026683050403,155.2917696579825
1631,E,1551416906459745.0,2.0294037,9.529785,1.247949913673298,163,1970-01-18 22:56:56.906459745,-0.008605957,-0.006362915,-0.0014343262,9.840748287933247,0.010798447797303112,99.22724151611328,-10.938812255859375,4.851269721984863,155342123.0,50354.0,0.1008051958085,-0.01443352091400002,0.061004473418805265,0.005073449429113336,-0.0007430737267335411,0.003005496568017915,155.34212366188876
1631,E,1551416956813749.0,2.0382233,9.5164795,1.1940559136732982,163,1970-01-18 22:56:56.956813749,-0.002166748,0.0022125244,0.004348755,9.837401020661707,0.005338701262116505,99.21073150634766,-10.964531898498535,4.854455947875977,155392477.0,50354.0,0.102410644979,-0.013941398683500006,0.06148238071510526,0.005116365223506888,-0.0007143953507062582,0.0030838515265294657,155.39247766602784
1631,E,1551417007167753.0,2.0320282,9.534531,1.2352394136732983,163,1970-01-18 22:56:57.007167753,-0.0030975342,-0.0152282715,0.0032196045,9.84767555408172,0.01587012363323935,99.1883316040039,-10.988195419311523,4.857929229736328,155442831.0,50354.0,0.1024767220155,-0.01382190864150003,0.06116236845660527,0.005158449238820527,-0.0006989967885215259,0.003087826849896156,155.4428316699341
1631,E,1551417057521757.0,2.0155182,9.491119,1.2350105136732983,163,1970-01-18 22:56:57.057521757,-0.0063323975,-0.009338379,0.0061187744,9.802274483602796,0.01283526316846455,99.167236328125,-11.010387420654297,4.861393451690674,155493185.0,50354.0,0.1019050757128,-0.014460409950000065,0.06219348242080527,0.00514572052140541,-0.0007120639351781979,0.0031057302575405654,155.49318567407317
1631,E,1551417107875761.0,1.9963379,9.54538,1.2339881136732982,163,1970-01-18 22:56:57.107875761,-0.009552002,-0.017623901,0.013961792,9.851062162347558,0.024428963639849092,99.14555358886719,-11.02800464630127,4.864480018615723,155543539.0,50354.0,0.1010065010297,-0.014187264677000058,0.062161978440705264,0.005108704767645923,-0.0007212625040839821,0.003130897438110251,155.54353967797942
1631,E,1551417158229764.0,1.9930573,9.517166,1.236383813673298,163,1970-01-18 22:56:57.158229764,-0.00831604,-0.019836426,0.014541626,9.822720246157848,0.025963420507686425,99.1247787475586,-11.045565605163574,4.867308139801025,155593893.0,50354.0,0.10044100295040001,-0.013531479358000054,0.062196554014805255,0.005071843807706979,-0.0006978748185691978,0.0031309747716323885,155.59389368095435
1631,E,1551417208583768.0,2.078064,9.562347,1.232813213673298,163,1970-01-18 22:56:57.208583768,-0.016845703,-0.03492737,0.016143799,9.884527756487675,0.042003822812138304,99.10381317138672,-11.07337474822998,4.869350433349609,155644247.0,50354.0,0.1024986209701,-0.013104301199000027,0.062166973557505265,0.00510941091144643,-0.0006706090470835911,0.003131100533688062,155.6442476848606
1631,E,1551417258937772.0,2.0858612,9.508331,1.2014717136732982,163,1970-01-18 22:56:57.258937772,-0.016937256,-0.025161743,0.019073486,9.838428862484621,0.0358299011971814,99.08902740478516,-11.103296279907227,4.870661735534668,155694601.0,50354.0,0.1048351447604,-0.013326739994000013,0.06128799161580526,0.005220042219796799,-0.0006654543241161621,0.0031082256581684395,155.69460168899968
1631,E,1551417309291776.0,2.02063,9.5186615,1.1939186136732982,163,1970-01-18 22:56:57.309291776,-0.011962891,-0.02835083,0.018798828,9.835902537416699,0.036059343545610544,99.07575988769531,-11.122801780700684,4.871584415435791,155744955.0,50354.0,0.10338912894240003,-0.014426609827500027,0.060308742271605265,0.005242462539015396,-0.0006987460884559065,0.0030614409690833348,155.74495569290593
1631,E,1551417359645780.0,2.0656128,9.531525,1.2374061136732981,163,1970-01-18 22:56:57.359645780,-0.007461548,-0.040603638,0.015853882,9.851445954671355,0.04422302219275919,99.0565185546875,-11.147804260253906,4.873138427734375,155795309.0,50354.0,0.1028793349756,-0.013842654489500021,0.06121346266040526,0.0051932211160634865,-0.0007117352677091102,0.003059564553573229,155.795309697045
1631,E,1551417409999784.0,2.092453,9.458893,1.1967262136732981,163,1970-01-18 22:56:57.409999784,-0.005065918,-0.030303955,0.019119263,9.792756859892124,0.0361875590705966,99.04535675048828,-11.178260803222656,4.873631954193115,155845663.0,50354.0,0.10468762264659999,-0.015347446014000036,0.06128414960560525,0.00522591329205413,-0.000734919160376621,0.0030841223840213467,155.84566370095126
1631,E,1551417460353788.0,2.0688477,9.512436,1.2300056136732982,163,1970-01-18 22:56:57.460353788,-0.011184692,-0.03755188,0.01512146,9.834707492305549,0.0419988044972814,99.02816772460938,-11.202863693237305,4.874927520751953,155896017.0,50354.0,0.1047690677239,-0.01582804976700006,0.06109782721710526,0.005273491093458079,-0.0007849054572782395,0.0030812110304653828,155.8960177048575
1631,E,1551417510707792.0,2.089447,9.527405,1.1972145136732981,163,1970-01-18 22:56:57.510707792,-0.010375977,-0.030670166,0.016235352,9.858240596129852,0.03622025173485117,99.01586151123047,-11.229277610778809,4.875611782073975,155946371.0,50354.0,0.10469338566190001,-0.014103123143000058,0.061110121146205267,0.0052736361888942864,-0.000753577140355073,0.0030768295159430696,155.9463717089966
1631,E,1551417561061796.0,2.027832,9.51329,1.1494850136732981,163,1970-01-18 22:56:57.561061796,-0.0016174316,-0.037002563,0.017440796,9.838767152936677,0.04093882165699525,99.01166534423828,-11.246475219726562,4.874487400054932,155996725.0,50354.0,0.103660733383,-0.01408162198500005,0.05908285400000526,0.005245731655193448,-0.0007096073280876587,0.0030260985352561424,155.99672571290284
1631,E,1551417611415800.0,2.0362244,9.558075,1.1736702136732982,163,1970-01-18 22:56:57.611415800,-0.005264282,-0.027511597,0.008041382,9.880213410370375,0.02914214231891432,99.00272369384766,-11.262834548950195,4.874785900115967,156047079.0,50354.0,0.10232074798280001,-0.013309443395000033,0.058490079158905264,0.005185995756346747,-0.0006896248530722621,0.0029601337381418903,156.04707971704192
1631,E,1551417661769803.0,2.164734,9.482269,1.2265571136732982,163,1970-01-18 22:56:57.661769803,-0.008728027,-0.046447754,0.0020751953,9.826701165953128,0.04730622308418193,98.98796081542969,-11.299163818359375,4.875321388244629,156097433.0,50354.0,0.10576752963680001,-0.01409045911200001,0.06043052342060525,0.00523903856562867,-0.0006898473454187401,0.002994064011144336,156.09743372001685
1631,E,1551417712123807.0,2.1938477,9.4711,1.1649879136732981,163,1970-01-18 22:56:57.712123807,0.005508423,-0.02734375,0.0034942627,9.831360276682618,0.0281110878449419,98.98340606689453,-11.338991165161133,4.874919891357422,156147787.0,50354.0,0.10973601146090001,-0.016280228687000027,0.06021192915350526,0.005425732654216794,-0.000764642806715424,0.003037415028458381,156.1477877239231
1631,E,1551417762477811.0,2.1386414,9.479614,1.1844123136732982,163,1970-01-18 22:56:57.762477811,0.009918213,-0.0026550293,-0.0031738281,9.824527697668113,0.010746781588251299,98.97586059570312,-11.369668960571289,4.87639856338501,156198141.0,50354.0,0.10907907807070001,-0.016347073622000045,0.05915084952390526,0.005509107509137094,-0.0008214575902336949,0.003005196678761165,156.19814172806218
1631,E,1551417812831815.0,2.1043549,9.507294,1.0523170136732982,163,1970-01-18 22:56:57.812831815,0.028289795,0.00340271,-0.014846802,9.864091676569053,0.03212971313462554,98.9880599975586,-11.392669677734375,4.874545097351074,156248495.0,50354.0,0.1068259178451,-0.015435817284000045,0.056314134274605264,0.005435840082172097,-0.0008001978443403642,0.0029070618970951,156.24849573196843
1631,E,1551417863185819.0,2.1274414,9.48407,1.0846962136732983,163,1970-01-18 22:56:57.863185819,0.02331543,-0.009536743,-0.02670288,9.841541766308275,0.03670970639255167,98.99564361572266,-11.418564796447754,4.873019218444824,156298849.0,50354.0,0.1065439354451,-0.01532362857200006,0.053803582024905254,0.005372012796287366,-0.0007744305683165147,0.0027724337432727766,156.29884973587468
1631,E,1551417913539823.0,2.1063232,9.565674,1.1405738136732981,163,1970-01-18 22:56:57.913539823,0.013961792,0.011886597,-0.016235352,9.9071539662868,0.024491008118400864,98.9923095703125,-11.439271926879883,4.874519348144531,156349203.0,50354.0,0.1065934913342,-0.01385379531200007,0.05602562347850525,0.0053661609940224364,-0.0007346000011274713,0.0027651699069593666,156.34920374001376
1631,E,1551417963893827.0,2.0665588,9.525726,1.2680610136732982,163,1970-01-18 22:56:57.963893827,-0.02104187,0.0061798096,0.00065612793,9.84175059935928,0.021940392969354,98.96959686279297,-11.456428527832031,4.879112720489502,156399557.0,50354.0,0.105060650114,-0.012805022200000033,0.06064219904810526,0.005328816319241331,-0.0006711890484996266,0.0029373457677524728,156.39955774392
1631,E,1551418014247831.0,2.0803833,9.480011,1.2202400136732983,163,1970-01-18 22:56:58.014247831,-0.018844604,0.012939453,0.011764526,9.80718658420495,0.025708998733142082,98.95552825927734,-11.476887702941895,4.882258892059326,156449911.0,50354.0,0.10440756125170002,-0.014961759551000039,0.06264795496550526,0.005273781157554229,-0.0006990842641449289,0.003104076207600672,156.4499117480591
1631,E,1551418064601835.0,2.0031128,9.539978,1.1672462136732982,163,1970-01-18 22:56:58.064601835,-0.016601563,-0.0042419434,-0.0032196045,9.856874733347993,0.01743478795363433,98.9485092163086,-11.482905387878418,4.883306980133057,156500265.0,50354.0,0.1028101813097,-0.014602936947000064,0.06010974074590527,0.005217121104468369,-0.0007443503637301486,0.0030906705049261836,156.50026575196534
1631,E,1551418114955839.0,2.1043549,9.477478,1.195459713673298,163,1970-01-18 22:56:58.114955839,-0.012359619,-0.0017700195,-0.02041626,9.813439603208144,0.023931502736835003,98.93910217285156,-11.504378318786621,4.885128498077393,156550619.0,50354.0,0.1034137142829,-0.014666710288000056,0.059485847132805254,0.005192099019334891,-0.0007369219084355981,0.003011058116022295,156.5506197558716
1631,E,1551418165309843.0,2.0196228,9.546738,1.2176307136732982,163,1970-01-18 22:56:58.165309843,-0.002670288,0.017456055,-0.017684937,9.85944939947119,0.02499202454504113,98.9254379272461,-11.511550903320312,4.88881254196167,156600973.0,50354.0,0.10382938655290001,-0.014496513768000058,0.06075437768930526,0.005217759549742937,-0.000734242492057915,0.0030272881403462766,156.60097376001067
1631,E,1551418215663846.0,2.0521545,9.530594,1.2906288136732982,163,1970-01-18 22:56:58.215663846,-0.015289307,-0.0035705566,-0.013458252,9.840356355093054,0.020679369668090867,98.90130615234375,-11.524030685424805,4.893404006958008,156651327.0,50354.0,0.1025151370821,-0.013159212236000032,0.06315045012000527,0.005195136071558395,-0.0006962882136027103,0.0031195518497550115,156.6513277629856
1631,E,1551418266017850.0,2.076294,9.516144,1.1847328136732982,163,1970-01-18 22:56:58.266017850,-0.009063721,0.011077881,-0.011276245,9.846397508931013,0.01822153086642357,98.89382934570312,-11.53979206085205,4.8954291343688965,156701681.0,50354.0,0.1039419478845,-0.013929477374000004,0.06232217969170526,0.005197970028204088,-0.000682011938310971,0.003159024400769436,156.70168176689185
1631,E,1551418316371854.0,2.0950623,9.508362,1.2679847136732982,163,1970-01-18 22:56:58.316371854,-0.0059509277,0.008041382,-0.015472412,9.830990554543641,0.01842479031246476,98.87466430664062,-11.558233261108398,4.89971399307251,156752035.0,50354.0,0.10502223756509999,-0.014489212438000021,0.06175206918600526,0.005261091297064579,-0.0007154973533967247,0.003123817363994118,156.75203577103093
1631,E,1551418366725858.0,1.973938,9.585663,1.2777046136732981,163,1970-01-18 22:56:58.366725858,-0.011276245,0.012756348,-0.0121154785,9.879532386553011,0.020896481399534497,98.85257720947266,-11.556940078735352,4.90473747253418,156802389.0,50354.0,0.1024452205531,-0.01273893257500003,0.06409282019460526,0.0052234081930419216,-0.0006855230069923023,0.003168396779935631,156.80238977493718
1631,E,1551418417079862.0,1.9727631,9.525009,1.2179664136732982,163,1970-01-18 22:56:58.417079862,-0.014297485,-0.0040130615,-0.0050964355,9.828850570235664,0.015700203652617616,98.84112548828125,-11.557206153869629,4.90673303604126,156852743.0,50354.0,0.09936609359470001,-0.012319811056000012,0.06283350945550525,0.005081003456299161,-0.0006309039883976881,0.003195624201600833,156.85274377907626
1631,E,1551418467433866.0,2.0014038,9.509705,1.2834877136732983,163,1970-01-18 22:56:58.467433866,-0.0115356445,-0.008880615,-0.010696411,9.810622492487184,0.018065149462141914,98.82080078125,-11.561983108520508,4.910336971282959,156903097.0,50354.0,0.10005760004130002,-0.01423220562200001,0.06297911056420526,0.005020890334673574,-0.0006685001239020066,0.0031675843342362513,156.9030977829825
1631,E,1551418517787870.0,1.9763947,9.5252075,1.216669413673298,163,1970-01-18 22:56:58.517787870,0.0030975342,-0.0034332275,0.0013275146,9.829958623887938,0.004810827808198819,98.81121063232422,-11.562952041625977,4.912116527557373,156953451.0,50354.0,0.1001490328345,-0.014227207987500016,0.06294645599520525,0.005040602395914017,-0.0007165226564463822,0.0031704279892662787,156.95345178688876
1631,E,1551418568141874.0,1.9782257,9.512909,1.3148597136732982,163,1970-01-18 22:56:58.568141874,-0.014907837,-0.021347046,-0.004638672,9.804776106133046,0.02644725420281412,98.78691864013672,-11.564522743225098,4.915840148925781,157003805.0,50354.0,0.09956547781080001,-0.014146540879500012,0.06373630883920525,0.005028212234516718,-0.0007143658752244598,0.0031894919702359532,157.00380579102784
1631,E,1551418618495878.0,2.0207062,9.495911,1.252283413673298,163,1970-01-18 22:56:58.618495878,-0.002243042,-0.007797241,0.00047302246,9.805543376181634,0.008127235377021478,98.77333068847656,-11.572701454162598,4.918159484863281,157054159.0,50354.0,0.1006811084463,-0.014884138860000035,0.06463296251720525,0.005041608302195007,-0.0007309054238013928,0.003231953144940348,157.0541597949341
1631,E,1551418668849882.0,2.0424805,9.517914,1.2702583136732981,163,1970-01-18 22:56:58.668849882,0.0045928955,-0.021392822,0.0005493164,9.8288542005791,0.0218871942172795,98.7574462890625,-11.58310604095459,4.920349597930908,157104513.0,50354.0,0.10229885154589999,-0.014758127975000064,0.06351003306940525,0.005110426452723619,-0.0007463033521047975,0.003226256199884093,157.10451379907317
1631,E,1551418719203886.0,1.9627991,9.508636,1.2011055136732982,163,1970-01-18 22:56:58.719203886,0.0004272461,-0.012954712,0.0016174316,9.813424024079058,0.013062281087680963,98.7520751953125,-11.58195686340332,4.920799732208252,157154867.0,50354.0,0.1008409244892,-0.014437750650000074,0.06222152708110526,0.005114450141235712,-0.0007350646361416285,0.0031655434899094032,157.15486780297942
1631,E,1551418769557889.0,2.004959,9.504013,1.2377418136732983,163,1970-01-18 22:56:58.769557889,-0.0013122559,-0.020751953,0.0027770996,9.812209352287875,0.02097803258290953,98.74150085449219,-11.587154388427734,4.921881198883057,157205221.0,50354.0,0.09989624568370001,-0.014787736127000045,0.06140285916060526,0.005053959733443103,-0.000735810080584532,0.003112491172407546,157.20522180595435
1631,E,1551418819911893.0,2.0054321,9.504974,1.2692207136732983,163,1970-01-18 22:56:58.819911893,0.0016479492,-0.01789856,0.0045318604,9.80882608081902,0.0185367727861262,98.7266616821289,-11.592514038085938,4.92397928237915,157255575.0,50354.0,0.10096961672469999,-0.014879934301000007,0.06311779555100526,0.005057199817856287,-0.0007469429383657574,0.0031350565236742184,157.2555758098606
1631,E,1551418870265897.0,2.0091858,9.534592,1.1934608136732983,163,1970-01-18 22:56:58.870265897,0.0016479492,-0.010940552,0.0022583008,9.849045739825257,0.011292091796198136,98.72262573242188,-11.597002983093262,4.924260139465332,157305929.0,50354.0,0.10107603486830001,-0.01411004681800002,0.06200293281400526,0.005086903370156962,-0.0007298807546330637,0.0031501645780458703,157.30592981399968
1631,E,1551418920619901.0,1.9982452,9.548035,1.1591743136732982,163,1970-01-18 22:56:58.920619901,0.0016479492,-0.016143799,-0.00045776367,9.864884432056789,0.016234147045525782,98.7234878540039,-11.599104881286621,4.923329830169678,157356283.0,50354.0,0.10089509028700001,-0.013025900021000025,0.059232294601205264,0.005085027018034989,-0.0006832017335655042,0.003052339320632756,157.35628381790593
1631,E,1551418970973905.0,1.9525299,9.540466,1.219522813673298,163,1970-01-18 22:56:58.970973905,0.0016479492,-0.013687134,9.1552734e-05,9.839572655290413,0.013786288681252817,98.71559143066406,-11.595170974731445,4.924269199371338,157406637.0,50354.0,0.0994686646927,-0.012878010323000016,0.05988845757520526,0.005044558259123907,-0.000652182750730889,0.002999103177545488,157.406637822045
1631,E,1551419021327909.0,1.990387,9.562454,1.2187141136732982,163,1970-01-18 22:56:59.021327909,0.0017700195,-0.02104187,-0.0019683838,9.868574946019773,0.021207729650091798,98.70760345458984,-11.595930099487305,4.924883842468262,157456991.0,50354.0,0.09927081879130001,-0.012514983160000012,0.06138749111980526,0.005003663975676668,-0.0006393193969214917,0.00305336456029428,157.45699182595126
1631,E,1551419071681913.0,2.0210724,9.564377,1.2380775136732982,163,1970-01-18 22:56:59.071681913,0.0018310547,-0.0071258545,0.0033874512,9.873927095712688,0.008099715384008489,98.69683837890625,-11.601434707641602,4.926698207855225,157507345.0,50354.0,0.1009965133138,-0.01191297591300001,0.06185464280170526,0.005042130620410103,-0.0006150227255809216,0.00310286720574187,157.5073458298575
1631,E,1551419122035917.0,2.0041504,9.527679,1.201700513673298,163,1970-01-18 22:56:59.122035917,-0.0025634766,-0.011947632,0.0014038086,9.840129078052959,0.01229991875060992,98.69229125976562,-11.605172157287598,4.926998138427734,157557699.0,50354.0,0.1013430344356,-0.01278850608800005,0.06142629139450526,0.005094302793686644,-0.0006219092123391785,0.0031038440802579927,157.5576998339966
1631,E,1551419172389921.0,2.0116272,9.555862,1.2079719136732983,163,1970-01-18 22:56:59.172389921,0.0045318604,0.0028076172,0.00079345703,9.868036487147942,0.0053898095592776205,98.6865234375,-11.609164237976074,4.928332805633545,157608053.0,50354.0,0.1011052326352,-0.013002888243000074,0.06066832270330526,0.0050970400200415315,-0.0006493499350715902,0.003073976099140576,157.60805383790284
1631,E,1551419222743925.0,1.9866638,9.542633,1.2180274136732983,163,1970-01-18 22:56:59.222743925,0.0021514893,-0.007156372,0.0024261475,9.84871658731985,0.00785676511690115,98.67970275878906,-11.609943389892578,4.929365158081055,157658407.0,50354.0,0.100664972507,-0.012626391385000043,0.061079385064605266,0.00507996845486517,-0.0006452683731941589,0.0030652420384726835,157.65840784204192
1631,E,1551419273097928.0,1.9524384,9.504257,1.205149013673298,163,1970-01-18 22:56:59.273097928,-0.00010681152,-0.0033416748,0.0019378662,9.806525612328134,0.0038643918769791182,98.67561340332031,-11.606864929199219,4.930008411407471,157708761.0,50354.0,0.0991747760894,-0.013925650470000005,0.061008312911305256,0.005031365350411563,-0.0006685007577833362,0.003073801971939499,157.70876184501685
1631,E,1551419323451932.0,1.9910278,9.523865,1.1906684136732981,163,1970-01-18 22:56:59.323451932,0.00045776367,-0.006942749,0.0034942627,9.835377292017421,0.00778596063894393,98.67342376708984,-11.608802795410156,4.93009614944458,157759115.0,50354.0,0.0992846485174,-0.014398172405999998,0.06031949536830526,0.004996612933325404,-0.0007131088885490521,0.003054670229055754,157.7591158489231
1631,E,1551419373805936.0,2.0182343,9.516113,1.1930183136732981,163,1970-01-18 22:56:59.373805936,-0.004119873,-0.009353638,0.0032653809,9.833075614670248,0.010729706882914266,98.67089080810547,-11.614775657653809,4.930086135864258,157809469.0,50354.0,0.1009411918917,-0.014099673894,0.060014080734405256,0.005041085983979911,-0.0007174902762951,0.0030296384455379428,157.80946985306218
1631,E,1551419424159940.0,1.993515,9.52565,1.1991218136732982,163,1970-01-18 22:56:59.424159940,-0.0017852783,-0.0025482178,0.0055999756,9.83637778309458,0.006406274992948952,98.66734313964844,-11.616988182067871,4.930613040924072,157859823.0,50354.0,0.1010038121261,-0.014054732949000004,0.06022691198620526,0.0050843693661561514,-0.0007088435010862112,0.0030273074737268107,157.85982385696843
1631,E,1551419474513944.0,1.9768677,9.559189,1.1434730136732982,163,1970-01-18 22:56:59.474513944,-0.0012817383,-0.006866455,0.005432129,9.873726049659206,0.0088486768959745,98.6714096069336,-11.615521430969238,4.929414749145508,157910177.0,50354.0,0.09996232523790001,-0.012970208497000023,0.05897950996810527,0.005059724440413429,-0.0006804069507859426,0.0030012600855436763,157.91017786087468
1631,E,1551419524867948.0,1.9548798,9.546539,1.211084713673298,163,1970-01-18 22:56:59.524867948,0.0029296875,-0.010650635,0.0064697266,9.847138238431002,0.012801424023507259,98.66596221923828,-11.611639022827148,4.929975986480713,157960531.0,50354.0,0.0989896068075,-0.012444286144000057,0.059280699901405255,0.005009012793107037,-0.0006398607315764592,0.0029774373038846664,157.96053186501376
1631,E,1551419575221952.0,2.014511,9.559372,1.220270513673298,163,1970-01-18 22:56:59.575221952,-0.0007324219,-0.010910034,0.0019378662,9.8702617585472,0.011104981275529377,98.65885162353516,-11.615785598754883,4.9308552742004395,158010885.0,50354.0,0.0999373521716,-0.012439678753000062,0.06121423055890526,0.0050083840462168015,-0.0006265035842117721,0.003033700864199238,158.01088586892
1631,E,1551419625575956.0,2.036499,9.537628,1.2555488136732982,163,1970-01-18 22:56:59.625575956,-0.0027770996,-0.0047454834,0.0071258545,9.848746245694576,0.009000538719608174,98.64705657958984,-11.624054908752441,4.932921409606934,158061239.0,50354.0,0.10199227877,-0.012664031000000048,0.06233370320460526,0.005083982318216663,-0.0006320361004512838,0.0031105663283639046,158.0612398730591
1631,E,1551419675929960.0,1.9728394,9.513733,1.177362813673298,163,1970-01-18 22:56:59.675929960,-0.007949829,0.0004272461,0.009262085,9.823853224542708,0.012213457287207059,98.64726257324219,-11.623538970947266,4.932754039764404,158111593.0,50354.0,0.1009431128968,-0.013813084103000037,0.061253416041705255,0.005109304355995024,-0.0006666143269482331,0.00311155290126436,158.11159387696534
1631,E,1551419726283964.0,1.9657288,9.523087,1.1594642136732982,163,1970-01-18 22:56:59.726283964,-0.009857178,0.0028686523,0.01171875,9.834145244727612,0.015579545105826398,98.64976501464844,-11.62181282043457,4.932202339172363,158161947.0,50354.0,0.0991613315714,-0.014179182860000023,0.05883429406750527,0.005038029598375872,-0.0007047613053274526,0.003023448277419593,158.1619478808716
1631,E,1551419776637968.0,1.9818115,9.539322,1.1755470136732982,163,1970-01-18 22:56:59.776637968,-0.0005187988,-0.0017852783,0.005203247,9.85070527543095,0.00552540950033039,98.64997100830078,-11.621665000915527,4.932028293609619,158212301.0,50354.0,0.0993872221331,-0.013534928607000021,0.058788577670905263,0.0049988569366181965,-0.0006977581844046601,0.002961391041757962,158.21230188501067
1631,E,1551419826991971.0,2.0401764,9.521973,1.2504219136732981,163,1970-01-18 22:56:59.826991971,0.01473999,-0.009796143,-0.0023651123,9.835065690344178,0.017855684782952467,98.64041137695312,-11.63025188446045,4.933650016784668,158262655.0,50354.0,0.10126158935830001,-0.01356297578500005,0.061078619683805256,0.005051735126918979,-0.0006822439388773858,0.003017896427799547,158.2626558879856
1631,E,1551419877345975.0,2.0240784,9.542511,1.2446235136732982,163,1970-01-18 22:56:59.877345975,0.012496948,-0.013595581,-0.009292603,9.852443777129183,0.020672832475446466,98.63140106201172,-11.635320663452148,4.93500280380249,158313009.0,50354.0,0.10232574309960002,-0.013482686332000076,0.06281775872430527,0.00512571826929255,-0.0006809286351197123,0.003119339119180999,158.31300989189185
1631,E,1551419927699979.0,2.0822144,9.498917,1.228083013673298,163,1970-01-18 22:56:59.927699979,0.0010681152,-0.0087890625,-0.0019683838,9.824730171897693,0.009069896608753583,98.6253890991211,-11.65017318725586,4.935816287994385,158363363.0,50354.0,0.10338413382560001,-0.014063167244000042,0.06225533223900526,0.005179157571345762,-0.000693521955482955,0.0031489652111832698,158.36336389603093
1631,E,1551419978053983.0,2.0162354,9.546661,1.2064918136732983,163,1970-01-18 22:56:59.978053983,-0.010238647,-0.0072784424,0.011383057,9.860281400429695,0.016952274267070355,98.62108612060547,-11.654404640197754,4.936143398284912,158413717.0,50354.0,0.10318667061459999,-0.013958682694000017,0.061295290428105255,0.005200833143390916,-0.0007055061158890276,0.003110634026889841,158.41371789993718
1631,E,1551420028407987.0,1.9844818,9.509186,1.1893409136732982,163,1970-01-18 22:57:00.028407987,-0.007858276,-0.013412476,0.009414673,9.82003335026104,0.01817369202555389,98.62042236328125,-11.65488052368164,4.935480117797852,158464071.0,50354.0,0.1007260569444,-0.013700140081000038,0.06031988057640527,0.005133910741752942,-0.0006963661810061764,0.003061905160380562,158.46407190407626
1631,E,1551420078761991.0,1.9929352,9.543411,1.1858924136732982,163,1970-01-18 22:57:00.078761991,0.0071258545,-0.0054779053,-0.00065612793,9.855388801076076,0.009011978289557982,98.62017822265625,-11.655104637145996,4.935342311859131,158514425.0,50354.0,0.10013942780900001,-0.013781965331000024,0.05980124948260527,0.005057190309636352,-0.0006919169679579256,0.0030242896914957087,158.5144259079825
1631,E,1551420129115995.0,1.97612,9.576767,1.207147913673298,163,1970-01-18 22:57:00.129115995,-0.0023345947,-0.012191772,0.0032348633,9.881237734796722,0.012827859427158491,98.61568450927734,-11.652202606201172,4.935611248016357,158564779.0,50354.0,0.09992890277040001,-0.012080478494000011,0.060249576321605255,0.005037120358997555,-0.000651138748182026,0.003022519641272609,158.56477991188876
1631,E,1551420179469999.0,1.992981,9.5338745,1.2219490136732982,163,1970-01-18 22:57:00.179469999,-0.014022827,-0.015609741,0.006881714,9.840946716632265,0.022083063164715307,98.60953521728516,-11.653230667114258,4.935908317565918,158615133.0,50354.0,0.09993005587700002,-0.01232057895450004,0.06115737333980526,0.005031849001865591,-0.0006143454233808859,0.003056662771625333,158.61513391602784
1631,E,1551420229824003.0,2.0089417,9.47406,1.176523513673298,163,1970-01-18 22:57:00.229824003,-0.008239746,-0.003036499,0.0050811768,9.792904419724668,0.010145545721861157,98.6116943359375,-11.65807056427002,4.935199737548828,158665487.0,50354.0,0.1007564078179,-0.014906433093500055,0.060386342821005266,0.005052683096446498,-0.0006854944823324984,0.003060106141780727,158.6654879199341
1631,E,1551420280178007.0,2.003891,9.514206,1.1926063136732983,163,1970-01-18 22:57:00.280178007,0.008117676,0.0060424805,-0.0017700195,9.828355784245286,0.010273324839808995,98.61126708984375,-11.66069221496582,4.9356770515441895,158715841.0,50354.0,0.1010310888879,-0.01540162691800005,0.05964758166310526,0.0050804038045619265,-0.0007630660269095381,0.003022094116736451,158.71584192407317
1631,E,1551420330532011.0,2.0000305,9.574097,1.207376813673298,163,1970-01-18 22:57:00.330532011,0.00592041,7.6293945e-05,-0.0046844482,9.883427928276042,0.007549909289033008,98.60730743408203,-11.660822868347168,4.9365763664245605,158766195.0,50354.0,0.1008067316055,-0.012882995369000042,0.060424375197205255,0.005081670806562332,-0.0007121219353198013,0.0030230516578720382,158.76619592797942
1631,E,1551420380886014.0,2.0156555,9.546875,1.2322487136732982,163,1970-01-18 22:57:00.380886014,-0.010040283,-0.0044403076,0.0038452148,9.856689296337297,0.011632252196408305,98.59964752197266,-11.664462089538574,4.937779426574707,158816549.0,50354.0,0.101102926422,-0.012060487956000034,0.06142245190200525,0.005083479460158367,-0.000628002079673527,0.003067737565876823,158.81654993095435
1631,E,1551420431240018.0,2.0058136,9.544006,1.2316078136732982,163,1970-01-18 22:57:00.431240018,-0.01335144,-0.0028381348,0.0075683594,9.851992842589857,0.015607563013620653,98.59217071533203,-11.666891098022461,4.938967704772949,158866903.0,50354.0,0.1012485275307,-0.012818089063000047,0.06203251578900526,0.005094602556167128,-0.0006263679336073651,0.003108225721556572,158.8669039348606
1631,E,1551420481594022.0,1.9985046,9.524078,1.1454414136732982,163,1970-01-18 22:57:00.481594022,-0.002670288,0.0070495605,0.004119873,9.843810599280872,0.008590698154529307,98.59837341308594,-11.668316841125488,4.937992572784424,158917257.0,50354.0,0.10081671932140002,-0.013392049132000063,0.05984696839690525,0.005087396719995323,-0.0006598926493355178,0.003068559773348669,158.91725793899968
1631,E,1551420531948026.0,1.9790497,9.508423,1.184198713673298,163,1970-01-18 22:57:00.531948026,0.003112793,-0.0016784668,-0.0005950928,9.818953016601316,0.003586205027625035,98.59947967529297,-11.667266845703125,4.937726974487305,158967611.0,50354.0,0.1001428846111,-0.01428792232300004,0.05865334948620526,0.005059559948208553,-0.0006968986413225377,0.0029834825033430734,158.96761194290593
1631,E,1551420582302030.0,1.9786377,9.558441,1.2694648136732982,163,1970-01-18 22:57:00.582302030,-0.0013427734,-0.0071868896,0.0017700195,9.8551975397533,0.007522459142907722,98.58673858642578,-11.665178298950195,4.939924240112305,159017965.0,50354.0,0.09964269566980001,-0.013422765072000018,0.06177588662800526,0.00503000155473222,-0.0006976719765439166,0.0030320468776474786,159.017965947045
1631,E,1551420632656034.0,1.998703,9.554779,1.2581886136732983,163,1970-01-18 22:57:00.632656034,-0.010513306,-0.01423645,0.0074310303,9.857256311726607,0.01919443468747267,98.57571411132812,-11.66628646850586,4.94130802154541,159068319.0,50354.0,0.1001375068039,-0.012255660060000034,0.06363873034030526,0.005029866157680345,-0.0006465057095483654,0.0031575638114111544,159.06831995095126
1631,E,1551420683010038.0,2.0048065,9.50882,1.1876930136732982,163,1970-01-18 22:57:00.683010038,-0.012817383,-0.012283325,0.008865356,9.824048063381447,0.019843384717105346,98.57616424560547,-11.669356346130371,4.940426826477051,159118673.0,50354.0,0.1007963586815,-0.013504967977000038,0.06157996173170526,0.005058911931325916,-0.0006485753320875508,0.0031526310102970093,159.1186739548575
1631,E,1551420733364042.0,2.0023499,9.503571,1.189157813673298,163,1970-01-18 22:57:00.733364042,-0.010848999,-0.0134887695,0.0043792725,9.818251494789784,0.01785569123712066,98.57661437988281,-11.671923637390137,4.939537525177002,159169027.0,50354.0,0.1008881766828,-0.014794231793000013,0.05984197328010526,0.005077811546866981,-0.0007124889526092913,0.003057040057792354,159.1690279589966
1631,E,1551420783718046.0,2.0334473,9.525436,1.210626913673298,163,1970-01-18 22:57:00.783718046,-0.0054473877,-0.014602661,-0.00039672852,9.842677795864269,0.015590674602261882,98.57369995117188,-11.678072929382324,4.939370632171631,159219381.0,50354.0,0.1016092661044,-0.014375890761000036,0.060419380080405254,0.005098278117053334,-0.0007344161755420592,0.0030278200935575732,159.21938196290284
1631,E,1551420834072050.0,2.0522003,9.531036,1.247675313673298,163,1970-01-18 22:57:00.834072050,-0.007507324,-0.016784668,0.0020141602,9.846724163247728,0.0184970763858093,98.5652084350586,-11.686835289001465,4.940186977386475,159269735.0,50354.0,0.1028643496252,-0.013684404456000051,0.06189267517790526,0.005148032223224139,-0.0007064740526784112,0.003079450615238484,159.26973596704192
1631,E,1551420884426053.0,2.038208,9.516113,1.2661079136732982,163,1970-01-18 22:57:00.884426053,-0.008758545,-0.012680054,0.006881714,9.826797492824337,0.01687761439119098,98.55442810058594,-11.694185256958008,4.941617488861084,159320089.0,50354.0,0.1029842097691,-0.013919129627000012,0.06328952031490526,0.0051826491798702915,-0.0006949741776076927,0.0031517121359224904,159.32008997001685
1631,E,1551420934780057.0,2.0172272,9.510864,1.269144413673298,163,1970-01-18 22:57:00.934780057,-0.013534546,-0.011688232,0.0054779053,9.816961211182427,0.018703105335417115,98.54331970214844,-11.698468208312988,4.943125247955322,159370443.0,50354.0,0.1021036920304,-0.014427000071000024,0.06383004784560525,0.005163498103606012,-0.000713670507406547,0.0032004893675771735,159.3704439739231
1631,E,1551420985134061.0,2.0162048,9.52832,1.2600044136732982,163,1970-01-18 22:57:00.985134061,-0.017929077,-0.016571045,0.005569458,9.834931540935683,0.025041369708498736,98.53331756591797,-11.701911926269531,4.9441328048706055,159420797.0,50354.0,0.10154971746400002,-0.014119664432000023,0.06367638002610526,0.00512738189084051,-0.0007187193721920322,0.003210229334526056,159.42079797806218
1631,E,1551421035488065.0,2.0260925,9.555771,1.2950080136732982,163,1970-01-18 22:57:01.035488065,-0.021621704,-0.023040771,0.007003784,9.858760960184993,0.03236399546497177,98.5177001953125,-11.706037521362305,4.9459099769592285,159471151.0,50354.0,0.1017729191221,-0.012989040893000016,0.06432754788330526,0.00511905402132824,-0.000682515873967526,0.0032227548929752285,159.47115198196843
1631,E,1551421085842069.0,2.013504,9.538422,1.2906898136732983,163,1970-01-18 22:57:01.085842069,-0.017486572,-0.013702393,0.008331299,9.839948299693308,0.023726489779675248,98.50361633300781,-11.708902359008789,4.947873592376709,159521505.0,50354.0,0.10170492108050001,-0.012734702839000021,0.06510011419910526,0.0051229615827808606,-0.0006476466959405649,0.00325860024824885,159.52150598587468
1631,E,1551421136196073.0,1.9880066,9.550674,1.250772813673298,163,1970-01-18 22:57:01.136196073,-0.012161255,-0.010192871,0.011672974,9.85214722196935,0.019698960998041037,98.49568939208984,-11.707714080810547,4.948775768280029,159571859.0,50354.0,0.10074603237620001,-0.012863030008000001,0.06398640456870526,0.005097107655179337,-0.0006444741198889197,0.003250011283017166,159.57185999001376
1631,E,1551421186550077.0,1.9575958,9.542496,1.174387313673298,163,1970-01-18 22:57:01.186550077,-0.006134033,-0.00048828125,0.0065612793,9.849108345370489,0.008995285736250908,98.49956512451172,-11.701952934265137,4.947854518890381,159622213.0,50354.0,0.09933843162480001,-0.01276045891000002,0.06105825652620526,0.005037526550153178,-0.0006451225804884866,0.0031482494323865624,159.62221399392
1631,E,1551421236904081.0,1.9294586,9.5168,1.1466468136732981,163,1970-01-18 22:57:01.236904081,0.004776001,0.007507324,-0.0010681152,9.822792083474818,0.008961638760486168,98.50846099853516,-11.692614555358887,4.946471214294434,159672567.0,50354.0,0.0978643686288,-0.013613304608000042,0.05843667622420526,0.004964974901984887,-0.0006640122440926875,0.0030085239218570854,159.6725679980591
1631,E,1551421287258085.0,1.9280548,9.541962,1.2221626136732981,163,1970-01-18 22:57:01.287258085,0.0033721924,-0.0045928955,-0.004272461,9.835818697744092,0.007121818142374812,98.50550842285156,-11.682668685913086,4.946911334991455,159722922.0,50355.0,0.0971225436285,-0.013627019745000041,0.05964069935701892,0.00490928298335817,-0.0006858432663976596,0.0029728931236962714,159.72292200196534
1631,E,1551421337612089.0,1.9963531,9.535248,1.2592262136732981,163,1970-01-18 22:57:01.337612089,0.0016326904,-0.0049438477,-0.004333496,9.83770424226048,0.006773957159966651,98.49725341796875,-11.683063507080078,4.948393821716309,159773276.0,50354.0,0.09880481769830002,-0.013162283830000059,0.06247392650610526,0.004932863176124844,-0.0006744742961077775,0.003074479935355878,159.7732760058716
1631,E,1551421387966093.0,2.019806,9.518494,1.2745307136732982,163,1970-01-18 22:57:01.387966093,0.0032348633,0.003112793,-0.001083374,9.824139695163186,0.004618172804736944,98.48729705810547,-11.68757152557373,4.950599193572998,159823630.0,50354.0,0.10111483766070001,-0.013753137666000044,0.06379239815980525,0.005033377162973544,-0.0006776495670047947,0.003179007256113629,159.82363001001067
1631,E,1551421438320096.0,2.0209503,9.514832,1.271479013673298,163,1970-01-18 22:57:01.438320096,0.003250122,0.005859375,0.00047302246,9.821248176596301,0.006717091532290851,98.47809600830078,-11.692325592041016,4.952776908874512,159873984.0,50354.0,0.1017341213651,-0.014267151298000021,0.06410088690540525,0.005107128241392567,-0.0007054668152466296,0.003219969238086805,159.8739840129856
1631,E,1551421488674100.0,2.0065308,9.50769,1.2321571136732983,163,1970-01-18 22:57:01.488674100,-0.0016784668,0.003540039,0.0021209717,9.816884702152521,0.004455069906569832,98.4748764038086,-11.6950044631958,4.953573703765869,159924338.0,50354.0,0.10139989165470001,-0.014539163606000027,0.06303404677820526,0.005114305045799505,-0.0007252565903380092,0.003200876225352262,159.92433801689185
1631,E,1551421539028104.0,1.9864807,9.505447,1.237512913673298,163,1970-01-18 22:57:01.539028104,-0.0035705566,-0.0016784668,0.0014648438,9.809872247652063,0.0042085499392194746,98.4709243774414,-11.6947660446167,4.9542460441589355,159974692.0,50354.0,0.1005320505355,-0.014775449751000027,0.06217888227850526,0.0050840405085226656,-0.0007380540204891905,0.0031524859148608013,159.97469202103093
1631,E,1551421589382108.0,1.995163,9.504074,1.313257613673298,163,1970-01-18 22:57:01.589382108,0.0011901855,-0.002243042,-0.0005950928,9.799853501073686,0.002608048001626138,98.45616912841797,-11.696043014526367,4.957145690917969,160025046.0,50354.0,0.1002458434349,-0.01486648978300005,0.06422074956700526,0.005054985036492762,-0.00074629511164752,0.003182363530974418,160.02504602493718
1631,E,1551421639736112.0,1.983017,9.52861,1.2919410136732983,163,1970-01-18 22:57:01.639736112,0.0032806396,-0.0010375977,-0.0005950928,9.824067869660322,0.0034918964206782093,98.44450378417969,-11.694747924804688,4.959496974945068,160075400.0,50354.0,0.10015863786000001,-0.014283314932000043,0.06559108584070526,0.005045583625561698,-0.0007339046333095574,0.003268272580059928,160.07540002907626
1631,E,1551421690090116.0,1.9971008,9.556992,1.2756446136732982,163,1970-01-18 22:57:01.690090116,0.000289917,-0.002456665,0.000579834,9.856666257434783,0.002540760172993508,98.43480682373047,-11.694642066955566,4.96134090423584,160125754.0,50354.0,0.10020742585060001,-0.012950998446000042,0.06464410333970526,0.005044616386041777,-0.0006856783079179082,0.0032789313579951957,160.1257540329825
1631,E,1551421740444120.0,2.0210419,9.5429535,1.2779029136732982,163,1970-01-18 22:57:01.740444120,-0.001449585,0.0021820068,0.0015411377,9.847630684767097,0.003039334755803074,98.4251937866211,-11.698451042175293,4.963370323181152,160176108.0,50354.0,0.10116477875790002,-0.01258987214650007,0.06429066609600527,0.005069947995428205,-0.0006430424989073754,0.003246190690082884,160.17610803688876
1631,E,1551421790798124.0,1.9816284,9.528015,1.2765144136732982,163,1970-01-18 22:57:01.790798124,0.00010681152,0.0012359619,0.00033569336,9.825320903282195,0.0012851850259804655,98.41639709472656,-11.696907043457031,4.965208530426025,160226462.0,50354.0,0.10077523014310001,-0.013319426075500053,0.06431256505060526,0.005084243604100478,-0.0006523184013352972,0.003237843550578214,160.22646204102784
1631,E,1551421841152128.0,1.9785004,9.5503235,1.257471413673298,163,1970-01-18 22:57:01.841152128,-6.1035156e-05,-0.0038146973,-0.0012207031,9.84895908189407,0.0040057155215073425,98.41022491455078,-11.694117546081543,4.966287612915039,160276816.0,50354.0,0.0997041627976,-0.013133871585500057,0.06379816117510526,0.005047469676068004,-0.0006660146752109998,0.003225443754184714,160.2768160449341
1631,E,1551421891506132.0,1.9973602,9.530746,1.2579750136732981,163,1970-01-18 22:57:01.891506132,0.0014038086,-1.5258789e-05,-0.0029296875,9.8337194878955,0.003248689006927557,98.4045639038086,-11.694599151611328,4.967469692230225,160327170.0,50354.0,0.1001002423262,-0.013065113198500039,0.06333139470130525,0.005030475507801913,-0.0006596118399067705,0.0032007408283003876,160.32717004907317
1631,E,1551421941860136.0,1.9796753,9.522339,1.2796424136732982,163,1970-01-18 22:57:01.941860136,0.0033569336,-0.008346558,-0.0031433105,9.818992716269667,0.009529660777886232,98.39620971679688,-11.692811012268066,4.968814849853516,160377524.0,50354.0,0.10012982278350001,-0.013769678955000007,0.06388959396830526,0.005041192349266917,-0.0006756195620486706,0.003203042831734784,160.37752405297942
1631,E,1551421992214139.0,1.9934998,9.538483,1.3043617136732981,163,1970-01-18 22:57:01.992214139,0.0012207031,-0.00340271,-0.00016784668,9.834083794719923,0.0036189396113276927,98.38394165039062,-11.692859649658203,4.9711503982543945,160427878.0,50354.0,0.1000326294927,-0.013574884506000038,0.06505747191420526,0.005039490060957888,-0.0006884540742575982,0.0032465002777239678,160.42787805595435
1631,E,1551422042568143.0,1.9911346,9.563736,1.2390846136732983,163,1970-01-18 22:57:02.042568143,0.0014343262,-0.0004119873,0.0021972656,9.867079587326433,0.0026561252418346335,98.38101196289062,-11.691693305969238,4.9717206954956055,160478232.0,50354.0,0.1003211402888,-0.012532632237000041,0.06403634818360526,0.005044306861788825,-0.000657308949038513,0.0032501951086025753,160.4782320598606
1631,E,1551422092922147.0,1.9700775,9.550476,1.240366313673298,163,1970-01-18 22:57:02.092922147,0.00010681152,-0.004470825,0.0006713867,9.849813923030476,0.004522216821688961,98.37825012207031,-11.687844276428223,4.972062110900879,160528586.0,50354.0,0.09973143704170001,-0.012230684476000031,0.06242513599780526,0.005036723739449999,-0.0006234660248832028,0.0031839207872353726,160.52858606399968
1631,E,1551422143276151.0,1.9527435,9.521027,1.2821907136732982,163,1970-01-18 22:57:02.143276151,-0.00090026855,-0.0022583008,0.0027008057,9.811975309160243,0.0036338350808136893,98.36994171142578,-11.682758331298828,4.973609447479248,160578940.0,50354.0,0.098764864317,-0.01330596896900004,0.06351041827750525,0.00499754137930799,-0.0006429363237847668,0.0031706794499894927,160.57894006790593
1631,E,1551422193630155.0,1.986084,9.525772,1.2325691136732981,163,1970-01-18 22:57:02.193630155,0.00018310547,6.1035156e-05,0.00340271,9.830188297422037,0.003408179609045255,98.36907196044922,-11.68226146697998,4.973762035369873,160629294.0,50354.0,0.09916785996750001,-0.013927941577000036,0.06331410817310526,0.004983352199310857,-0.0006856681658166439,0.003193061102447021,160.629294072045
1631,E,1551422243984159.0,2.0187988,9.541855,1.2298530136732981,163,1970-01-18 22:57:02.243984159,-0.002822876,-0.0029449463,0.002609253,9.852810471254836,0.00484247238910752,98.36817169189453,-11.685900688171387,4.973756790161133,160679648.0,50354.0,0.1008309342556,-0.01340355502100004,0.061996401900205264,0.005035369642154989,-0.000688125089847848,0.0031549427121157388,160.67964807595126
1631,E,1551422294338163.0,2.0041351,9.551636,1.2600502136732983,163,1970-01-18 22:57:02.294338163,-0.00340271,0.007446289,0.0032958984,9.855054390989949,0.008825451913570408,98.36251068115234,-11.687311172485352,4.975205898284912,160730002.0,50354.0,0.1012854068003,-0.012752377093000032,0.06268829355490527,0.005088683118764394,-0.0006585279028341799,0.003139186577473318,160.7300020798575
1631,E,1551422344681682.0,1.9694366,9.525864,1.229944613673298,163,1970-01-18 22:57:02.344681682,-0.0026245117,0.005859375,0.0050964355,9.82730064914493,0.008197194145542859,98.36203002929688,-11.68443775177002,4.97552490234375,160780345.0,50343.0,0.10002076004655,-0.013152108750000021,0.06267690479655486,0.005067178178785484,-0.0006520547653970758,0.0031556300903037783,160.78034559893422
1631,E,1551422395035686.0,1.9557343,9.562744,1.2587837136732982,163,1970-01-18 22:57:02.395035686,-0.0026245117,0.002960205,0.0029449463,9.85627849757364,0.004931894566527714,98.35655212402344,-11.678617477416992,4.976729393005371,160830699.0,50354.0,0.09882402774930002,-0.012875316384000019,0.06265871309760525,0.005006315222336116,-0.000655292482598719,0.0031555748517212686,160.8306996030733
1631,E,1551422445389690.0,1.9484711,9.5469055,1.2413887136732982,163,1970-01-18 22:57:02.445389690,-0.005554199,0.0021972656,0.0037384033,9.84190757046064,0.007046471590945021,98.35395812988281,-11.672320365905762,4.97727632522583,160881053.0,50354.0,0.0982961793558,-0.012345554538500043,0.06294684120330526,0.004962895454285104,-0.0006349858672157841,0.0031623710406340245,160.88105360697955
1631,E,1551422495743693.0,1.9787903,9.524826,1.2590126136732982,163,1970-01-18 22:57:02.495743693,-0.004058838,0.0008087158,0.0054626465,9.82408015453484,0.0068533709909340155,98.34941864013672,-11.671295166015625,4.978156089782715,160931407.0,50354.0,0.09887666026780001,-0.013300216024500074,0.06295260421860525,0.004964220583203377,-0.000645683565464654,0.003169770337387441,160.93140760995448
1631,E,1551422546097697.0,1.9873962,9.499161,1.2788490136732982,163,1970-01-18 22:57:02.546097697,-0.005508423,-0.0009918213,0.0065460205,9.798188990436934,0.00861259646241962,98.34253692626953,-11.67239761352539,4.979396343231201,160981761.0,50354.0,0.09985667751050001,-0.014502279301000037,0.06389574219170525,0.0050035092452442595,-0.0006999834248101163,0.003193660817572388,160.98176161386073
1631,E,1551422596451701.0,2.013031,9.526886,1.2796119136732982,163,1970-01-18 22:57:02.596451701,-0.005432129,0.0019989014,0.0046844482,9.830182936431662,0.007446320381104093,98.33512115478516,-11.676254272460938,4.980906963348389,161032115.0,50354.0,0.1007187556144,-0.014450414681000032,0.06441437076780525,0.0050498876797856074,-0.0007289419763848158,0.0032304637139815963,161.0321156179998
1631,E,1551422646805705.0,2.004837,9.521469,1.3028205136732982,163,1970-01-18 22:57:02.646805705,-0.002532959,-0.0008087158,0.0051727295,9.820098315518242,0.005816101187309321,98.32473754882812,-11.679105758666992,4.982903003692627,161082469.0,50354.0,0.101157862636,-0.01388876616500006,0.06501790122330525,0.005082647617690321,-0.0007134955561597444,0.00325871631192019,161.08246962190606
1631,E,1551422697159709.0,1.9920807,9.514694,1.3012031136732982,163,1970-01-18 22:57:02.697159709,-0.0045776367,-0.0019989014,0.0043182373,9.811150031557201,0.006602843171181649,98.31493377685547,-11.680211067199707,4.984720230102539,161132823.0,50354.0,0.1006303969329,-0.014195724149000033,0.06556150286570527,0.005080423011166196,-0.0007070832126355804,0.003287597656749018,161.13282362604514
1631,E,1551422747513713.0,2.0025635,9.522903,1.2470344136732983,163,1970-01-18 22:57:02.747513713,-0.0050811768,0.0028839111,0.0044403076,9.828708740614493,0.007338367154086747,98.31307220458984,-11.68234634399414,4.985149383544922,161183177.0,50354.0,0.1005731570234,-0.01415962033100004,0.06415697622600526,0.005065701877957766,-0.0007139025079729619,0.0032659221480919962,161.1831776299514
1631,E,1551422797867717.0,2.019226,9.559601,1.2985939136732982,163,1970-01-18 22:57:02.797867717,-0.0040130615,0.0054779053,0.0047454834,9.860580812231147,0.008284426460427173,98.3029556274414,-11.685980796813965,4.98738956451416,161233531.0,50354.0,0.10125659424150002,-0.013028996792000033,0.06409128439760527,0.005081467647596388,-0.0006845278133057729,0.0032289064577206423,161.23353163385764
1631,E,1551422848221721.0,1.974762,9.539825,1.2674354136732982,163,1970-01-18 22:57:02.848221721,-0.0029144287,0.005004883,0.0031738281,9.836644850924623,0.00660423601178988,98.29814147949219,-11.683557510375977,4.988558769226074,161283885.0,50354.0,0.100556635876,-0.012602951598000008,0.06460492037460526,0.005081051694668298,-0.0006453355646150311,0.0032401843475499447,161.28388563799672
1631,E,1551422898575725.0,2.0058746,9.513626,1.3038124136732983,163,1970-01-18 22:57:02.898575725,-0.0026245117,-0.00093078613,0.0010070801,9.812572135738154,0.0029611880742454163,98.28868103027344,-11.686402320861816,4.990391254425049,161334239.0,50354.0,0.1002204876782,-0.013760464173000017,0.06473630654910525,0.005054965639724094,-0.0006637517188664677,0.00325642407025826,161.33423964190297
1631,E,1551422948929729.0,1.975174,9.523254,1.343897213673298,163,1970-01-18 22:57:02.948929729,-0.0010223389,0.0036621094,0.006088257,9.81035528881978,0.007177958998355351,98.2734146118164,-11.684966087341309,4.993612766265869,161384593.0,50354.0,0.1002308606022,-0.014177672240000036,0.06666138528770527,0.005046763595655632,-0.0007033984604701024,0.003308199687375379,161.38459364604205
1631,E,1551422999283733.0,1.9743195,9.526184,1.2999519136732982,163,1970-01-18 22:57:02.999283733,-0.0021362305,0.0041503906,0.0046844482,9.818875638507064,0.0066131140788725125,98.26486206054688,-11.683099746704102,4.99548864364624,161434947.0,50354.0,0.09943639784950001,-0.013861499474000028,0.06656418947920525,0.005027022566038452,-0.0007059422262433796,0.0033542202959065065,161.4349476499483
1631,E,1551423049637736.0,2.0214844,9.560913,1.273233713673298,163,1970-01-18 22:57:03.049637736,-0.0018005371,-0.0030059814,0.0045166016,9.865766370409972,0.005716427908995699,98.25983428955078,-11.686814308166504,4.996309757232666,161485301.0,50354.0,0.1006023547903,-0.012913358831000038,0.06478509453970527,0.005036375675212245,-0.0006741106075449867,0.0033069809237441104,161.48530165292323
1631,E,1551423099991740.0,2.0222473,9.527649,1.2644599136732981,163,1970-01-18 22:57:03.099991740,-0.0015563965,0.00016784668,0.0055999756,9.83490326400035,0.005814659860541684,98.25691223144531,-11.691567420959473,4.996856212615967,161535655.0,50354.0,0.10180903301090001,-0.012876474526000046,0.06389151245570525,0.0050961115106708125,-0.0006493106344291911,0.0032396909343234506,161.5356556570623
1631,E,1551423150345744.0,2.0306244,9.512314,1.3160957136732983,163,1970-01-18 22:57:03.150345744,0.0001373291,0.0006713867,0.0032653809,9.814740343392451,0.0033365149190028374,98.24684143066406,-11.69796371459961,4.998908042907715,161586009.0,50354.0,0.10203915079090002,-0.014100051549000032,0.06497064902970526,0.005132285723577919,-0.0006791879969902769,0.003244362639718181,161.58600966096856
1631,E,1551423200699748.0,2.0353546,9.562927,1.3590797136732982,163,1970-01-18 22:57:03.200699748,-0.0002593994,-0.0028533936,0.0034484863,9.859151389338038,0.004483436276621873,98.22969055175781,-11.703533172607422,5.002220630645752,161636363.0,50354.0,0.10236915328300002,-0.013211857343000033,0.06735289173430527,0.005146387871668582,-0.0006876319301738857,0.0033315097858154937,161.6363636648748
1631,E,1551423251053752.0,2.033966,9.550934,1.2691291136732983,163,1970-01-18 22:57:03.251053752,-0.00048828125,0.004852295,0.006286621,9.859228538140961,0.007956430666056707,98.22633361816406,-11.708930015563965,5.003084182739258,161686717.0,50354.0,0.10245328474619998,-0.012239521603000037,0.06617041364610526,0.005156814522261168,-0.0006407893677234438,0.0033617162595625956,161.6867176690139
1631,E,1551423301407756.0,1.9989014,9.554291,1.330896713673298,163,1970-01-18 22:57:03.301407756,-0.0013580322,-4.5776367e-05,0.0043029785,9.846981104885494,0.00451242406068787,98.21394348144531,-11.70923900604248,5.005557060241699,161737071.0,50354.0,0.1015355025298,-0.012456950175000061,0.06546085025510526,0.005135825697247852,-0.0006217830699547086,0.0033140803312407775,161.73707167292014
1631,E,1551423351761760.0,2.0299835,9.531021,1.3058265136732983,163,1970-01-18 22:57:03.351761760,-0.0015563965,0.0062561035,0.004562378,9.83411525644809,0.007897879087629064,98.20594024658203,-11.71460247039795,5.0074381828308105,161787425.0,50354.0,0.10143523512730002,-0.012958299776000035,0.06638478069490526,0.005110194261992807,-0.0006398797480163294,0.0033194774504284145,161.78742567705922
1631,E,1551423402115764.0,1.962677,9.51767,1.254496013673298,163,1970-01-18 22:57:03.402115764,-0.0015563965,0.00077819824,0.0038604736,9.814538253650056,0.00423452700809055,98.20600891113281,-11.710322380065918,5.007413387298584,161837779.0,50354.0,0.10052321340850001,-0.013880306692999996,0.06446124027100526,0.0050847078587858375,-0.0006757155950700138,0.0032943102698587295,161.83777968096547
1631,E,1551423452469768.0,2.0081024,9.528168,1.3045600136732982,163,1970-01-18 22:57:03.452469768,0.0020446777,0.0038909912,0.0036773682,9.827026019315888,0.0057309297931248445,98.19866943359375,-11.712557792663574,5.009092330932617,161888133.0,50354.0,0.09997231295379999,-0.013952136673999997,0.06442935360050525,0.005047875867223627,-0.0007007374266509588,0.0032450784819030207,161.88813368487172
1631,E,1551423502823772.0,2.037506,9.581131,1.284876213673298,163,1970-01-18 22:57:03.502823772,-0.0045776367,-0.003479004,0.00642395,9.887061089057417,0.00862121570265487,98.19303131103516,-11.717350959777832,5.009973049163818,161938487.0,50354.0,0.1018562826868,-0.012354379077000035,0.06519423589590526,0.005081438552443386,-0.0006623191470629279,0.0032635331127511273,161.9384876890108
1631,E,1551423553177776.0,1.9963684,9.527496,1.3279365136732981,163,1970-01-18 22:57:03.553177776,-0.0013122559,-0.0012817383,0.0032806396,9.82086093983834,0.00375865199265107,98.18246459960938,-11.71780014038086,5.012026309967041,161988841.0,50354.0,0.10156085576880002,-0.012371298021000074,0.06578278603640525,0.005121433294896642,-0.0006225183722963488,0.0032976084811897816,161.98884169291705
1631,E,1551423603531779.0,2.0065155,9.530289,1.2840827136732982,163,1970-01-18 22:57:03.603531779,-0.0014038086,-0.0033416748,0.0044403076,9.831537030061082,0.005731823500161774,98.17855072021484,-11.71945571899414,5.012609481811523,162039195.0,50354.0,0.1007806079503,-0.01365134705500006,0.06576280808690525,0.005094351032055781,-0.0006551721350784555,0.003311923423242589,162.03919569589198
1631,E,1551423653885783.0,2.026062,9.557297,1.2625984136732982,163,1970-01-18 22:57:03.653885783,-0.0043182373,0.0025939941,0.003829956,9.864668082892049,0.00632807567368486,98.17713928222656,-11.722979545593262,5.0129499435424805,162089549.0,50354.0,0.10152820371750002,-0.012901047278000038,0.06411779074320526,0.0050935289513602015,-0.0006685096321219435,0.003270003836745692,162.08954970003106
1631,E,1551423704239787.0,1.9482422,9.520035,1.219278713673298,163,1970-01-18 22:57:03.704239787,-0.0066223145,-0.0028381348,0.0036773682,9.818947365685938,0.008089072589503234,98.18289184570312,-11.716181755065918,5.011555194854736,162139903.0,50354.0,0.1000610568434,-0.013159212236000032,0.062486220435205256,0.00507541281314178,-0.0006561191537839798,0.003187509189438842,162.1399037039373
1631,E,1551423754593791.0,1.9859314,9.551239,1.329660713673298,163,1970-01-18 22:57:03.754593791,0.008987427,-0.019714355,-0.009399414,9.841557394140217,0.02361733729042607,98.17249298095703,-11.713720321655273,5.01286506652832,162190257.0,50354.0,0.0990506887272,-0.013311734502000018,0.06417464796230525,0.005013036418230997,-0.0006664590260226273,0.003188940683644122,162.1902577080764
1631,E,1551423804947795.0,2.1444397,9.564987,1.3294471136732982,163,1970-01-18 22:57:03.804947795,0.015029907,-0.01914978,-0.019760132,9.88808953707867,0.03135402677702615,98.16244506835938,-11.732903480529785,5.01426887512207,162240611.0,50354.0,0.1039903531847,-0.01217997799800001,0.06694835776910525,0.005111964312215907,-0.0006418048456125008,0.003301283915299722,162.24061171198264
1631,E,1551423855301799.0,2.0606995,9.540161,1.3466743136732982,163,1970-01-18 22:57:03.855301799,0.001953125,0.014190674,0.009185791,9.843953508500007,0.017016717725095578,98.1496353149414,-11.742234230041504,5.017520427703857,162290965.0,50354.0,0.1058727896384,-0.012458888804000041,0.06737670917630527,0.005283724346857189,-0.0006203327494739554,0.0033819022104846007,162.2909657158889
1631,E,1551423905655803.0,1.8667145,9.594315,1.2350868136732982,163,1970-01-18 22:57:03.905655803,0.018218994,0.01852417,0.0053710938,9.873004725843337,0.026531589948009793,98.15316772460938,-11.72154426574707,5.017847537994385,162341319.0,50354.0,0.09888050227800001,-0.011720497748000052,0.06500099990320526,0.005155073630579204,-0.0006087644152197064,0.0033328735814948367,162.34131972002797
1631,E,1551423956009807.0,2.143219,9.431992,1.1830085136732982,163,1970-01-18 22:57:03.956009807,0.09492493,-0.010055542,-0.011062622,9.779795096458823,0.09609494193730254,98.17190551757812,-11.744373321533203,5.014591217041016,162391673.0,50354.0,0.10095809572950003,-0.014443868661000057,0.06088038605660526,0.005031336382034829,-0.0006587402530793958,0.0031693156543101497,162.39167372393422
1631,E,1551424006363811.0,1.8779755,9.580704,1.1196540136732982,163,1970-01-18 22:57:04.006363811,0.10296631,0.0045776367,-0.016326904,9.87888369047831,0.10435316740280816,98.19641876220703,-11.723977088928223,5.010984420776367,162442027.0,50354.0,0.10124161392650001,-0.014786552808000036,0.05797413445100526,0.005090782090009113,-0.0007359343213250155,0.00299240026282011,162.4420277280733
1631,E,1551424056717815.0,2.0026855,9.524017,1.2364753136732982,163,1970-01-18 22:57:04.056717815,0.06062317,-0.014953613,0.0061187744,9.83130211614056,0.06273929137917293,98.20255279541016,-11.724918365478516,5.009589195251465,162492381.0,50354.0,0.097703401997,-0.012469639383000001,0.059320268074605255,0.0050088386659059595,-0.0006862291507928079,0.0029531211723872962,162.49238173197955
1631,E,1551424107071818.0,2.0099792,9.489243,1.068613413673298,163,1970-01-18 22:57:04.107071818,0.034973145,-0.039855957,0.005935669,9.824357923962449,0.053355883893479214,98.23297882080078,-11.726998329162598,5.001789093017578,162542735.0,50354.0,0.10102685915190002,-0.01477235298000002,0.05803521888840526,0.005003431784945856,-0.0006858716417232515,0.0029546590952677157,162.54273573495448
1631,E,1551424157425822.0,2.1328278,9.563644,1.3178962136732981,163,1970-01-18 22:57:04.157425822,0.0035552979,0.021072388,-0.0042266846,9.88580266421726,0.02178418100108805,98.22217559814453,-11.745255470275879,5.005074501037598,162593089.0,50354.0,0.10430345183899999,-0.013774664001000034,0.06008515288770526,0.00516960123981789,-0.0007187282465306384,0.0029739166002071345,162.59308973886073
1631,E,1551424207779826.0,1.8878784,9.494003,1.1312660136732982,163,1970-01-18 22:57:04.207779826,-0.008483887,-0.004348755,0.0103302,9.794944635768434,0.014057063730338352,98.24029541015625,-11.72994613647461,5.00101900100708,162643443.0,50354.0,0.1012293199974,-0.013654821481000053,0.06166255739790525,0.005174698596525042,-0.0006905921559803163,0.0030652421018608164,162.6434437429998
1631,E,1551424258133830.0,2.0173035,9.510391,1.2293037136732983,163,1970-01-18 22:57:04.258133830,-0.009033203,-0.00289917,0.0040130615,9.822113603415167,0.010300903151223744,98.2430648803711,-11.733176231384277,5.000195503234863,162693797.0,50354.0,0.09832076469630001,-0.014995572262000047,0.059432064025405254,0.005024072482333285,-0.0007213309632675136,0.003048799283574689,162.69379774690606
1631,E,1551424308487834.0,2.0377655,9.51593,1.1655525136732983,163,1970-01-18 22:57:04.308487834,0.023910522,0.017837524,-0.008666992,9.8409705834894,0.031064563011430308,98.25643157958984,-11.738323211669922,4.998645305633545,162744151.0,50354.0,0.102094472213,-0.014443516183000008,0.060295295235905266,0.005045854419665447,-0.0007411879297797663,0.003014375724122015,162.74415175104514
1631,E,1551424358841838.0,1.98172,9.560883,1.245462713673298,163,1970-01-18 22:57:04.358841838,0.015625,0.029190063,0.0056762695,9.861521954644223,0.03359196984966197,98.25624084472656,-11.735175132751465,5.000217914581299,162794505.0,50354.0,0.1011985864335,-0.013172279099000003,0.06070213037890527,0.005118309337542931,-0.0006952828778149144,0.003046352184704085,162.7945057549514
1631,E,1551424409195842.0,1.8957672,9.556595,1.096872713673298,163,1970-01-18 22:57:04.409195842,0.024032593,0.017578125,0.0015716553,9.862421338055976,0.029816540798712585,98.27849578857422,-11.719093322753906,4.9967803955078125,162844859.0,50354.0,0.0976234952344,-0.012148456394000032,0.058972979054305256,0.0050057435501527185,-0.0006375001575072618,0.0030130602301999417,162.84485975885764
1631,E,1551424459549846.0,2.1133728,9.461914,1.0466102136732982,163,1970-01-18 22:57:04.459549846,0.05479431,0.024795532,-0.011245728,9.82321413138684,0.06118579258119574,98.31114196777344,-11.7363920211792,4.991978645324707,162895213.0,50354.0,0.10093811778000002,-0.01464019890700004,0.053966469661805266,0.004999185730863549,-0.0006744579745132789,0.002843476500325515,162.89521376299672
1631,E,1551424509903850.0,1.9209442,9.563126,1.0962318136732982,163,1970-01-18 22:57:04.509903850,0.009719849,-0.014633179,-0.0069274902,9.873716733596487,0.018883736725021825,98.3315658569336,-11.723026275634766,4.987269878387451,162945567.0,50354.0,0.101571999109,-0.014475767920000021,0.05395033372250526,0.0050985972129143535,-0.0007330526968033805,0.0027170213588067864,162.94556776690297
1631,E,1551424560257854.0,2.0837708,9.506592,1.087107013673298,163,1970-01-18 22:57:04.560257854,-0.03475952,-0.027328491,-0.0005493164,9.853542997149782,0.04421959293655687,98.35196685791016,-11.734972953796387,4.981446266174316,162995921.0,50354.0,0.100826709555,-0.013350909914000038,0.054969921656105265,0.0050957922880335285,-0.0007005922678266195,0.0027422852696672773,162.99592177104205
1631,E,1551424610611858.0,2.1527405,9.51059,1.1715950136732982,163,1970-01-18 22:57:04.610611858,-0.058654785,-0.027938843,0.009094238,9.859374445136362,0.0656023468816133,98.35819244384766,-11.757145881652832,4.978163719177246,163046275.0,50354.0,0.1066626450001,-0.014673608786000035,0.056867340942505264,0.005223959479633753,-0.0007055733073099018,0.0028157267604452174,163.0462757749483
1631,E,1551424660965861.0,1.9937744,9.625397,1.277185813673298,163,1970-01-18 22:57:04.660965861,-0.092422485,0.0049591064,0.014785767,9.922126742362686,0.0937290103203914,98.34432220458984,-11.753791809082031,4.98018217086792,163096629.0,50354.0,0.1043968056373,-0.011682455301000035,0.061652954890105256,0.00531384378869782,-0.0006635666255184008,0.0029839854881776352,163.09662977792323
1631,E,1551424711319865.0,2.0225067,9.394302,1.158747113673298,163,1970-01-18 22:57:04.711319865,0.0055389404,0.014541626,0.034317017,9.721249268492627,0.03768018581770686,98.35813903808594,-11.761966705322266,4.9778852462768555,163146983.0,50354.0,0.10111790925470002,-0.014610238277000056,0.06132948331180525,0.005174243976835885,-0.0006619711462133083,0.0030963288466095014,163.1469837820623
1631,E,1551424761673869.0,1.8764954,9.551041,1.1155494136732982,163,1970-01-18 22:57:04.761673869,-0.026992798,-0.029373169,0.024993896,9.850466064884374,0.04707535489223826,98.37320709228516,-11.743504524230957,4.972940444946289,163197337.0,50354.0,0.09816517587170001,-0.016482299289000052,0.05725996366900526,0.005017350234227374,-0.0007828168182991848,0.0029857265066358663,163.19733778596856
1631,E,1551424812027873.0,1.8816681,9.531342,1.1205543136732983,163,1970-01-18 22:57:04.812027873,0.006652832,0.0010375977,-0.0045776367,9.831586930260341,0.008141961702468035,98.38894653320312,-11.725563049316406,4.969891548156738,163247691.0,50354.0,0.0946192824395,-0.013032043209000034,0.05629838354340526,0.004853734306901083,-0.0007430826010721482,0.0028590585077668596,163.2476917898748
1631,E,1551424862381877.0,1.9547577,9.547958,1.129648513673298,163,1970-01-18 22:57:04.862381877,0.0007019043,-0.0070648193,0.0015411377,9.860536870835801,0.007264946441535014,98.40233612060547,-11.718313217163086,4.966825008392334,163298045.0,50354.0,0.0965896923666,-0.013109663900000039,0.05665335658410526,0.00481406835869318,-0.0006581697598832949,0.0028437859611903328,163.2980457940139
1631,E,1551424912735881.0,2.1007538,9.501526,1.1322578136732981,163,1970-01-18 22:57:04.912735881,0.01576233,0.020080566,0.0013885498,9.845301272951541,0.02556576320895459,98.41648864746094,-11.733587265014648,4.965065956115723,163348399.0,50354.0,0.1021056130355,-0.013860341332000045,0.056948015603605254,0.0050025517041086725,-0.0006790238217260662,0.0028601417475699878,163.34839979792014
1631,E,1551424963089885.0,2.001587,9.551117,1.1691383136732982,163,1970-01-18 22:57:04.963089885,0.0050811768,0.013031006,0.00015258789,9.867066430582048,0.01398745002168261,98.42335510253906,-11.732955932617188,4.964356899261475,163398753.0,50354.0,0.10328463432160001,-0.013780807189000042,0.05794225029820526,0.005171110257709707,-0.0006959211963132192,0.0028925922246098835,163.39875380205922
1631,E,1551425013443889.0,2.062439,9.514313,1.2240547136732982,163,1970-01-18 22:57:05.013443889,-0.0027160645,0.019836426,0.007369995,9.836024844383578,0.021334892292244206,98.42232513427734,-11.742734909057617,4.965446472167969,163449107.0,50354.0,0.10231998260200001,-0.013458868890000057,0.06025342084950526,0.005176507440285478,-0.0006858133246409855,0.002975812412485908,163.44910780596547
1631,E,1551425063797893.0,2.0198364,9.479294,1.1315712136732983,163,1970-01-18 22:57:05.063797893,0.0068969727,0.0022583008,0.0019989014,9.806967053903934,0.007527533575796782,98.43637084960938,-11.74643611907959,4.96274995803833,163499461.0,50354.0,0.10277944774580001,-0.015267156561000061,0.059307593972805266,0.005163788357866562,-0.00072323514277983,0.003010187670181312,163.49946180987172
1631,E,1551425114151897.0,2.0263824,9.542358,1.2192176136732982,163,1970-01-18 22:57:05.114151897,0.0048675537,0.01838684,0.0066833496,9.856368870032359,0.020160261061896095,98.43550872802734,-11.74984359741211,4.963818073272705,163549815.0,50354.0,0.1018716507276,-0.014561067596000048,0.05918581030610526,0.005152500706264792,-0.0007509851996007918,0.0029833084395301307,163.5498158140108
1631,E,1551425164505901.0,2.0319977,9.519455,1.123926513673298,163,1970-01-18 22:57:05.164505901,-0.0038909912,-0.011795044,0.004623413,9.849458252796554,0.013252879809648257,98.44903564453125,-11.753901481628418,4.960419178009033,163600169.0,50354.0,0.10217783577770001,-0.013549934099000016,0.058993339694205255,0.005137353921743939,-0.0007077506896750167,0.002975396459557818,163.60016981791705
1631,E,1551425214859904.0,2.0709686,9.514679,1.1401313136732982,163,1970-01-18 22:57:05.214859904,0.0023040771,0.00045776367,0.0035552979,9.850498838148894,0.0042612746940394125,98.46012878417969,-11.763650894165039,4.958178520202637,163650523.0,50354.0,0.10330038253510002,-0.01424680828200004,0.05700218391910526,0.005173325102461367,-0.0006998385829264385,0.002920419298012319,163.65052382089198
1631,E,1551425265213908.0,2.0466614,9.548111,1.1745247136732981,163,1970-01-18 22:57:05.265213908,-6.1035156e-05,0.003326416,0.0024719238,9.872607104653358,0.0041447769503714415,98.46501159667969,-11.76882266998291,4.957326889038086,163700877.0,50354.0,0.10366957051,-0.013525336170000044,0.05827609480050526,0.005210882507816483,-0.0006992192808680061,0.0029023612233236343,163.70087782503106
1631,E,1551425315567912.0,2.0267181,9.514755,1.1422370136732982,163,1970-01-18 22:57:05.315567912,0.000869751,0.01966858,0.0015411377,9.841046009552718,0.019748028038990686,98.47512817382812,-11.771951675415039,4.956212520599365,163751231.0,50354.0,0.1025554756715,-0.013523422718000045,0.05832911000940526,0.0051921279877116255,-0.0006810066025231783,0.002935769241499117,163.7512318289373
1631,E,1551425365921916.0,2.032608,9.544403,1.1520790136732981,163,1970-01-18 22:57:05.365921916,-0.011245728,0.007019043,0.0013885498,9.869448261855123,0.01332896970635439,98.4823989868164,-11.77490520477295,4.954944133758545,163801585.0,50354.0,0.1022016532197,-0.013616779034000036,0.05776399462050526,0.005155170234093743,-0.0006833088595101061,0.0029228760952672572,163.8015858330764
1631,E,1551425416275920.0,1.9732513,9.515732,1.1684059136732983,163,1970-01-18 22:57:05.416275920,-0.014678955,0.006729126,0.0018463135,9.827198350198724,0.01625305294879037,98.48758697509766,-11.770262718200684,4.9540486335754395,163851939.0,50354.0,0.10085551959610001,-0.01359218110500002,0.05842284901580526,0.005112370439983397,-0.0006850399894196044,0.00292523616223139,163.85193983698264
1631,E,1551425466629924.0,1.9620514,9.516129,1.1024269136732983,163,1970-01-18 22:57:05.466629924,-0.0023040771,-0.004760742,0.007949829,9.835359203080952,0.009548466725215594,98.50306701660156,-11.764056205749512,4.9505767822265625,163902293.0,50354.0,0.09907911607790001,-0.014304035603000056,0.05717275809410526,0.005033754322364299,-0.000702343048057318,0.002910350600206217,163.9022938408889
1631,E,1551425516983928.0,1.9502716,9.532944,1.2080177136732981,163,1970-01-18 22:57:05.516983928,-0.012634277,-0.027938843,0.0029907227,9.833486263195702,0.03080825093639159,98.50199890136719,-11.755882263183594,4.949295997619629,163952647.0,50354.0,0.098500556171,-0.013870689079000038,0.058170064382705264,0.004974463408210556,-0.0007093550433187164,0.0029039862414986586,163.95264784502797
1631,E,1551425567337932.0,2.0471954,9.546127,1.2767280136732981,163,1970-01-18 22:57:05.567337932,0.0032043457,-0.015563965,0.0054779053,9.856266139617611,0.016808101747731705,98.49121856689453,-11.761841773986816,4.950728893280029,164003001.0,50354.0,0.10064422665900001,-0.013115429433000017,0.06255844317740526,0.00501386819731091,-0.0006794295057766255,0.003039581634840903,164.00300184893422
1631,E,1551425617691936.0,1.980545,9.504608,1.2310279136732982,163,1970-01-18 22:57:05.617691936,-0.008621216,-0.0149383545,0.007537842,9.80878055928272,0.01882282822806632,98.48774719238281,-11.759288787841797,4.9505743980407715,164053355.0,50354.0,0.1014064200508,-0.013828844905000049,0.06313777098280526,0.005087029132212635,-0.0006783759950078277,0.003164653583911621,164.0533558530733
1631,E,1551425668045940.0,2.055893,9.536102,1.2510475136732981,163,1970-01-18 22:57:05.668045940,-0.0022125244,-0.009597778,0.0019683838,9.851925775969054,0.010044259133553942,98.48098754882812,-11.766460418701172,4.951450347900391,164103709.0,50354.0,0.10162539952600001,-0.014081244330000063,0.06249121303430526,0.005111732121485094,-0.0007026923166695979,0.0031629609305987923,164.10370985697955
1631,E,1551425718399943.0,2.050644,9.516418,1.2595314136732982,163,1970-01-18 22:57:05.718399943,0.00018310547,0.0039978027,0.004135132,9.830593139976616,0.005754586926851935,98.47354888916016,-11.773541450500488,4.953133583068848,164154063.0,50354.0,0.10339028204900001,-0.01378390396000005,0.06320884565380526,0.005161679815013776,-0.0007015608384973329,0.0031647503775905587,164.15406385995448
1631,E,1551425768753947.0,2.0258636,9.552353,1.2020820136732981,163,1970-01-18 22:57:05.768753947,0.000579834,0.01411438,0.004760742,9.868400945500586,0.014906931094042127,98.47386932373047,-11.775696754455566,4.9537200927734375,164204417.0,50354.0,0.10263423184520001,-0.013374752533000038,0.06197604126030525,0.005187079186314274,-0.0006837734945242633,0.0031517798978365603,164.20441786386073
1631,E,1551425819107951.0,2.062088,9.491074,1.1470741136732983,163,1970-01-18 22:57:05.819107951,-0.017745972,0.014602661,0.00022888184,9.824783877543167,0.022982811346795383,98.48271942138672,-11.784322738647461,4.952439308166504,164254771.0,50354.0,0.10292235743320001,-0.01401283842100005,0.05914470381820525,0.005175298248262278,-0.0006895373774488603,0.003049456998841659,164.2547718679998
1631,E,1551425869461955.0,2.0820923,9.538834,1.2031959136732981,163,1970-01-18 22:57:05.869461955,-0.06535339,0.010391235,0.0017700195,9.866866405066206,0.0661980084167772,98.47968292236328,-11.794431686401367,4.952880859375,164305125.0,50354.0,0.10433802741310001,-0.014353206284000063,0.059172748478505253,0.005218194709275296,-0.0007141719075377879,0.0029788784964742804,164.30512587190606
1631,E,1551425919815959.0,2.110733,9.536285,1.2100471136732982,163,1970-01-18 22:57:05.919815959,-0.09387207,0.03250122,0.00982666,9.869500332578827,0.09982413573043795,98.47413635253906,-11.809019088745117,4.954558849334717,164355479.0,50354.0,0.1055627625781,-0.01321492893700006,0.06075821969950527,0.005284672189608443,-0.0006940829404591201,0.003019501985817771,164.35547987604514
1631,E,1551425970169963.0,1.98349,9.50621,1.2587989136732982,163,1970-01-18 22:57:05.970169963,-0.023712158,0.03727722,0.008483887,9.80701156696937,0.04498704154058292,98.46565246582031,-11.806208610534668,4.9577956199646,164405833.0,50354.0,0.10308025247100001,-0.014036303385000067,0.06215813643050526,0.005253005189891191,-0.0006861042761709973,0.0030946650982852752,164.4058338799514
1631,E,1551426020523967.0,1.9245758,9.5377655,1.2770027136732982,163,1970-01-18 22:57:06.020523967,-0.014907837,0.027679443,0.004333496,9.823372783199105,0.03173601040444173,98.45455169677734,-11.793936729431152,4.961222171783447,164456187.0,50354.0,0.0983933726466,-0.013999028836500033,0.06384387757170526,0.0050725014595858165,-0.0007058455593407081,0.003172352706533654,164.45618788385764
1631,E,1551426070877971.0,1.8323975,9.497421,1.3071083136732982,163,1970-01-18 22:57:06.070877971,-0.0009918213,0.0039978027,-0.0047302246,9.762372993372686,0.006272253238327207,98.44102478027344,-11.769362449645996,4.964202404022217,164506541.0,50354.0,0.0945893167741,-0.014220309489500036,0.06506016333550525,0.004858725171544964,-0.0007104782810337039,0.0032454170379208397,164.50654188799672
1631,E,1551426121231975.0,2.029663,9.488129,1.3028968136732981,163,1970-01-18 22:57:06.121231975,-0.0015716553,-0.03300476,-0.008056641,9.79288053544623,0.03401020063514032,98.42904663085938,-11.773542404174805,4.965090274810791,164556895.0,50354.0,0.09723509720850002,-0.015470007650000039,0.06571209909120526,0.004829563270839921,-0.0007475131146211934,0.0032924532511172913,164.55689589190297
1631,E,1551426171585979.0,2.1704102,9.480179,1.3820442136732982,163,1970-01-18 22:57:06.171585979,-0.0033874512,-0.03627014,0.002380371,9.804964964841297,0.036505671440881925,98.40581512451172,-11.798810005187988,4.968024730682373,164607249.0,50354.0,0.10574524295640002,-0.015904109484000027,0.06759876024550526,0.005110436024331688,-0.0007899061470827198,0.003356367505520361,164.60724989604205
1631,E,1551426221939983.0,2.093689,9.570129,1.3297370136732982,163,1970-01-18 22:57:06.221939983,0.0028839111,0.0010681152,0.012084961,9.882148882611661,0.012470128134253283,98.3890151977539,-11.810258865356445,4.971456527709961,164657603.0,50354.0,0.10735722555840002,-0.013839595484000053,0.06827451596090527,0.005365280849797121,-0.000748857259979338,0.0034208814750487982,164.6576038999483
1631,E,1551426272293986.0,1.9464417,9.529694,1.2971290136732982,163,1970-01-18 22:57:06.272293986,0.0027618408,-0.009857178,0.0052337646,9.817097821633793,0.011497130712331742,98.37830352783203,-11.801093101501465,4.973161697387695,164707957.0,50354.0,0.1017183706339,-0.012592956329000064,0.06613660597050527,0.005263896285333539,-0.000665492356995904,0.003384068816867123,164.70795790292323
1631,E,1551426322647990.0,1.9903259,9.553574,1.3254035136732982,163,1970-01-18 22:57:06.322647990,0.012329102,-0.010803223,-0.0042419434,9.84527346553659,0.01693252689715674,98.36369323730469,-11.797377586364746,4.975783348083496,164758311.0,50354.0,0.0991159978652,-0.013009761564000072,0.06602750144100526,0.005056406895701842,-0.0006445996283920644,0.0033274957322996005,164.7583119070623
1631,E,1551426373001994.0,2.065445,9.5112,1.3413642136732982,163,1970-01-18 22:57:06.373001994,0.01335144,-0.02961731,-0.013504028,9.81758080759233,0.03518244980007055,98.34821319580078,-11.805197715759277,4.977749824523926,164808665.0,50354.0,0.1021121439493,-0.01347538500200004,0.06714121107140526,0.005066320926463666,-0.0006668165350921848,0.00335278867492496,164.80866591096856
1631,E,1551426423355998.0,2.1212158,9.539413,1.335581213673298,163,1970-01-18 22:57:06.423355998,0.010665894,-0.008377075,-0.0028381348,9.857523932395239,0.013856106578611182,98.33306121826172,-11.82054328918457,4.980571746826172,164859019.0,50354.0,0.10540755896160002,-0.01383191649900003,0.06739745502430526,0.00522472356018773,-0.0006875159298906788,0.003387279996291704,164.8590199148748
1631,E,1551426473710002.0,2.103485,9.552689,1.3065895136732981,163,1970-01-18 22:57:06.473710002,0.0016326904,0.015396118,0.0029754639,9.870416784787746,0.01576577028985198,98.32160949707031,-11.832918167114258,4.983662128448486,164909373.0,50354.0,0.1063652920416,-0.012787347946000022,0.06652193240240527,0.005331805069707567,-0.0006701932209317664,0.0033716884172422914,164.9093739190139
1631,E,1551426524064006.0,1.9776611,9.507584,1.2899269136732983,163,1970-01-18 22:57:06.524064006,0.0045166016,0.02041626,0.0020751953,9.802868366261757,0.021012610450247837,98.31388092041016,-11.82832145690918,4.986266613006592,164959727.0,50354.0,0.10275101535970001,-0.013588706679000025,0.06537249409130527,0.0052649212714425304,-0.0006640699272936262,0.00332070597583215,164.95972792292014
1631,E,1551426574418010.0,1.9494476,9.530182,1.2412818136732982,163,1970-01-18 22:57:06.574418010,0.0036621094,0.015823364,0.0070343018,9.825894960688995,0.01769947161210039,98.31306457519531,-11.819160461425781,4.98718786239624,165010081.0,50354.0,0.0988728157399,-0.014155365418000049,0.06372824212840526,0.00507628319559463,-0.000698512503186171,0.003250369235803652,165.01008192705922
1631,E,1551426624772014.0,2.0080872,9.54776,1.2441810136732983,163,1970-01-18 22:57:06.624772014,-0.00048828125,0.0079956055,0.0034179688,9.85431878386381,0.008709227095931376,98.31133270263672,-11.817855834960938,4.987899303436279,165060435.0,50354.0,0.0996388536596,-0.013143854266000033,0.06257649760410526,0.004997928300471212,-0.0006873124539840701,0.0031799744322454178,165.06043593096547
1631,E,1551426675126018.0,1.9783478,9.531601,1.261072513673298,163,1970-01-18 22:57:06.675126018,-0.0012359619,0.0076141357,0.013031006,9.830273173932213,0.015142977964994274,98.30747985839844,-11.813362121582031,4.988952159881592,165110789.0,50354.0,0.10036647399500001,-0.013108128103000025,0.06307476805800526,0.005035534134359865,-0.0006609461601043145,0.003163521915574957,165.11078993487172
1631,E,1551426725480022.0,1.9458313,9.5289,1.2495216136732983,163,1970-01-18 22:57:06.725480022,-0.00340271,-0.0022125244,0.012298584,9.822774752789362,0.012951018028315433,98.30548095703125,-11.804259300231934,4.989134311676025,165161143.0,50354.0,0.09879905720070001,-0.013582966323000028,0.06320922834420527,0.005014390578914139,-0.0006720016843634034,0.0031794521774184546,165.1611439390108
1631,E,1551426775834026.0,1.9929657,9.540466,1.2667640136732983,163,1970-01-18 22:57:06.775834026,-0.005554199,-0.007980347,0.007888794,9.841029792561375,0.012520708268562365,98.3006820678711,-11.801589965820312,4.989614486694336,165211497.0,50354.0,0.09916709206900001,-0.013359772218000025,0.06335252323970528,0.004984193740163238,-0.0006783373282467583,0.0031864452196281156,165.21149794291705
1631,E,1551426826188029.0,2.0271149,9.527283,1.2893165136732982,163,1970-01-18 22:57:06.826188029,-0.004852295,-0.024612427,0.011657715,9.832135147521461,0.02766258571823283,98.2931900024414,-11.804407119750977,4.9898247718811035,165261851.0,50354.0,0.10121356926620001,-0.013400483427000013,0.06435443943700526,0.005044983910436332,-0.0006737429563741659,0.003215278199311542,165.26185194589198
1631,E,1551426876542033.0,2.0542908,9.53656,1.3042701136732981,163,1970-01-18 22:57:06.876542033,-0.0019989014,-0.02545166,0.005554199,9.844736387777461,0.026127222012570013,98.28362274169922,-11.810503005981445,4.9904890060424805,165312205.0,50354.0,0.10275755130889999,-0.013498824789000028,0.06529873051670526,0.005135380902719293,-0.0006772438829542331,0.00326427785992457,165.31220595003106
1631,E,1551426926896037.0,2.0820923,9.543915,1.352335313673298,163,1970-01-18 22:57:06.926896037,0.000869751,-0.021347046,0.00047302246,9.851355795662181,0.02136999274627349,98.26718139648438,-11.820167541503906,4.992827892303467,165362559.0,50354.0,0.1041417173087,-0.013080080925000041,0.06688535484430526,0.005209102885985316,-0.0006691771091613798,0.0033279987171341615,165.3625599539373
1631,E,1551426977250041.0,2.0567017,9.552597,1.3579658136732982,163,1970-01-18 22:57:06.977250041,0.0032348633,-0.0049743652,0.004043579,9.853709192008475,0.007180472187948292,98.2500991821289,-11.826038360595703,4.996092796325684,165412913.0,50354.0,0.104202416538,-0.012676317376000022,0.06823725148320525,0.005245480257858366,-0.0006484688400242787,0.003401981859507732,165.4129139580764
1631,E,1551427027604045.0,2.0283356,9.540985,1.333353413673298,163,1970-01-18 22:57:07.027604045,-0.0009460449,-0.00061035156,0.00630188,9.83977263874783,0.006401657716092797,98.2370376586914,-11.828107833862305,4.998686790466309,165463267.0,50354.0,0.1028489841021,-0.012750085986000047,0.06775934418690525,0.005212933113915798,-0.0006401605574450757,0.0034239862891863727,165.46326796198264
1631,E,1551427077958049.0,2.05484,9.532776,1.2914833136732982,163,1970-01-18 22:57:07.077958049,0.0002593994,0.002105713,0.0044403076,9.842913880103604,0.004921142841831268,98.23066711425781,-11.833889961242676,5.000067234039307,165513621.0,50354.0,0.10280211208120002,-0.013249119303000054,0.06608551428440526,0.0051776776486069445,-0.0006545819915611556,0.0033698120017321845,165.5136219658889
1631,E,1551427128312053.0,2.0800323,9.526718,1.2498878136732983,163,1970-01-18 22:57:07.128312053,0.0045166016,0.0048828125,0.006439209,9.848075436780737,0.00925769736321942,98.23088073730469,-11.843229293823242,5.00025749206543,165563975.0,50354.0,0.1041036798971,-0.013608319562000017,0.06398410087320526,0.00520926712463766,-0.0006761897383041068,0.00327476270082316,165.56397597002797
1631,E,1551427178666057.0,2.0574036,9.551407,1.2841743136732982,163,1970-01-18 22:57:07.178666057,0.0060577393,0.0050354004,0.005355835,9.86248683244902,0.009525567235724581,98.22562408447266,-11.848471641540527,5.001607894897461,165614329.0,50354.0,0.10416822365430001,-0.013139246875000036,0.06380008218020526,0.005243661715713599,-0.0006734234801843504,0.003217222376735717,165.61432997393422
1631,E,1551427229020061.0,2.0598602,9.536957,1.299509413673298,163,1970-01-18 22:57:07.229020061,0.0015563965,0.0035705566,0.005218506,9.846925827834468,0.006511839169624186,98.21833038330078,-11.85442066192627,5.003260612487793,165664683.0,50354.0,0.1036603506926,-0.012881459572000074,0.06504940520340526,0.005232500016331901,-0.0006551233262161218,0.0032440435438571623,165.6646839780733
1631,E,1551427279374065.0,2.0770416,9.448776,1.2808326136732981,163,1970-01-18 22:57:07.279374065,0.0007324219,0.007537842,6.1035156e-05,9.767744094363742,0.007573587600789441,98.21569061279297,-11.865046501159668,5.004167079925537,165715037.0,50354.0,0.10415477661860002,-0.015465400259000043,0.06496527122250526,0.005232161460314084,-0.00071368888996509,0.0032733795083751496,165.71503798197955
1631,E,1551427329728068.0,2.052948,9.471863,1.2884468136732983,163,1970-01-18 22:57:07.329728068,0.01071167,0.01411438,-0.007980347,9.783950078710266,0.01943300118905232,98.21195220947266,-11.870933532714844,5.005786895751953,165765391.0,50354.0,0.10398074815920001,-0.017104271897000003,0.06468674814230525,0.005240228107330672,-0.0008200066358716133,0.0032642488915478347,165.76539198495448
1631,E,1551427380082072.0,2.0889282,9.5401,1.3072914136732983,163,1970-01-18 22:57:07.380082072,0.012588501,0.01210022,-0.0076141357,9.8550436580948,0.01904890400871965,98.20423889160156,-11.879814147949219,5.008145332336426,165815745.0,50354.0,0.10428001708740002,-0.014805007548999998,0.06535290134990526,0.0052433812866136496,-0.000803379928611942,0.0032740082552653845,165.81574598886073
1631,E,1551427430436076.0,2.0686035,9.518082,1.2718147136732982,163,1970-01-18 22:57:07.430436076,0.003829956,0.01171875,-0.003829956,9.83426368688054,0.01290992747796718,98.20195007324219,-11.886280059814453,5.009249210357666,165866099.0,50354.0,0.1046741756109,-0.013641351786000027,0.06493415496820527,0.0052608397095651,-0.0007161939889772956,0.0032802372169210693,165.8660999929998
1631,E,1551427480790080.0,2.0102081,9.479095,1.2613777136732982,163,1970-01-18 22:57:07.480790080,0.0010986328,0.01109314,0.0009613037,9.785823279927275,0.011188782502688554,98.20195770263672,-11.885601997375488,5.009787559509277,165916453.0,50354.0,0.1026922396532,-0.015177274671000066,0.06377818574330527,0.0052208642371042455,-0.0007255665583078913,0.0032405906020937015,165.91645399690606
1631,E,1551427531144084.0,1.9788666,9.509613,1.273844113673298,163,1970-01-18 22:57:07.531144084,7.6293945e-05,-0.00032043457,0.004211426,9.807287503815349,0.004224287872904822,98.19955444335938,-11.87968921661377,5.010238170623779,165966808.0,50355.0,0.10043492825924999,-0.01539080433000006,0.06383054755801892,0.00511423427011571,-0.0007696278090476806,0.0032128688826940895,165.96680800104514
1631,E,1551427581498088.0,2.0094452,9.528061,1.2570594136732982,163,1970-01-18 22:57:07.581498088,-0.0036773682,-0.012390137,0.0026397705,9.833707249942643,0.013191168259476131,98.19924926757812,-11.877513885498047,5.009647369384766,166017162.0,50354.0,0.1004137261886,-0.014157681702000059,0.06372055810800525,0.00505676657303352,-0.000743942232827667,0.003211354187353491,166.0171620049514
1631,E,1551427631852092.0,2.0646362,9.505249,1.2594856136732981,163,1970-01-18 22:57:07.631852092,-0.0042266846,-0.010772705,0.0031738281,9.822719362747518,0.011999550847146396,98.19902801513672,-11.883993148803711,5.009106159210205,166067516.0,50354.0,0.1025731474078,-0.014267554130000077,0.06335905415350526,0.005110600516536563,-0.0007156621625422675,0.0031994833979080506,166.06751600885764
1631,E,1551427682206096.0,2.063919,9.504608,1.3214973136732981,163,1970-01-18 22:57:07.682206096,-0.0015411377,-0.0030670166,0.0047302246,9.81349908137612,0.005844375159200684,98.18972778320312,-11.890631675720215,5.0108256340026855,166117870.0,50354.0,0.10394463427039999,-0.014858030311000076,0.06498140716180527,0.005199498189312042,-0.0007332948394710609,0.003231227794535573,166.11787001299672
1631,E,1551427732560100.0,2.0143127,9.523468,1.3178199136732982,163,1970-01-18 22:57:07.732560100,-0.0038452148,0.0002593994,0.005355835,9.821962720798513,0.006598328080209744,98.1806411743164,-11.889492988586426,5.012628555297852,166168224.0,50354.0,0.1026776395109,-0.01439933054800007,0.06645008983290526,0.00520212898699179,-0.0007366125743470467,0.003309050799835827,166.16822401690297
1631,E,1551427782914104.0,2.0124512,9.502731,1.2410377136732982,163,1970-01-18 22:57:07.782914104,-0.0029296875,-0.003250122,0.0012207031,9.812034973238653,0.00454273903288422,98.18365478515625,-11.888181686401367,5.011816024780273,166218578.0,50354.0,0.10138183471030002,-0.014446587777000034,0.06442435848370527,0.005137605382467153,-0.0007262536856685277,0.003295025985267304,166.21857802104205
1631,E,1551427833268108.0,2.009201,9.507095,1.2204383136732981,163,1970-01-18 22:57:07.833268108,0.005126953,-0.009597778,-0.0032196045,9.818527950189232,0.011347635997771222,98.18999481201172,-11.885953903198242,5.010121822357178,166268932.0,50354.0,0.10125313743940001,-0.014858810798000029,0.061972581940505256,0.005101740693812998,-0.0007378220199227767,0.0031822957690603483,166.2689320249483
1631,E,1551427883622111.0,2.0227509,9.51329,1.2840827136732982,163,1970-01-18 22:57:07.883622111,0.0037994385,-0.01675415,0.0008239746,9.818391687325976,0.017199308395375305,98.18663787841797,-11.88594913482666,5.010030746459961,166319286.0,50354.0,0.1015124529863,-0.014592966855000056,0.06305632590550526,0.00510502927014785,-0.0007415074059695831,0.0031478528128390066,166.31928602792323
1631,E,1551427933976115.0,2.0689392,9.509003,1.3128761136732983,163,1970-01-18 22:57:07.933976115,-0.0054016113,-0.0146484375,0.007980347,9.819963418970735,0.017533968862413978,98.17877197265625,-11.893163681030273,5.010834217071533,166369640.0,50354.0,0.10301648164770001,-0.014544929139000051,0.06538363239610526,0.005149424987280219,-0.0007336048074409407,0.0032337328301596485,166.3696400320623
1631,E,1551427984330119.0,2.0631256,9.498108,1.2820381136732981,163,1970-01-18 22:57:07.984330119,-0.0015869141,-0.009887695,0.008056641,9.812372332796933,0.0128527924194194,98.1760025024414,-11.899599075317383,5.010852813720703,166419994.0,50354.0,0.10403299546960001,-0.014927166353000034,0.06533215550190526,0.005212884685382263,-0.0007420189482020862,0.0032910313919082114,166.41999403596856
1631,E,1551428034684123.0,2.058609,9.54834,1.3122200136732982,163,1970-01-18 22:57:08.034684123,0.00630188,-0.001159668,-0.00047302246,9.855984386665732,0.006425128142869094,98.1680908203125,-11.903480529785156,5.012490272521973,166470348.0,50354.0,0.1037729120242,-0.013936778704000041,0.06531563687220526,0.005231929332971403,-0.0007267075447000909,0.0032893194686029804,166.4703480398748
1631,E,1551428085038127.0,2.0392609,9.539093,1.2729286136732982,163,1970-01-18 22:57:08.085038127,0.00491333,0.0118255615,0.0020446777,9.848329638420608,0.01296786117199207,98.16616821289062,-11.904842376708984,5.0134968757629395,166520702.0,50354.0,0.10317207047230001,-0.012904899359000062,0.06508628699070526,0.005210253824314381,-0.0006757929285921536,0.0032831292370964983,166.5207020440139
1631,E,1551428135392131.0,2.055252,9.524246,1.2697242136732982,163,1970-01-18 22:57:08.135392131,0.0020751953,0.015655518,0.0037384033,9.837720003393075,0.016228904418195238,98.1649169921875,-11.908988952636719,5.014513969421387,166571056.0,50354.0,0.1030875512833,-0.013511513997000058,0.06401637023410527,0.005192998496940742,-0.000665086039064015,0.0032504176009490546,166.57105604792014
1631,E,1551428185746135.0,1.9848633,9.528534,1.2782844136732983,163,1970-01-18 22:57:08.185746135,0.0035552979,0.014343262,0.0053710938,9.826233796780096,0.015723166238604324,98.16239929199219,-11.902973175048828,5.015723705291748,166621410.0,50354.0,0.10171798290810001,-0.01377735794000003,0.06415121321070526,0.005156388934336878,-0.0006870519287578513,0.003226875248389995,166.62141005205922
1631,E,1551428236100139.0,1.9288483,9.57135,1.2297767136732982,163,1970-01-18 22:57:08.236100139,0.0009613037,0.0020446777,0.006011963,9.863404013045493,0.006422500355303998,98.16620635986328,-11.887645721435547,5.015010833740234,166671764.0,50354.0,0.09853551695320001,-0.012591420532000007,0.06314545500320526,0.005041782366007951,-0.000663886735589545,0.0032049482156216247,166.67176405596547
1631,E,1551428286454143.0,2.0139618,9.513519,1.2082008136732982,163,1970-01-18 22:57:08.286454143,-0.006164551,-0.016464233,0.006729126,9.827483774166847,0.018824287344645113,98.17414855957031,-11.886312484741211,5.012465953826904,166722118.0,50354.0,0.09926812988770001,-0.012969453187000006,0.06138096020600527,0.00498010241651334,-0.0006435461176232634,0.0031352015557222935,166.72211805987172
1631,E,1551428336808147.0,2.0970306,9.489166,1.2837318136732982,163,1970-01-18 22:57:08.336808147,-0.008377075,-0.019729614,0.0013122559,9.810675798552616,0.021474521407745174,98.17118835449219,-11.89763355255127,5.01202392578125,166772472.0,50354.0,0.10350245565480003,-0.015038599755000001,0.06273938775870526,0.005105155032203524,-0.0007051587489207342,0.003124978000707517,166.7724720640108
1631,E,1551428387162151.0,2.1290588,9.478409,1.3097480136732982,163,1970-01-18 22:57:08.387162151,-0.0024871826,0.0021820068,1.5258789e-05,9.803642243583399,0.0033086951796185075,98.16474914550781,-11.91378402709961,5.013432025909424,166822826.0,50354.0,0.10640025282380002,-0.015922564225000036,0.06529604161310526,0.0052847204913657134,-0.000779509225524461,0.0032235480052940735,166.82282606791705
1631,E,1551428437516154.0,2.0437012,9.522278,1.2596077136732982,163,1970-01-18 22:57:08.437516154,-0.0057373047,0.010467529,0.007156372,9.834810276357214,0.013917596372537432,98.16471862792969,-11.916208267211914,5.013837814331055,166873180.0,50354.0,0.10505757852000001,-0.015088903401000057,0.06468866914740526,0.005323873819742853,-0.0007807757204198044,0.0032726250628173736,166.87318007089198
1631,E,1551428487870158.0,2.0270233,9.555771,1.2802223136732982,163,1970-01-18 22:57:08.487870158,-0.0076293945,0.013961792,0.0065460205,9.860962569601096,0.0172043506321603,98.16082000732422,-11.91528606414795,5.015194416046143,166923534.0,50354.0,0.10248863073650002,-0.013141160327000035,0.06394530059850526,0.005225390910450901,-0.0007107483144798584,0.003238617456292789,166.92353407503106
1631,E,1551428538224162.0,2.0542297,9.535797,1.3106330136732982,163,1970-01-18 22:57:08.538224162,-0.009048462,0.0107421875,0.0068969727,9.843130799326076,0.015647283766684412,98.15291595458984,-11.918972969055176,5.01720666885376,166973888.0,50354.0,0.10275370678100001,-0.012800792464000023,0.06522996457660526,0.0051673863316780986,-0.0006531405454190085,0.0032522456513137577,166.9738880789373
1631,E,1551428588578166.0,2.0214996,9.512894,1.3137306136732982,163,1970-01-18 22:57:08.588578166,-0.010101318,7.6293945e-05,0.010818481,9.813735264420767,0.014801418082417936,98.14527130126953,-11.918721199035645,5.0186076164245605,167024242.0,50354.0,0.1026146365861,-0.013880306693000041,0.06607360304570527,0.005170558780953478,-0.0006717500334757906,0.003305829922026913,167.0242420830764
1631,E,1551428638932170.0,2.0408936,9.538528,1.2810005136732983,163,1970-01-18 22:57:08.638932170,-0.010101318,-0.003112793,0.00793457,9.847013032776344,0.013216788818880061,98.14216613769531,-11.920170783996582,5.0189409255981445,167074596.0,50354.0,0.1022788735964,-0.013811548306000069,0.06532754559320526,0.005158603905864804,-0.0006971978333098259,0.003308286719281851,167.07459608698264
1631,E,1551428689286174.0,2.0354156,9.518585,1.2588600136732981,163,1970-01-18 22:57:08.689286174,-0.0050201416,-0.002029419,0.00944519,9.829619751665373,0.010887239195393457,98.1430435180664,-11.921385765075684,5.0185418128967285,167124950.0,50354.0,0.1026292367284,-0.013668265999000053,0.06394606849700527,0.00515897149364749,-0.000691859284756988,0.003254721781949231,167.1249500908889
1631,E,1551428739640178.0,1.9895782,9.53952,1.3393959136732982,163,1970-01-18 22:57:08.739640178,-0.00630188,-0.0024261475,0.0074920654,9.829640748152705,0.010086175052220411,98.13154602050781,-11.91565990447998,5.020686149597168,167175304.0,50354.0,0.1013372689026,-0.013643290415000052,0.06541628948280526,0.0051352647122716874,-0.0006876230558352807,0.0032569560868576895,167.17530409502797
1631,E,1551428789994182.0,2.0569458,9.536667,1.3639472136732982,163,1970-01-18 22:57:08.789994182,-0.0057373047,-0.0012664795,0.002105713,9.837547327507954,0.006241367060422848,98.11676788330078,-11.919602394104004,5.023598670959473,167225658.0,50354.0,0.101879334748,-0.01318803990100006,0.06806206991720527,0.005116384430111157,-0.0006755324033659349,0.003360584654614065,167.22565809893422
1631,E,1551428840348186.0,2.0661926,9.541428,1.3631996136732982,163,1970-01-18 22:57:08.840348186,-0.0040130615,0.00088500977,0.006500244,9.844195493423094,0.0076903235923668194,98.10247802734375,-11.924854278564453,5.026511192321777,167276012.0,50354.0,0.1038082554968,-0.013140002185000053,0.06866137567210526,0.005178596459593329,-0.0006628611155992249,0.0034422861896020716,167.2760121030733
1631,E,1551428890702190.0,2.0428314,9.529755,1.3030647136732982,163,1970-01-18 22:57:08.890702190,-0.0029296875,0.013931274,0.0066986084,9.83592043750924,0.01573323929161706,98.09752655029297,-11.926836967468262,5.028128623962402,167326366.0,50354.0,0.103452897248,-0.013314025609000048,0.06712853696960526,0.00521821404265583,-0.0006660330577695406,0.003418782630580346,167.32636610697955
1631,E,1551428941056193.0,1.9907379,9.51973,1.327158313673298,163,1970-01-18 22:57:08.941056193,-0.0018463135,-0.0066833496,0.00819397,9.812286367144079,0.010733926577772106,98.0896224975586,-11.92166805267334,5.029362678527832,167376720.0,50354.0,0.1015531742661,-0.013860316155000064,0.06622112515950525,0.005161437862510496,-0.0006841684025922308,0.0033573444434246156,167.37672010995448
1631,E,1551428991410197.0,2.0022888,9.532623,1.3704017136732982,163,1970-01-18 22:57:08.991410197,-0.0063171387,-0.020324707,0.010604858,9.821510945789269,0.02377946528395983,98.07521057128906,-11.918103218078613,5.031219482421875,167427074.0,50354.0,0.10053243322590001,-0.01378810851900008,0.06791646880850526,0.005087909339826085,-0.0006961043880173017,0.0033771822033326006,167.42707411386073
1631,E,1551429041764201.0,1.9909515,9.5516205,1.2756904136732983,163,1970-01-18 22:57:09.041764201,-0.011138916,-0.033050537,0.016693115,9.850207113452864,0.03866618075329719,98.07462310791016,-11.912272453308105,5.029508590698242,167477428.0,50354.0,0.10053781103310001,-0.01298520140050005,0.06662066149020526,0.005062345539708844,-0.0006740716238432549,0.0033872413295306346,167.4774281179998
1631,E,1551429092118205.0,2.0739746,9.50592,1.3350318136732982,163,1970-01-18 22:57:09.092118205,-0.020355225,-0.053985596,0.016204834,9.815096918743022,0.05992809362263576,98.0660171508789,-11.919867515563965,5.028352737426758,167527782.0,50354.0,0.10234264441970001,-0.013657502831500037,0.06573015351790527,0.0051079212269351465,-0.0006707833644490663,0.003332196469459199,167.52778212190606
1631,E,1551429142472209.0,2.0657654,9.526703,1.3432411136732982,163,1970-01-18 22:57:09.142472209,-0.013839722,-0.056884766,0.015426636,9.832422601950189,0.06054251073575109,98.05633544921875,-11.925443649291992,5.027348518371582,167578136.0,50354.0,0.10422623398,-0.014284850729000056,0.06743087749180526,0.0052007846514692474,-0.0007035046355927109,0.0033525952777314827,167.57813612604514
1631,E,1551429192826213.0,2.1647186,9.552414,1.3534950136732982,163,1970-01-18 22:57:09.192826213,-0.0053253174,-0.051986694,0.011260986,9.87721879511078,0.053458256276767716,98.04524993896484,-11.94400405883789,5.0269856452941895,167628490.0,50354.0,0.10651089566800002,-0.013114271291000033,0.06789572547820526,0.005305728713147696,-0.0006898276950975423,0.0034071178829759552,167.6284901299514
1631,E,1551429243180217.0,2.1803436,9.511444,1.311167113673298,163,1970-01-18 22:57:09.243180217,-0.008758545,-0.044906616,0.012619019,9.84662368042328,0.047461098929658614,98.04127502441406,-11.96554183959961,5.025458335876465,167678844.0,50354.0,0.10939563100940002,-0.013498447134000042,0.06708819838020526,0.005435878622156901,-0.000670028411786227,0.0033984902509832018,167.67884413385764
1631,E,1551429293534221.0,2.1535492,9.459564,1.2948707136732982,163,1970-01-18 22:57:09.293534221,-0.011810303,-0.030563354,0.0005187988,9.792795759275574,0.0327699712675493,98.0405502319336,-11.983810424804688,5.024003028869629,167729198.0,50354.0,0.10911441902560001,-0.01583613158400005,0.06561221437910526,0.005501427529731195,-0.0007385566883830883,0.003340998292041161,167.72919813799672
1631,E,1551429343888225.0,2.153534,9.455215,1.3418830136732982,163,1970-01-18 22:57:09.343888225,0.0006713867,-0.022155762,0.0024414063,9.782298752144175,0.02229997790634019,98.03350830078125,-12.002126693725586,5.024384498596191,167779552.0,50354.0,0.10843943372640001,-0.01725180911700001,0.06638554859340526,0.005477353350737104,-0.0008330550830290786,0.003323307678358898,167.77955214190297
1631,E,1551429394242229.0,2.0883636,9.503571,1.322092413673298,163,1970-01-18 22:57:09.394242229,0.0055389404,-0.0024719238,0.00016784668,9.81758619833723,0.006067820081029564,98.02861022949219,-12.00910472869873,5.025339603424072,167829906.0,50354.0,0.1067982558752,-0.016143844877999993,0.06707090933430525,0.0054190393110994835,-0.0008408023806321151,0.0033600332412459673,167.82990614604205
1631,E,1551429444596233.0,2.0367126,9.482346,1.3113960136732983,163,1970-01-18 22:57:09.444596233,0.006790161,-0.003768921,-0.0076293945,9.787594889735988,0.010886629981164615,98.02591705322266,-12.008737564086914,5.025841236114502,167880260.0,50354.0,0.10385704348740002,-0.015460767691000021,0.06630333813530526,0.005303668472052181,-0.0007957093306497135,0.003357963428542384,167.8802601499483
1631,E,1551429494950236.0,2.1313171,9.493393,1.3973487136732983,163,1970-01-18 22:57:09.494950236,0.010528564,0.0013122559,-0.010025024,9.80724110188112,0.014597047018138869,98.0104751586914,-12.021841049194336,5.029296398162842,167930614.0,50354.0,0.1049384837569,-0.01571701919700006,0.06819806600040526,0.005256844989429741,-0.0007849631404791782,0.003386341851924784,167.93061415292323
1631,E,1551429545304240.0,2.0798187,9.516724,1.3877815136732983,163,1970-01-18 22:57:09.545304240,0.020065308,0.027282715,-0.006668091,9.819993845966021,0.03451704738952001,97.99657440185547,-12.026856422424316,5.0337653160095215,167980968.0,50354.0,0.1060237660366,-0.014851484291000056,0.07012122373390527,0.00531139656305095,-0.0007696232123173789,0.003482464757640736,167.9809681570623
1631,E,1551429595658244.0,2.026947,9.528763,1.326700513673298,163,1970-01-18 22:57:09.595658244,0.013961792,0.021865845,-0.0014953613,9.82851448444068,0.025986206318599617,97.99158477783203,-12.023808479309082,5.036025524139404,168031322.0,50354.0,0.10339604002890002,-0.013960973801000046,0.06834251400250527,0.005272562457311095,-0.0007254112573822866,0.003486101524989608,168.03132216096856
1631,E,1551429646012248.0,2.003296,9.540344,1.2834571136732982,163,1970-01-18 22:57:09.646012248,0.006958008,0.014312744,0.00030517578,9.840713801889553,0.015917337980777397,97.9925765991211,-12.016975402832031,5.036583423614502,168081676.0,50354.0,0.10146942801100002,-0.013366293061000064,0.06571593858370525,0.0051578978888405635,-0.0006880185977845768,0.0033751896607630226,168.0816761648748
1631,E,1551429696366252.0,2.0806732,9.516129,1.2229103136732982,163,1970-01-18 22:57:09.696366252,0.0077209473,-0.023757935,0.0113220215,9.841783651279213,0.027427006280672787,98.0033950805664,-12.022079467773438,5.033178329467773,168132030.0,50354.0,0.10282209254840001,-0.01368437927900007,0.06310281271830526,0.005143447613124015,-0.0006810547775041834,0.003243269701530719,168.1320301690139
1631,E,1551429746720256.0,2.144165,9.493057,1.1926521136732982,163,1970-01-18 22:57:09.746720256,0.00076293945,0.037841797,-0.0012817383,9.837495907347183,0.037871183370252144,98.01791381835938,-12.03647518157959,5.032006740570068,168182384.0,50354.0,0.10636875136140002,-0.014874924078000045,0.06081661523330526,0.005266797877117035,-0.0007190375806191919,0.003119919437537698,168.18238417292014
1631,E,1551429797074260.0,1.9774933,9.463455,1.3479255136732982,163,1970-01-18 22:57:09.797074260,0.010467529,0.020355225,0.008987427,9.752257243696821,0.024590205209529974,98.01038360595703,-12.028633117675781,5.034608364105225,168232738.0,50354.0,0.1037709910191,-0.016201097376000034,0.06396412292370526,0.00529068829391385,-0.0007824009921473601,0.003141604644579054,168.23273817705922
1631,E,1551429847428264.0,2.1153412,9.545837,1.2528175136732982,163,1970-01-18 22:57:09.847428264,0.0048980713,0.030258179,0.013946533,9.87366723194016,0.0336757224358441,98.01502227783203,-12.038091659545898,5.035058498382568,168283092.0,50354.0,0.10304529420650002,-0.014872255316000029,0.06547890719950526,0.005207013613124932,-0.0007823338007264856,0.0032589871694120713,168.28309218096547
1631,E,1551429897782268.0,2.0533142,9.482285,1.2535652136732982,163,1970-01-18 22:57:09.897782268,0.0018615723,0.01625061,-0.0028381348,9.798949129661246,0.016601288683207645,98.02079772949219,-12.039509773254395,5.034686088562012,168333446.0,50354.0,0.10495423700580002,-0.014398172406000043,0.06310319792640527,0.005236804197332078,-0.0007369415587567959,0.0032373116607550497,168.33344618487172
1631,E,1551429948136272.0,2.0709686,9.529114,1.2085517136732982,163,1970-01-18 22:57:09.948136272,-0.000289917,0.0124053955,0.0018920898,9.854353331528456,0.012552206705976973,98.03195190429688,-12.041997909545898,5.0329389572143555,168383800.0,50354.0,0.1038370680556,-0.01481920737700006,0.06198871787980526,0.0052567386875308686,-0.0007356059707965937,0.0031494391642529628,168.3838001890108
1631,E,1551429998490276.0,2.0868225,9.490219,1.2440895136732981,163,1970-01-18 22:57:09.998490276,-0.0024108887,0.010284424,-0.0041046143,9.815029371781874,0.011332679289882344,98.0383529663086,-12.047711372375488,5.032103538513184,168434154.0,50354.0,0.1046807065247,-0.014619453059000047,0.06175014818090526,0.005249852010608214,-0.0007411771537971748,0.003115373430810509,168.43415419291705
1631,E,1551430048844279.0,2.1276855,9.515823,1.261820213673298,163,1970-01-18 22:57:10.048844279,0.0012969971,-0.0066375732,-0.0048675537,9.846059220234839,0.008332626145768832,98.04180145263672,-12.058226585388184,5.031110763549805,168484508.0,50354.0,0.10610866791600002,-0.014954080566000063,0.06309128920540526,0.005307044080293504,-0.0007445728560766278,0.00314313286907514,168.48450819589198
1631,E,1551430099198283.0,2.1421661,9.483093,1.3624824136732983,163,1970-01-18 22:57:10.099198283,0.0036315918,0.03060913,-0.0028686523,9.80407712268013,0.030957009939220913,98.03068542480469,-12.072372436523438,5.03497314453125,168534862.0,50354.0,0.1075020537332,-0.01513349186800005,0.06607206724870525,0.00537807713896191,-0.0007575148111708209,0.00325194582544514,168.53486220003106
1631,E,1551430149552287.0,2.1006317,9.522781,1.354456313673298,163,1970-01-18 22:57:10.149552287,-0.00022888184,0.024551392,-0.008728027,9.834550981235324,0.026057660895542307,98.02011108398438,-12.078640937805176,5.038431644439697,168585216.0,50354.0,0.10682092021060001,-0.014958310302000026,0.06840436633840526,0.005396009514983053,-0.000757621303234092,0.0033857131684226814,168.5852162039373
1631,E,1551430199906291.0,2.0999298,9.55986,1.297785113673298,163,1970-01-18 22:57:10.199906291,-0.00048828125,0.029708862,-0.007217407,9.877782586158192,0.030576884467155816,98.017333984375,-12.083379745483398,5.040496826171875,168635570.0,50354.0,0.1057575368855,-0.01302554754300002,0.06677548241630527,0.0053520878143085105,-0.0007045495889635662,0.0034034230520973464,168.6355702080764
1631,E,1551430250260295.0,2.0141907,9.49585,1.257593513673298,163,1970-01-18 22:57:10.250260295,-0.002532959,0.009033203,0.009246826,9.803399864067698,0.01317263940177389,98.02201843261719,-12.078227996826172,5.039862632751465,168685924.0,50354.0,0.10358121182850001,-0.013703589330000005,0.06433676770070526,0.0052705216763723785,-0.0006729594790515218,0.003301013121195974,168.68592421198264
1631,E,1551430300614299.0,1.973114,9.547195,1.2764076136732982,163,1970-01-18 22:57:10.300614299,-0.0036621094,0.02947998,-0.0022277832,9.842225858491169,0.02978998630486712,98.02245330810547,-12.065485000610352,5.0411787033081055,168736278.0,50354.0,0.1003883704319,-0.014022456035000009,0.06379854638320526,0.005135342172570091,-0.0006980586441546054,0.0032260628026906154,168.7362782158889
1631,E,1551430350968303.0,2.001648,9.498627,1.291086513673298,163,1970-01-18 22:57:10.350968303,-0.007843018,-0.0059051514,0.00038146973,9.798894760292145,0.009824930715285082,98.0218734741211,-12.058499336242676,5.040927410125732,168786632.0,50354.0,0.100072582874,-0.013952539506000007,0.06464179964420526,0.005047005421382645,-0.0007043264627357575,0.0032337425919321144,168.78663222002797
1631,E,1551430401322307.0,2.1750488,9.527359,1.3124946136732982,163,1970-01-18 22:57:10.401322307,-0.007965088,0.026443481,-0.007888794,9.86065132763152,0.028721653591315753,98.01719665527344,-12.075403213500977,5.043152809143066,168836986.0,50354.0,0.10515669533360002,-0.014451950478000002,0.06555036204320526,0.005167057537432746,-0.0007151398443271683,0.0032778480548039347,168.83698622393422
1631,E,1551430451676311.0,2.0354614,9.504517,1.4068855136732983,163,1970-01-18 22:57:10.451676311,0.0015106201,-0.010787964,0.009857178,9.796454246690596,0.014691021015419725,98.00003814697266,-12.073756217956543,5.046172618865967,168887340.0,50354.0,0.10600801530540001,-0.014303657948000025,0.06846583346620526,0.005316493919758104,-0.0007239799533414028,0.0033741257543404286,168.8873402280733
1631,E,1551430502030315.0,2.0731812,9.476212,1.2611793136732983,163,1970-01-18 22:57:10.502030315,-0.00045776367,0.021148682,-0.0024719238,9.796191871671196,0.02129757510111661,98.00499725341797,-12.077387809753418,5.046170711517334,168937694.0,50354.0,0.10344329474019999,-0.015591385967000031,0.06717386815810528,0.0052733556330180715,-0.0007526675206479565,0.003415000767795267,168.93769423197955
1631,E,1551430552384318.0,2.069458,9.559265,1.2943519136732982,163,1970-01-18 22:57:10.552384318,-0.005569458,0.0045776367,-0.0037384033,9.87123654993032,0.008120916167797927,98.00312805175781,-12.077838897705078,5.046752452850342,168988048.0,50354.0,0.1042992271384,-0.014212995571000031,0.06434060971090526,0.005230333473337512,-0.0007503849139822276,0.003311140009308079,168.98804823495448
1631,E,1551430602738322.0,2.1354065,9.490433,1.3081001136732981,163,1970-01-18 22:57:10.602738322,-0.011138916,0.020629883,-0.012283325,9.816868144103811,0.02646785966610013,98.0002212524414,-12.089517593383789,5.048323631286621,169038402.0,50354.0,0.10586587351650001,-0.013854953454000053,0.06552193469250527,0.005291326739188418,-0.0007066667526024271,0.003269549280444667,169.03840223886073
1631,E,1551430653092326.0,1.9890137,9.546768,1.4147743136732982,163,1970-01-18 22:57:10.653092326,-0.013305664,0.016494751,-0.013397217,9.826968867184839,0.02507195501707009,97.98040771484375,-12.078695297241211,5.053219795227051,169088756.0,50354.0,0.10384052737540002,-0.014169590423000047,0.06855380945730526,0.005279778055255367,-0.0007055739411912315,0.00337562501045978,169.0887562429998
1631,E,1551430703446330.0,2.0960388,9.488052,1.3701271136732982,163,1970-01-18 22:57:10.703446330,-0.023849487,0.0059051514,-0.021621704,9.797918953258034,0.032728686607985155,97.96846771240234,-12.08452320098877,5.055908203125,169139110.0,50354.0,0.1028493667925,-0.014229536860000041,0.07011546323630526,0.005203831465465219,-0.0007150048276040933,0.003491276278607032,169.13911024690606
1631,E,1551430753800334.0,2.1446533,9.527908,1.3743995136732983,163,1970-01-18 22:57:10.753800334,-0.01222229,0.015289307,0.0037078857,9.846448265940086,0.019922241283264627,97.95590209960938,-12.097217559814453,5.0591230392456055,169189464.0,50354.0,0.10676790500170001,-0.014704375080000043,0.06909894689670526,0.0052775340519625735,-0.0007284691009133822,0.0035050012039188057,169.18946425104514
1631,E,1551430804154338.0,2.0576782,9.516922,1.3256629136732982,163,1970-01-18 22:57:10.804154338,-0.010223389,0.0021972656,0.005645752,9.823563730300316,0.011883609485664208,97.9513168334961,-12.097355842590332,5.0600457191467285,169239818.0,50354.0,0.1058021001755,-0.013977515090000055,0.06797947173330526,0.005351875020346365,-0.0007221239488100925,0.003451223345847775,169.2398182549514
1631,E,1551430854508342.0,1.9826202,9.549789,1.3563941136732982,163,1970-01-18 22:57:10.854508342,-0.014343262,0.025421143,-0.00032043457,9.835990117351542,0.029190175651077267,97.941162109375,-12.085803985595703,5.063254356384277,169290172.0,50354.0,0.10172259281679999,-0.013426617153000043,0.06752614977750526,0.0052248491954671366,-0.0006899538374820135,0.003411625032777677,169.29017225885764
1631,E,1551430904862346.0,1.9649811,9.60556,1.364862813673298,163,1970-01-18 22:57:10.904862346,-0.01361084,-0.012237549,0.00541687,9.885540619173746,0.019088086641408066,97.92938232421875,-12.070483207702637,5.064948081970215,169340526.0,50354.0,0.09938875793009999,-0.01119497822700001,0.06851308565980525,0.005063380477754701,-0.0006198979068822615,0.0034250598306051665,169.34052626299672
1631,E,1551430955216350.0,2.0159454,9.496902,1.2692054136732982,163,1970-01-18 22:57:10.955216350,-0.01890564,0.009918213,-0.0027923584,9.803163034105678,0.021531173640956493,97.93368530273438,-12.065330505371094,5.0643486976623535,169390880.0,50354.0,0.1002277864905,-0.012526514226000013,0.06631793575990526,0.005025745738877447,-0.0005972360154891816,0.003394640626284052,169.39088026690297
1631,E,1551431005570354.0,1.914856,9.61792,1.4098152136732982,163,1970-01-18 22:57:11.005570354,-0.008132935,-0.021408081,-0.003540039,9.882078750390944,0.023172881563118277,97.91559600830078,-12.042722702026367,5.067030429840088,169441234.0,50354.0,0.09896578684780001,-0.012215326506000032,0.06744970233470526,0.0050150965959383795,-0.0006229253241095651,0.003367867824308009,169.44123427104205
1631,E,1551431055924358.0,2.0069122,9.558105,1.3270820136732981,163,1970-01-18 22:57:11.055924358,-0.010192871,-0.027496338,-0.0009460449,9.852813476529265,0.029340044710015372,97.91128540039062,-12.035239219665527,5.06649923324585,169491588.0,50354.0,0.0987383579714,-0.010674418575000056,0.06890686149290527,0.004977597254112999,-0.0005762951119043392,0.00343304920748775,169.4915882749483
1631,E,1551431106278361.0,2.0316315,9.595703,1.4543708136732982,163,1970-01-18 22:57:11.106278361,-0.01109314,-0.028564453,-0.0045318604,9.878404696114027,0.030976176150937305,97.88756561279297,-12.030681610107422,5.069971561431885,169541942.0,50354.0,0.10167841473490001,-0.011233775984000043,0.07002863783410526,0.005045893086426515,-0.0005515826144119455,0.0034979790665561447,169.54194227792323
1631,E,1551431156632365.0,2.0621033,9.524368,1.4116615136732982,163,1970-01-18 22:57:11.156632365,-0.009918213,-0.017608643,-0.0011444092,9.820681345119988,0.02024215724254366,97.87203979492188,-12.032774925231934,5.072258472442627,169592296.0,50354.0,0.1030679610596,-0.012083172433000007,0.07215809590560526,0.005154899503378127,-0.0005870508102948103,0.003579835395364692,169.5922962820623
1631,E,1551431206986369.0,2.010147,9.552673,1.4397377136732983,163,1970-01-18 22:57:11.206986369,-0.0074920654,-0.016052246,-0.0061187744,9.83395425561122,0.018741532641715526,97.85230255126953,-12.026443481445312,5.075557708740234,169642650.0,50354.0,0.10252704580310001,-0.013166538743000005,0.07178967834690526,0.0051762654877821985,-0.0006357119782781523,0.003624173112355458,169.64265028596856
1631,E,1551431257340373.0,1.9925537,9.474075,1.3608650136732983,163,1970-01-18 22:57:11.257340373,-0.0023498535,-0.009475708,0.0016784668,9.763936912965915,0.009905963071374155,97.8464584350586,-12.020182609558105,5.0762810707092285,169693004.0,50354.0,0.10077599552390001,-0.014432765604000048,0.07051077486640527,0.00511856067148988,-0.0006948676855444203,0.0035826985105515195,169.6930042898748
1631,E,1551431307694377.0,2.0149689,9.559448,1.4555763136732982,163,1970-01-18 22:57:11.307694377,-0.00036621094,-0.0026245117,-0.0073547363,9.839621631303002,0.007817564720458045,97.82510375976562,-12.014744758605957,5.080644130706787,169743358.0,50354.0,0.10089739650019999,-0.014262191429000065,0.07090954329860526,0.005077530990990766,-0.0007224529332198439,0.00356053935044047,169.7433582940139
1631,E,1551431358048381.0,2.0299377,9.582443,1.3925575136732982,163,1970-01-18 22:57:11.358048381,-0.0074157715,-0.010513306,-0.0005493164,9.872721662249814,0.012877306337008421,97.81289672851562,-12.010919570922852,5.082601547241211,169793712.0,50354.0,0.1018386134682,-0.011533810293000053,0.07170746537110526,0.005104284522974407,-0.000649465935354797,0.0035906684272773016,169.79371229792014
1631,E,1551431408402385.0,1.969223,9.566727,1.3724769136732982,163,1970-01-18 22:57:11.408402385,-0.0040130615,-0.013137817,0.0070495605,9.847685224651743,0.01544031092211007,97.80445098876953,-11.999288558959961,5.0836334228515625,169844066.0,50354.0,0.10068686894390001,-0.011350546910000042,0.06961527177730525,0.005098984070689442,-0.0005761594612999335,0.0035580825531855314,169.84406630205922
1631,E,1551431458756389.0,1.9542694,9.500549,1.3931526136732981,163,1970-01-18 22:57:11.458756389,-0.005355835,-0.014816284,0.0060272217,9.777775923344969,0.01686815465712927,97.79438781738281,-11.987743377685547,5.084912300109863,169894420.0,50354.0,0.0987817681548,-0.013412392148000045,0.06963025461000526,0.00502202187623397,-0.0006234565166632683,0.003505784617853317,169.89442030596547
1631,E,1551431509110393.0,2.0266266,9.587143,1.3524116136732982,163,1970-01-18 22:57:11.509110393,-0.0038146973,0.0011749268,-0.0028381348,9.881706367293807,0.0048976910497658555,97.78881072998047,-11.983786582946777,5.086105823516846,169944774.0,50354.0,0.10022701859200002,-0.012898378516000068,0.06912507055190527,0.005010444223924184,-0.0006624262730075309,0.0034934428216014217,169.94477430987172
1631,E,1551431559464397.0,2.011444,9.568176,1.3759254136732981,163,1970-01-18 22:57:11.559464397,-0.008544922,-0.0023498535,0.006576538,9.857182649318764,0.011035776163142774,97.78009796142578,-11.978866577148438,5.087666988372803,169995128.0,50354.0,0.10166650349620002,-0.01119573353700007,0.06869134133750526,0.005083073205614613,-0.0006066174591583845,0.003469803802139689,169.9951283140108
1631,E,1551431609818401.0,2.0480194,9.503662,1.399698613673298,163,1970-01-18 22:57:11.609818401,0.0005493164,-0.0067749023,0.00062561035,9.799140294635157,0.006825865365789261,97.76984405517578,-11.98098087310791,5.089471340179443,170045482.0,50354.0,0.10220511002180001,-0.013297534674000046,0.06988188613650526,0.005132875613542687,-0.00061666701374835,0.003488858148113163,170.04548231791705
1631,E,1551431660172404.0,1.9965363,9.599945,1.4286750136732982,163,1970-01-18 22:57:11.660172404,0.005706787,0.014633179,0.0054626465,9.87845748695708,0.016629427299019416,97.75376892089844,-11.973353385925293,5.093538761138916,170095836.0,50354.0,0.1018297788589,-0.01249768656100003,0.07120996281570525,0.005136986397349385,-0.0006494462850335969,0.003552269481069804,170.09583632089198
1631,E,1551431710526408.0,1.9786072,9.523041,1.4286445136732981,163,1970-01-18 22:57:11.710526408,0.0055999756,0.009521484,-0.0024871826,9.800106664312867,0.011322740903535421,97.73955535888672,-11.965168952941895,5.097019195556641,170146190.0,50354.0,0.1000821878995,-0.012009781478000059,0.07193873374000526,0.005083537587076237,-0.0006170245228179053,0.0036040547331831234,170.14619032503106
1631,E,1551431760880412.0,1.9687958,9.597153,1.438517013673298,163,1970-01-18 22:57:11.760880412,0.006942749,0.0155181885,-0.011047363,9.868982189901628,0.020274618794253622,97.72289276123047,-11.9533052444458,5.101375579833984,170196544.0,50354.0,0.099383765331,-0.012080075662000044,0.07218652577400525,0.005021954304484299,-0.0006065103332137826,0.0036286416587842426,170.1965443289373
1631,E,1551431811234416.0,1.9833832,9.519119,1.4049018136732982,163,1970-01-18 22:57:11.811234416,0.00032043457,-0.0074920654,-0.007904053,9.800196633796224,0.010895309821126577,97.71294403076172,-11.945940971374512,5.103121757507324,170246898.0,50354.0,0.09950401068300001,-0.012178819856000027,0.07158875581610526,0.005007397536704479,-0.0006107662124566878,0.003619830264594212,170.2468983330764
1631,E,1551431861588420.0,1.9994202,9.573517,1.3988899136732982,163,1970-01-18 22:57:11.861588420,0.0066223145,-0.003692627,0.0029754639,9.857031608561245,0.008145178261907008,97.70342254638672,-11.94000244140625,5.104963302612305,170297252.0,50354.0,0.1002750412018,-0.01277390342800002,0.07059106431940526,0.00502983718930361,-0.0006282347141212693,0.0035796613315517483,170.29725233698264
1631,E,1551431911942424.0,1.9797363,9.545212,1.4221900136732981,163,1970-01-18 22:57:11.911942424,0.0025787354,-0.014266968,0.006072998,9.822670143444773,0.01571870086502829,97.69112396240234,-11.932406425476074,5.106801986694336,170347606.0,50354.0,0.10018322320050001,-0.012116959967000034,0.07102632933080526,0.005046937722856708,-0.0006266772676959164,0.003565501119931351,170.3476063408889
1631,E,1551431962296428.0,2.049652,9.541855,1.3974403136732982,163,1970-01-18 22:57:11.962296428,0.004623413,-0.012924194,-7.6293945e-05,9.836808399006893,0.01372649114246786,97.6829605102539,-11.934675216674805,5.107912063598633,170397960.0,50354.0,0.1014479092291,-0.012914114141000053,0.07098983275160525,0.00507646702118004,-0.0006302073528171182,0.00357554091274885,170.39796034502797
1631,E,1551432012650432.0,1.9669952,9.566971,1.3683876136732982,163,1970-01-18 22:57:12.012650432,-0.00021362305,-0.018325806,0.00024414063,9.847999311801319,0.018328677120958405,97.6786117553711,-11.924236297607422,5.1079206466674805,170448314.0,50354.0,0.1011271265544,-0.012366287798000024,0.06963524972680527,0.0051002316759211795,-0.000636484679618205,0.003540517701558942,170.44831434893422
1631,E,1551432063004436.0,1.9289398,9.541946,1.420404813673298,163,1970-01-18 22:57:12.063004436,-0.0031738281,-0.046447754,-0.0048828125,9.809601015853053,0.046811418418619,97.66729736328125,-11.909099578857422,5.108006000518799,170498668.0,50354.0,0.098087955495,-0.012363996691000039,0.07021342694330526,0.005015638120757744,-0.0006226343725795546,0.003520970132523373,170.4986683530733
1631,E,1551432113358440.0,2.0399628,9.550537,1.383982013673298,163,1970-01-18 22:57:12.113358440,-0.0072631836,-0.061645508,-0.0063934326,9.844909501058693,0.062400308276450975,97.66142272949219,-11.909615516662598,5.106189250946045,170549022.0,50354.0,0.0999250607602,-0.012777755509000045,0.07060604715210525,0.004985373710257171,-0.0006329938951394022,0.003545411899300151,170.54902235697955
1631,E,1551432163712443.0,1.9560547,9.510483,1.3765815136732982,163,1970-01-18 22:57:12.163712443,-0.012054443,-0.060821533,0.0018463135,9.789889935526647,0.06203206707865392,97.65736389160156,-11.899703025817871,5.103945255279541,170599376.0,50354.0,0.1006077325975,-0.013569899460000012,0.06950270792800525,0.005048814138366813,-0.0006633549091545145,0.0035275181266519423,170.59937635995448
1631,E,1551432214066447.0,1.988678,9.530624,1.4240058136732983,163,1970-01-18 22:57:12.214066447,-0.008514404,-0.077926636,0.007888794,9.81008044981836,0.07878634871934444,97.64632415771484,-11.894486427307129,5.102298259735107,170649730.0,50354.0,0.0993165351879,-0.01407124906100003,0.07051038714060526,0.005033493290033017,-0.0006959211963132181,0.003525109694542407,170.64973036386073
1631,E,1551432264420451.0,1.9906158,9.522156,1.377909013673298,163,1970-01-18 22:57:12.264420451,-0.010360718,-0.062820435,4.5776367e-05,9.808016770836282,0.06366909475201075,97.64232635498047,-11.8894624710083,5.099974155426025,170700084.0,50354.0,0.1001866800026,-0.01377735794000003,0.07054380960810526,0.005022892448851219,-0.0007011443784641785,0.0035513215115422847,170.7000843679998
1631,E,1551432314784002.0,1.9936218,9.540909,1.327814413673298,163,1970-01-18 22:57:12.314784002,0.0013122559,-0.052764893,-0.0007171631,9.83333273840048,0.052786080284110276,97.64591217041016,-11.884272575378418,5.096694469451904,170750447.0,50363.0,0.1003290791244,-0.013520828702500038,0.06813417448572831,0.00504928758845655,-0.0006874092869381155,0.0034921196564588705,170.75044791889377
1631,E,1551432365138006.0,1.9577637,9.521881,1.3430732136732981,163,1970-01-18 22:57:12.365138006,-0.00039672852,-0.061767578,-0.003982544,9.805639473303561,0.06189710608919129,97.64752960205078,-11.87447738647461,5.093384265899658,170800801.0,50354.0,0.09948403273350001,-0.013525336170000044,0.06724493779370526,0.005030694717246349,-0.0006809412929949346,0.0034084399098592987,170.80080192303285
1631,E,1551432415492010.0,1.9618683,9.559189,1.348490113673298,163,1970-01-18 22:57:12.415492010,-0.0049591064,-0.07815552,-0.0015106201,9.84198340143626,0.07832726227721384,97.64753723144531,-11.86447525024414,5.089553356170654,170851155.0,50354.0,0.09868457486400001,-0.013065100610000026,0.06776548989260527,0.0049892910334822585,-0.0006694674268100618,0.0033991575378582405,170.8511559269391
1631,E,1551432465846014.0,2.0106812,9.514206,1.361154913673298,163,1970-01-18 22:57:12.465846014,-0.006668091,-0.09484863,-0.0121154785,9.806544584026469,0.09585150426438357,97.64661407470703,-11.862421035766602,5.0851521492004395,170901509.0,50354.0,0.1000168787615,-0.013258334085000045,0.06822073285350526,0.005002706497929214,-0.0006627451153160168,0.0034237251300788247,170.90150993107818
1631,E,1551432516200018.0,2.0094757,9.514282,1.2902626136732982,163,1970-01-18 22:57:12.516200018,0.0036621094,-0.10105896,-0.028244019,9.815782568610599,0.10499547157288038,97.6567611694336,-11.859118461608887,5.07838773727417,170951863.0,50354.0,0.1012154902713,-0.014388957624000052,0.06675473908600525,0.0050664273551388065,-0.0006960758633574955,0.0033982774570210563,170.95186393498443
1631,E,1551432566554022.0,1.9350433,9.56308,1.2871345136732981,163,1970-01-18 22:57:12.566554022,0.014404297,-0.10029602,-0.03933716,9.848619426909313,0.10869308881787383,97.66663360595703,-11.843307495117188,5.071901321411133,171002217.0,50354.0,0.099311154863,-0.01315845692600006,0.06489112747520526,0.005048659344546272,-0.0006935612561253529,0.0033144479824115977,171.00221793889068
1631,E,1551432616908026.0,1.8654022,9.558136,1.2002967136732983,163,1970-01-18 22:57:12.616908026,0.026565552,-0.11383057,-0.044036865,9.842588604987503,0.12490945800305849,97.68988037109375,-11.817434310913086,5.062171459197998,171052571.0,50354.0,0.0956838163535,-0.01205434476800007,0.06262605601090526,0.004909388390317821,-0.0006347827082498412,0.0032105001286298045,171.05257194302976
1631,E,1551432667262030.0,1.7724609,9.631592,1.1934608136732983,163,1970-01-18 22:57:12.667262030,0.01713562,-0.14118958,-0.03652954,9.897858955161828,0.14684186823236894,97.71183013916016,-11.777172088623047,5.051255702972412,171102925.0,50354.0,0.0915904792687,-0.010329418144000067,0.06026763326600527,0.004715004940880129,-0.0005635559988354274,0.0030940944149247763,171.102925946936
1631,E,1551432717616033.0,1.9015961,9.666489,1.2884468136732983,163,1970-01-18 22:57:12.717616033,-0.024810791,-0.15480042,-0.033615112,9.942432915332033,0.16033939359057905,97.71659851074219,-11.755696296691895,5.042736053466797,171153279.0,50354.0,0.092501733089,-0.007601414663000041,0.062486988333705265,0.004634889630529814,-0.0004514445775818417,0.0030905931080159126,171.15327994991094
1631,E,1551432767970037.0,1.878418,9.589264,1.3107399136732982,163,1970-01-18 22:57:12.767970037,-0.037384033,-0.15060425,-0.017929077,9.85992375277712,0.15620709920960543,97.71891784667969,-11.73447036743164,5.034696578979492,171203633.0,50354.0,0.0951694149957,-0.008667106719000027,0.06543972423440526,0.004724996495328492,-0.00040959256283461574,0.003220810842327319,171.20363395405002
1631,E,1551432818324041.0,1.8841858,9.5321045,1.3268379136732982,163,1970-01-18 22:57:12.818324041,-0.025482178,-0.12710571,-0.012710571,9.803299098722814,0.1302565220070528,97.72032165527344,-11.716654777526855,5.028071403503418,171253987.0,50354.0,0.0947310758726,-0.012050505275500015,0.06640629695910526,0.00478112465859119,-0.0005216073171855276,0.0033194872755890146,171.25398795795627
1631,E,1551432868678045.0,1.821579,9.52887,1.3092292136732981,163,1970-01-18 22:57:12.868678045,-0.01889038,-0.10928345,-0.015380859,9.79066670371386,0.11196557383421381,97.72449493408203,-11.690306663513184,5.0218305587768555,171304341.0,50354.0,0.0933000403696,-0.013571045013500028,0.06636826206520526,0.00473405941362987,-0.0006450737716261542,0.003342865072555066,171.30434196186252
1631,E,1551432919032049.0,1.7756348,9.601273,1.2415412136732982,163,1970-01-18 22:57:12.919032049,-0.030395508,-0.122680664,-0.019165039,9.862053517716598,0.12783477987594175,97.73660278320312,-11.655601501464844,5.01324987411499,171354695.0,50354.0,0.0905670518426,-0.011829589689000029,0.06422074704930526,0.004629221780626559,-0.000639511779904844,0.0032878394824760316,171.3546959660016
1631,E,1551432969386053.0,1.8025513,9.582443,1.2068427136732982,163,1970-01-18 22:57:12.969386053,-0.04385376,-0.1458435,-0.016418457,9.853558508257901,0.15317651415490707,97.75343322753906,-11.62595272064209,5.002437591552734,171405049.0,50354.0,0.0900879914397,-0.010480782268000026,0.06164296213880527,0.004548352024718467,-0.0005617082347613904,0.0031688706062290586,171.40504996990785
1631,E,1551433019740057.0,1.8005066,9.56485,1.2353767136732983,163,1970-01-18 22:57:13.019740057,-0.042099,-0.14494324,-0.014724731,9.831993230184434,0.15164988073097835,97.76612091064453,-11.59740924835205,4.992524147033691,171455403.0,50354.0,0.0907141887483,-0.01139780413900005,0.061487758522305265,0.004552056490593277,-0.000550837169969041,0.00310006215408478,171.45540397404693
1631,E,1551433070094061.0,1.7804108,9.580551,1.301248913673298,163,1970-01-18 22:57:13.070094061,-0.037078857,-0.1211853,-0.014465332,9.834509446017563,0.12755377063178758,97.76847839355469,-11.566696166992188,4.985893726348877,171505757.0,50354.0,0.09015675737980001,-0.011445439023000045,0.06386462341970527,0.004553787810667174,-0.0005751243330896764,0.0031559969201539993,171.50575797795318
1631,E,1551433120448065.0,1.783905,9.55545,1.279428813673298,163,1970-01-18 22:57:13.120448065,-0.034332275,-0.09623718,-0.0056152344,9.8136680976992,0.10233196362034186,97.77439880371094,-11.538437843322754,4.979732036590576,171556111.0,50354.0,0.08973877889660001,-0.01168210282300003,0.06497372314140525,0.004529229916830924,-0.000582282121056744,0.0032437630513690793,171.55611198185943
1631,E,1551433170802069.0,1.7405396,9.583939,1.2740577136732982,163,1970-01-18 22:57:13.170802069,-0.020965576,-0.06524658,-0.0024261475,9.834379598061343,0.06857519792461363,97.78071594238281,-11.504274368286133,4.975105285644531,171606465.0,50354.0,0.0887349416942,-0.011596803147000003,0.06428913029900525,0.004493432863314572,-0.000586093015606691,0.0032544508610692154,171.6064659859985
1631,E,1551433221156073.0,1.661972,9.651413,1.2967018136732982,163,1970-01-18 22:57:13.221156073,-0.017456055,-0.049331665,0.00030517578,9.883560485745033,0.052329916492308184,97.78221130371094,-11.458373069763184,4.9722394943237305,171656819.0,50354.0,0.0856650345532,-0.00918074269600002,0.06472401262000527,0.00439086820198079,-0.0005231162716892117,0.003248163899271928,171.65681998990476
1631,E,1551433271510076.0,1.6563873,9.635803,1.2309974136732982,163,1970-01-18 22:57:13.271510076,-0.027038574,-0.06425476,-0.0011901855,9.876459279484624,0.06972212853990822,97.79326629638672,-11.412803649902344,4.966666221618652,171707173.0,50354.0,0.0835463320961,-0.00787496276800006,0.06363988344690526,0.004260234578129426,-0.00042941149646713003,0.003231817811276606,171.7071739928797
1631,E,1551433321864080.0,1.6785736,9.6082,1.2433723136732981,163,1970-01-18 22:57:13.321864080,-0.0287323,-0.057037354,-0.0015869141,9.851538924664862,0.06388523390402585,97.80265045166016,-11.372288703918457,4.961769104003906,171757527.0,50354.0,0.08396431057930001,-0.008962936469000054,0.06229720662540526,0.004217415450638546,-0.0004239277890899519,0.0031707181167505622,171.75752799701877
1631,E,1551433372218084.0,1.689148,9.6241,1.3287605136732983,163,1970-01-18 22:57:13.372218084,-0.026977539,-0.051208496,0.0021514893,9.85723198614105,0.05792000154770847,97.7989730834961,-11.334421157836914,4.9597272872924805,171807882.0,50355.0,0.08479081058400001,-0.009257766750000024,0.06475987426051892,0.004248832063088986,-0.00045875175529637446,0.0031989796540053557,171.80788200092502
1631,E,1551433422572088.0,1.7330017,9.574036,1.3280128136732983,163,1970-01-18 22:57:13.422572088,-0.022033691,-0.04319763,-0.00090026855,9.816104349012683,0.04850081710819417,97.7966537475586,-11.30494213104248,4.957873344421387,171858236.0,50354.0,0.08615946299690001,-0.01011772992800004,0.06688958206260526,0.00430401503794632,-0.00048781687986200765,0.003314538361847298,171.8582360050641
1631,E,1551433472926092.0,1.7314453,9.557098,1.3258308136732981,163,1970-01-18 22:57:13.472926092,-0.010345459,-0.025512695,-0.005874634,9.799599383884756,0.028150265588758872,97.79544830322266,-11.276273727416992,4.956805229187012,171908590.0,50354.0,0.08722438211900001,-0.01180463928200005,0.06681582100570525,0.004365285068483015,-0.0005519394896001724,0.0033663009330508545,171.90859000897035
1631,E,1551433523280096.0,1.6929169,9.579819,1.3263191136732981,163,1970-01-18 22:57:13.523280096,-0.0030822754,-0.010818481,-0.005996704,9.814975860377842,0.012747564930308146,97.79399108886719,-11.24230670928955,4.956577777862549,171958944.0,50354.0,0.08621516710940001,-0.011659040691000027,0.06677317872080527,0.004366687530923428,-0.000590745070680223,0.003363370246114355,171.9589440128766
1631,E,1551433573634100.0,1.705307,9.558426,1.342676513673298,163,1970-01-18 22:57:13.573634100,-0.0043029785,-0.0030517578,-0.0037994385,9.794085374499083,0.006501121638348673,97.7904052734375,-11.211721420288086,4.9571051597595215,172009298.0,50354.0,0.0855570831303,-0.011625605635000005,0.06719730290970526,0.004324709944284927,-0.0005862375405497028,0.0033729748160113635,172.00929801701568
1631,E,1551433623988104.0,1.7180023,9.583191,1.3435157136732983,163,1970-01-18 22:57:13.623988104,-0.0016021729,3.0517578e-05,-0.0032806396,9.820359133733872,0.0036510937414902887,97.78645324707031,-11.183155059814453,4.957886695861816,172059652.0,50354.0,0.0861886582461,-0.011540708791000033,0.06763026170790526,0.004324042530633623,-0.0005832582983034029,0.0033945535943775804,172.05965202092193
1631,E,1551433674342108.0,1.6941376,9.58139,1.334116313673298,163,1970-01-18 22:57:13.674342108,0.0052948,-0.0011901855,-0.005355835,9.815688818191852,0.007624724067901424,97.78433990478516,-11.151772499084473,4.958322525024414,172110006.0,50354.0,0.0859074462623,-0.010962544163000035,0.06741474155250525,0.004332863623207987,-0.0005665643996228597,0.003400028047087356,172.110006025061
1631,E,1551433724696112.0,1.7038269,9.604218,1.3522132136732983,163,1970-01-18 22:57:13.724696112,0.011260986,0.009017944,-0.0053863525,9.837282664107901,0.015399542620921839,97.77938079833984,-11.122125625610352,4.959865093231201,172160360.0,50354.0,0.0855505522165,-0.010433147384000032,0.06763371851000526,0.004316798027700748,-0.0005386793260788207,0.003400115078993827,172.16036002896726
1631,E,1551433775050115.0,1.63591,9.605209,1.319467913673298,163,1970-01-18 22:57:13.775050115,0.0090789795,0.009933472,-0.001083374,9.831021234182675,0.013500941965658554,97.77921295166016,-11.083560943603516,4.960474014282227,172210714.0,50354.0,0.08408455593130001,-0.009833456421000041,0.06726491574320526,0.004270903117837161,-0.0005102522839984869,0.0033963429145930815,172.2107140319422
1631,E,1551433825404119.0,1.6444244,9.608139,1.2817329136732982,163,1970-01-18 22:57:13.825404119,0.004760742,0.0014343262,-0.0022888184,9.840396150941128,0.005473631857071591,97.78439331054688,-11.046866416931152,4.959607124328613,172261068.0,50354.0,0.08258897918880001,-0.00973473740400004,0.06549043323010525,0.0041963395937187585,-0.000492668415932027,0.0033423814211010388,172.26106803608127
1631,E,1551433875758123.0,1.7235718,9.574585,1.297418913673298,163,1970-01-18 22:57:13.875758123,0.0021514893,-0.0039978027,-0.0020446777,9.819079011032516,0.004979160524929786,97.78775787353516,-11.023309707641602,4.958803176879883,172311422.0,50354.0,0.0847960403274,-0.010505757852000029,0.06493530555710525,0.004214252636359368,-0.0005095949490603138,0.003283728825445599,172.31142203998752
1631,E,1551433926112127.0,1.7061615,9.571442,1.298258213673298,163,1970-01-18 22:57:13.926112127,0.0016479492,-0.005279541,0.00047302246,9.812858444866944,0.005550949466904386,97.79096984863281,-10.998040199279785,4.95794677734375,172361776.0,50354.0,0.0863503952941,-0.011429678221000033,0.06535136303520525,0.004308953809642506,-0.0005522684740099225,0.0032802274551486017,172.36177604389377
1631,E,1551433976466131.0,1.6518555,9.607132,1.2739967136732981,163,1970-01-18 22:57:13.976466131,0.0034332275,-0.0038146973,-0.0007171631,9.841719071852907,0.005182015965759383,97.79701232910156,-10.964593887329102,4.956648826599121,172412130.0,50354.0,0.08454479400900002,-0.010610242402000054,0.06476166230580525,0.00430262818108415,-0.0005548990815252732,0.003275855639010621,172.41213004803285
1631,E,1551434026820135.0,1.688385,9.614029,1.2839454136732982,163,1970-01-18 22:57:14.026820135,0.007873535,0.002243042,-0.001663208,9.853282403760327,0.008354044030363557,97.80144500732422,-10.937073707580566,4.955998420715332,172462484.0,50354.0,0.0840972350685,-0.009538029503000027,0.06440130894020525,0.004245900366084219,-0.000507273041752187,0.0032519361270608067,172.4624840519391
1631,E,1551434077174139.0,1.6965637,9.606476,1.2784523136732981,163,1970-01-18 22:57:14.077174139,0.006500244,0.0007019043,0.0014190674,9.848070083974811,0.006690261130302556,97.80670166015625,-10.911726951599121,4.955090045928955,172512838.0,50354.0,0.0852228534199,-0.00955454561500001,0.06451348758140525,0.0042629718678724475,-0.000480693763745887,0.003245687832024588,172.51283805607818
1631,E,1551434127528143.0,1.6871033,9.619934,1.2680763136732982,163,1970-01-18 22:57:14.127528143,0.0068511963,0.0041503906,0.0012359619,9.86100095572258,0.00810507462593366,97.81304931640625,-10.885305404663086,4.954150199890137,172563192.0,50354.0,0.085190584059,-0.009405875430000002,0.06411395125070526,0.004290499115406266,-0.0004773665206499653,0.003238453027476047,172.56319205998443
1631,E,1551434177882147.0,1.6687775,9.605011,1.312540413673298,163,1970-01-18 22:57:14.177882147,-0.0007171631,0.0020751953,0.0012512207,9.837274619906783,0.00252711528926802,97.81265258789062,-10.857419967651367,4.954310894012451,172613546.0,50354.0,0.08449101090160001,-0.009442759735000037,0.06497218734440526,0.004272073516323026,-0.00047455208754920594,0.003250001711409098,172.61354606389068
1631,E,1551434228236151.0,1.6677094,9.599396,1.2717537136732981,163,1970-01-18 22:57:14.228236151,0.00012207031,0.0030212402,0.0032348633,9.837152054968163,0.004427994362729748,97.81840515136719,-10.830183029174805,4.953353404998779,172663900.0,50354.0,0.0840027306813,-0.009959844961000042,0.06506477324420526,0.004242166931832674,-0.000488499378431194,0.0032739405567394474,172.66390006802976
1631,E,1551434278590155.0,1.6681213,9.616943,1.311563813673298,163,1970-01-18 22:57:14.278590155,0.0027618408,0.0054016113,0.0017852783,9.848944577864101,0.006323953498349211,97.81791687011719,-10.803336143493652,4.953720569610596,172714254.0,50354.0,0.0839862095339,-0.009659432997000046,0.06504018538600526,0.004229457547798091,-0.0004939545611485682,0.0032756525434328105,172.714254071936
1631,E,1551434328944158.0,1.6788177,9.595169,1.2649940136732982,163,1970-01-18 22:57:14.328944158,-6.1035156e-05,0.002380371,0.00047302246,9.835851928866171,0.0024276823588709863,97.82462310791016,-10.778985977172852,4.952579498291016,172764608.0,50354.0,0.084265883203,-0.009765856176000051,0.06486999641910526,0.004236082938836931,-0.0004890705055086235,0.0032707486473072677,172.76460807491094
1631,E,1551434379298162.0,1.6916809,9.593903,1.2219184136732981,163,1970-01-18 22:57:14.379298162,0.00340271,0.000869751,-0.00016784668,9.842882765471602,0.003516116416458366,97.8376693725586,-10.756929397583008,4.950214385986328,172814962.0,50354.0,0.0848590432522,-0.01034593425600005,0.06261299418330527,0.004258058273362571,-0.0005063545477064665,0.00320963925439689,172.81496207905002
1631,E,1551434429652166.0,1.7026825,9.589249,1.265421213673298,163,1970-01-18 22:57:14.429652166,0.0018920898,0.0031280518,-0.0012512207,9.834121501751618,0.003863970123442438,97.84400939941406,-10.73723030090332,4.949210166931152,172865316.0,50354.0,0.0854598873218,-0.010494982096000043,0.06262374979770526,0.004288119715061598,-0.0005247117509943064,0.0031530855032099025,172.86531608295627
1631,E,1551434480006170.0,1.6792603,9.589539,1.252146113673298,163,1970-01-18 22:57:14.480006170,0.000869751,-0.0028076172,0.003829956,9.832225224448983,0.004827809452088269,97.85215759277344,-10.714820861816406,4.947541236877441,172915670.0,50354.0,0.0851471738756,-0.010604854524000016,0.06338479260060526,0.004295373979766939,-0.0005312305865817415,0.0031725170719622635,172.91567008686252
1631,E,1551434530360174.0,1.6777954,9.6259,1.3102058136732981,163,1970-01-18 22:57:14.530360174,0.0009460449,-0.0077209473,0.0019836426,9.859513880468427,0.008027631414478873,97.85088348388672,-10.691941261291504,4.947396278381348,172966024.0,50354.0,0.08452059135890001,-0.009682092297000037,0.06451233447480527,0.004271725325309007,-0.0005107644601123184,0.0032200659683776106,172.9660240910016
1631,E,1551434580714178.0,1.6859894,9.635971,1.3014472136732982,163,1970-01-18 22:57:14.580714178,-0.0001373291,-0.007385254,0.00012207031,9.871916080993882,0.007387539312031192,97.85065460205078,-10.670438766479492,4.947076797485352,173016378.0,50354.0,0.0846900099096,-0.008513073833000054,0.06575358826950527,0.004260215308137025,-0.0004580996976550124,0.0032797051369335066,173.01637809490785
1631,E,1551434631068182.0,1.6517487,9.618744,1.2663520136732982,163,1970-01-18 22:57:14.631068182,-0.0025939941,-0.0042266846,0.0032806396,9.854090292087472,0.005946113376298852,97.85578918457031,-10.645051956176758,4.945878028869629,173066732.0,50354.0,0.08403423214370001,-0.008693240445000057,0.06464948114690526,0.004247970242175934,-0.0004332033745772088,0.003283158078696968,173.06673209904693
1631,E,1551434681422186.0,1.6898193,9.615997,1.2996009136732982,163,1970-01-18 22:57:14.681422186,-0.00579834,-0.0034484863,0.0047454834,9.853325318242433,0.008248176599501446,97.85579681396484,-10.626009941101074,4.945622444152832,173117086.0,50354.0,0.08413065753599999,-0.009196125843000046,0.06460299685180526,0.004233887427465807,-0.00045040057503297864,0.0032541896385735354,173.11708610295318
1631,E,1551434731776190.0,1.7034912,9.580505,1.2963661136732982,163,1970-01-18 22:57:14.731776190,-0.0068969727,-0.0052490234,0.0047454834,9.821491558982892,0.009881300105652515,97.85697174072266,-10.61026382446289,4.9450554847717285,173167440.0,50354.0,0.0854333784585,-0.01015886914600002,0.06535866184750526,0.004269113734233526,-0.0004873007088380547,0.0032720446810725417,173.16744010685943
1631,E,1551434782130194.0,1.7147217,9.559738,1.2667640136732983,163,1970-01-18 22:57:14.782130194,0.0045928955,0.001953125,0.001159668,9.807258777897266,0.005123886826401346,97.86338806152344,-10.596817016601562,4.944002628326416,173217794.0,50354.0,0.0860603461833,-0.01157530198900004,0.06453192721620526,0.004317697505306599,-0.0005472012266658965,0.0032702553608570406,173.2177941109985
1631,E,1551434832484198.0,1.6916046,9.638489,1.332865113673298,163,1970-01-18 22:57:14.832484198,0.0058135986,0.007980347,0.0045166016,9.871162373366579,0.010857419441812751,97.85836791992188,-10.578862190246582,4.94533634185791,173268148.0,50354.0,0.0857610772551,-0.010115438821000055,0.06545086253920526,0.004325947977908597,-0.0005461077813733725,0.003272576697671971,173.26814811490476
1631,E,1551434882838201.0,1.7044678,9.604767,1.3265174136732982,163,1970-01-18 22:57:14.882838201,0.0008239746,-0.0028381348,0.00541687,9.841295380288184,0.006170609684732636,97.85493469238281,-10.563982009887695,4.945802211761475,173318502.0,50354.0,0.0855029148148,-0.008981743688000022,0.06695527389100527,0.004311913528343873,-0.00048080976402909494,0.003333589296903411,173.3185021178797
1631,E,1551434933192205.0,1.6524811,9.635986,1.2725776136732982,163,1970-01-18 22:57:14.933192205,0.0071105957,-0.0027618408,0.005508423,9.87018682074511,0.00940909452393439,97.85914611816406,-10.541086196899414,4.944920539855957,173368856.0,50354.0,0.0845179024553,-0.009044761718999997,0.06543741550350526,0.004280614116409308,-0.0004538533266320395,0.0033332507408855923,173.36885612201877
1631,E,1551434983546209.0,1.6627197,9.625061,1.3289588136732982,163,1970-01-18 22:57:14.983546209,0.0063171387,-0.005264282,0.0011749268,9.853650155920349,0.008306585298178785,97.85521697998047,-10.520448684692383,4.945434093475342,173419210.0,50354.0,0.0834668105416,-0.008533819681000003,0.06549888263130527,0.004229351119122951,-0.0004425759439078001,0.003296583178140125,173.41921012592502
1631,E,1551435033900213.0,1.6607513,9.590363,1.2737373136732981,163,1970-01-18 22:57:15.033900213,0.012680054,-0.003112793,0.003326416,9.826885691952137,0.013473614700919014,97.86048126220703,-10.500826835632324,4.9444146156311035,173469564.0,50354.0,0.08367502936700001,-0.009682469952000023,0.06552808039820526,0.004208130103378823,-0.00045863152409004164,0.0032988658481939866,173.4695641300641
1631,E,1551435084254217.0,1.6758575,9.617447,1.3063606136732981,163,1970-01-18 22:57:15.084254217,0.011627197,-0.00090026855,0.0024108887,9.8514466686781,0.011908592606295497,97.86019897460938,-10.483278274536133,4.944511413574219,173519918.0,50354.0,0.0840057997576,-0.00987416763000003,0.06495912551680526,0.004221700234870055,-0.0004923774644020154,0.0032852763833222196,173.51991813397035
1631,E,1551435134608221.0,1.6818695,9.613098,1.3606819136732982,163,1970-01-18 22:57:15.134608221,0.001663208,-0.011459351,0.00541687,9.841082206019697,0.012783797041151936,97.85165405273438,-10.467400550842285,4.945486545562744,173570272.0,50354.0,0.084537492679,-0.009301768535000008,0.06714812971100526,0.004243414473676278,-0.000482792544826206,0.0033260643648705857,173.5702721378766
1631,E,1551435184962225.0,1.7205658,9.583313,1.3044990136732981,163,1970-01-18 22:57:15.184962225,0.003250122,-0.0099487305,0.006881714,9.826106854350442,0.012525913904953613,97.85222625732422,-10.458101272583008,4.944880962371826,173620626.0,50354.0,0.0856631135481,-0.010161160253000005,0.06710126020780526,0.004285140662979696,-0.0004900181580954763,0.003379996889985893,173.62062614201568
1631,E,1551435235316229.0,1.75914,9.617584,1.344034513673298,163,1970-01-18 22:57:15.235316229,0.0056610107,0.009094238,0.0044403076,9.861112244798589,0.011596057025074352,97.84626770019531,-10.453838348388672,4.946430683135986,173670980.0,50354.0,0.0876085529266,-0.010048216231000006,0.06668212861800525,0.0043624607468335215,-0.0005088114717376683,0.003368264380467431,173.67098014592193
1631,E,1551435285670233.0,1.702301,9.560211,1.257715613673298,163,1970-01-18 22:57:15.285670233,0.00592041,0.014343262,-0.00045776367,9.806816296446039,0.015523851549996087,97.85420989990234,-10.442474365234375,4.945740222930908,173721334.0,50354.0,0.087148700057,-0.010629855285,0.06550426295620526,0.004399863358368098,-0.0005206118065583322,0.003328056780663899,173.721334150061
1631,E,1551435336024237.0,1.6985321,9.54924,1.2440437136732982,163,1970-01-18 22:57:15.336024237,0.009262085,0.012664795,0.0016937256,9.797389418203728,0.015781380083736193,97.86442565917969,-10.431181907653809,4.944583892822266,173771688.0,50354.0,0.08562277495870001,-0.012350552173000037,0.06298679458460527,0.0043498674264702795,-0.0005785777185700669,0.0032350193557049867,173.77168815396726
1631,E,1551435386378240.0,1.7285919,9.596298,1.2987312136732982,163,1970-01-18 22:57:15.386378240,0.011016846,0.024673462,-0.0015411377,9.84095570619571,0.027065212510961768,97.86532592773438,-10.423410415649414,4.945733547210693,173822042.0,50354.0,0.086284700948,-0.011441989774000032,0.06401944434580527,0.004328114520902987,-0.0005990248285996208,0.003197636077550946,173.8220421569422
1631,E,1551435436732244.0,1.6677399,9.589981,1.2617744136732982,163,1970-01-18 22:57:15.436732244,0.007003784,0.020568848,0.0015258789,9.829352284333872,0.02178207530937365,97.87158966064453,-10.407258987426758,4.945655345916748,173872396.0,50354.0,0.0855094457286,-0.010416253617000017,0.06446585017970527,0.004325261230876758,-0.0005503249938552083,0.003234874260268779,173.87239616108127
1631,E,1551435487086248.0,1.7021484,9.615875,1.244837113673298,163,1970-01-18 22:57:15.487086248,0.011077881,0.014297485,-0.005142212,9.862860082500367,0.018803719553012112,97.87987518310547,-10.395370483398438,4.944985866546631,173922750.0,50354.0,0.08484367772910001,-0.009923363488000018,0.06310895842400525,0.004288980589294514,-0.0005120905398525859,0.0032119509562156196,173.92275016498752
1631,E,1551435537440252.0,1.7029114,9.619339,1.2807716136732983,163,1970-01-18 22:57:15.537440252,0.004486084,0.007171631,-0.0035095215,9.861394901351298,0.00915827396479158,97.88237762451172,-10.383960723876953,4.944947719573975,173973104.0,50354.0,0.0857291905846,-0.009184217122000012,0.06358725092840525,0.004294513105534025,-0.00048107155701797077,0.0031898304628656393,173.97310416889377
1631,E,1551435587794256.0,1.680954,9.633911,1.2080635136732982,163,1970-01-18 22:57:15.587794256,-0.0024871826,0.002319336,0.0016021729,9.882033641335424,0.003759302431054619,97.89483642578125,-10.369311332702637,4.942783832550049,174023458.0,50354.0,0.08519557917580002,-0.008730124750000049,0.06266140200120526,0.004303372928257592,-0.0004510293853113456,0.003178562334808804,174.02345817303285
1631,E,1551435638148260.0,1.6318817,9.596802,1.1911109136732982,163,1970-01-18 22:57:15.638148260,-0.004562378,-0.012390137,0.002609253,9.840062232653752,0.013458788545469537,97.91032409667969,-10.34879207611084,4.939342021942139,174073812.0,50354.0,0.0834072644189,-0.009297538799000043,0.06040401455730527,0.004244913793183762,-0.0004538824851731753,0.0030984179926936196,174.0738121769391
1631,E,1551435688502264.0,1.6354065,9.677536,1.2737373136732981,163,1970-01-18 22:57:15.688502264,-0.010040283,-0.025238037,0.0043792725,9.907763748798777,0.027512612052706196,97.91146087646484,-10.327635765075684,4.937783241271973,174124166.0,50354.0,0.08226051501140001,-0.00819919217400003,0.062057483819905265,0.004171017682716664,-0.00044051519570722283,0.00308321314464303,174.12416618107818
1631,E,1551435738856268.0,1.6443024,9.611984,1.3211769136732983,163,1970-01-18 22:57:15.738856268,-0.013839722,-0.03263855,0.0029754639,9.838812609972202,0.035576203234184325,97.90685272216797,-10.30988597869873,4.936873912811279,174174520.0,50354.0,0.0825732309753,-0.007816954960000047,0.06533215550190526,0.004150019222707147,-0.00040323853639271994,0.0032072889492052235,174.17452018498443
1631,E,1551435789210272.0,1.6814575,9.570694,1.235392013673298,163,1970-01-18 22:57:15.789210272,-0.009902954,-0.02835083,0.0061950684,9.816585541089689,0.03066295700182379,97.91596221923828,-10.298822402954102,4.933732509613037,174224874.0,50354.0,0.08373265700230001,-0.010506915994000056,0.06436673588380526,0.004187083341612036,-0.00046134009900886065,0.0032654289884180335,174.22487418889068
1631,E,1551435839564276.0,1.7387848,9.632645,1.314524013673298,163,1970-01-18 22:57:15.839564276,-0.010848999,-0.0110321045,0.0050811768,9.876078375759285,0.016285774979219732,97.91177368164062,-10.295037269592285,4.933813571929932,174275228.0,50354.0,0.0861114403871,-0.009986733997000044,0.06419923582050525,0.004276164839972924,-0.0005159686258234096,0.0032369054695994257,174.27522819302976
1631,E,1551435889918280.0,1.7580566,9.583542,1.2810615136732981,163,1970-01-18 22:57:15.889918280,-0.010269165,-0.0016937256,0.00932312,9.836146526780718,0.013973010510971513,97.91352844238281,-10.295513153076172,4.933261871337891,174325582.0,50354.0,0.08803997592780001,-0.009663259901000044,0.06534905682200526,0.004384610208560237,-0.0004947278963699482,0.003261637363860487,174.325582196936
1631,E,1551435940272283.0,1.7199707,9.646545,1.2766670136732983,163,1970-01-18 22:57:15.940272283,0.002105713,0.020065308,0.011978149,9.89144716592382,0.0234633046657847,97.91500854492188,-10.289200782775879,4.9339118003845215,174375936.0,50354.0,0.0875662933321,-0.009313299601000054,0.06439593113300526,0.004421239041156503,-0.0004777728385818565,0.0032665895617433,174.37593619991094
1631,E,1551435990626287.0,1.6530762,9.61203,1.2751258136732981,163,1970-01-18 22:57:15.990626287,-0.0028839111,0.013366699,0.0074768066,9.846550021436892,0.015584871585069533,97.91719818115234,-10.27405071258545,4.934094429016113,174426290.0,50354.0,0.08492320180130002,-0.008596057225000025,0.06424648801410526,0.004342768018973612,-0.000450903876808204,0.003238830186866802,174.42629020405002
1631,E,1551436040980291.0,1.7569427,9.608704,1.3477119136732982,163,1970-01-18 22:57:16.040980291,0.0020751953,0.022781372,0.0107421875,9.851581002118113,0.02527235521317082,97.9089584350586,-10.274724006652832,4.936623573303223,174476644.0,50354.0,0.0858540458453,-0.009548780082000032,0.06603518546140526,0.004299658763998449,-0.0004568325688783404,0.003280101693092928,174.47664420795627
1631,E,1551436091334295.0,1.7584839,9.606781,1.3601173136732982,163,1970-01-18 22:57:16.091334295,-0.0021362305,0.023956299,0.010192871,9.84837546011164,0.02612206656735206,97.8989028930664,-10.275670051574707,4.9394941329956055,174526998.0,50354.0,0.08850789550820001,-0.009680934155000055,0.06817501645690527,0.00438991059745707,-0.00048414651534495125,0.003379010253697304,174.52699821186252
1631,E,1551436141688299.0,1.7290344,9.584747,1.277674113673298,163,1970-01-18 22:57:16.141688299,0.0022583008,0.03276062,0.009109497,9.832640092573536,0.034078454790097065,97.90177154541016,-10.272655487060547,4.940539360046387,174577352.0,50354.0,0.0878052482391,-0.010284099544000039,0.06641167476630526,0.004439036020125772,-0.0005026596534397254,0.003388489124926772,174.5773522160016
1631,E,1551436192042303.0,1.7088318,9.578354,1.3427375136732982,163,1970-01-18 22:57:16.192042303,0.0017242432,0.027633667,0.0050811768,9.814139972667073,0.028149794389169053,97.8951416015625,-10.266965866088867,4.943045616149902,174627706.0,50354.0,0.08655515731740002,-0.010999806123000055,0.06597410354170526,0.004389871930696001,-0.0005358648929780613,0.003333076740460781,174.62770621990785
1631,E,1551436242396307.0,1.7267456,9.640289,1.2584175136732982,163,1970-01-18 22:57:16.242396307,0.0074310303,0.025222778,0.0076446533,9.889038467581305,0.02738337936475341,97.90008544921875,-10.262247085571289,4.943406581878662,174678060.0,50354.0,0.08649753219980001,-0.009601425189000078,0.06548928012350526,0.004356947563974546,-0.0005186772007422274,0.0033098536105390054,174.67806022404693
1631,E,1551436292750311.0,1.6981812,9.6098175,1.2661842136732981,163,1970-01-18 22:57:16.292750311,0.004119873,0.03286743,0.005004883,9.853296626476844,0.03350059943022988,97.90420532226562,-10.254277229309082,4.944283962249756,174728414.0,50354.0,0.0862293820436,-0.008809268649500053,0.06356189768940526,0.004348745519906083,-0.00046352603877191777,0.0032491215037956486,174.72841422795318
1631,E,1551436343104315.0,1.7353058,9.55127,1.2699226136732982,163,1970-01-18 22:57:16.343104315,0.0037841797,0.039520264,0.0067443848,9.802189451759585,0.04026981510960857,97.90876007080078,-10.253446578979492,4.9453816413879395,174778768.0,50354.0,0.086444902199,-0.011050500012500018,0.06385156159210525,0.004347420454375941,-0.0005000093956031759,0.0032078886643305904,174.77876823185943
1631,E,1551436393458319.0,1.8008118,9.618423,1.3013252136732982,163,1970-01-18 22:57:16.393458319,0.005783081,0.06498718,0.008895874,9.875096841295811,0.06584765876193958,97.90711975097656,-10.2606782913208,4.948831558227539,174829122.0,50354.0,0.0890288328152,-0.010833839339000022,0.06473630654910525,0.0044179022264525135,-0.0005509820118527165,0.0032374567561912573,174.8291222359985
1631,E,1551436443812323.0,1.671936,9.554398,1.2300056136732982,163,1970-01-18 22:57:16.443812323,0.0038604736,0.056381226,0.0069732666,9.799836382808625,0.0569418330294525,97.91729736328125,-10.250481605529785,4.949755668640137,174879476.0,50354.0,0.0874333713606,-0.010755085683000017,0.06373131624010525,0.0044427889145341164,-0.000543544365278895,0.0032344293389639533,174.87947623990476
1631,E,1551436494166326.0,1.7549591,9.713959,1.3083290136732981,163,1970-01-18 22:57:16.494166326,-0.0034942627,0.06742859,0.010009766,9.959061066459322,0.0682570145595269,97.91204833984375,-10.248919486999512,4.953879356384277,174929830.0,50354.0,0.08627893793270001,-0.008349775811000038,0.06390765091270525,0.004373554811077414,-0.00048100309783443947,0.0032135662760063104,174.9298302428797
1631,E,1551436544520330.0,1.6967163,9.534058,1.2382148136732982,163,1970-01-18 22:57:16.544520330,-0.029876709,0.046798706,0.01637268,9.78310388849147,0.05788610605600896,97.91972351074219,-10.243520736694336,4.954416751861572,174980184.0,50354.0,0.0869028315458,-0.00886187599100006,0.06411433394110526,0.0043601974101601946,-0.00043333775741895655,0.003223209512664387,174.98018424701877
1631,E,1551436594874334.0,1.7119751,9.480957,1.3615364136732981,163,1970-01-18 22:57:16.594874334,-0.020889282,0.04849243,0.018615723,9.717190939848114,0.05598591798473213,97.91051483154297,-10.242376327514648,4.958105564117432,175030538.0,50354.0,0.08582062337780001,-0.014728167345000036,0.06545393665090525,0.004348658424611478,-0.0005939265210704744,0.0032621403486950487,175.03053825092502
1631,E,1551436645228338.0,1.5769196,9.569,1.3256172136732982,163,1970-01-18 22:57:16.645228338,0.0011749268,0.02758789,0.021774292,9.785147720488762,0.035165208939216076,97.90637969970703,-10.21943473815918,4.960048675537109,175080892.0,50354.0,0.08280450186190001,-0.013848432611000014,0.06765446687570525,0.004245474778159928,-0.0007194730570922133,0.003351270275589473,175.0808922550641
1631,E,1551436695582342.0,1.5623474,9.634338,1.3789314136732982,163,1970-01-18 22:57:16.695582342,0.0069122314,-0.0023956299,0.006011963,9.83981856568433,0.00946898540807245,97.89376068115234,-10.192643165588379,4.962188720703125,175131246.0,50354.0,0.07903732525900001,-0.009986759174000024,0.06809242079070527,0.0040746916814229,-0.0006000986235709459,0.003417699390777218,175.13124625897035
1631,E,1551436745936346.0,1.7044067,9.708603,1.424631513673298,163,1970-01-18 22:57:16.745936346,-0.01109314,-0.030410767,0.0015716553,9.93028258957109,0.03240898957033229,97.8727798461914,-10.184798240661621,4.964308261871338,175181600.0,50354.0,0.0822470679757,-0.006471974443000043,0.07058530382180526,0.004060657168470042,-0.00041438153627521067,0.003491489072569178,175.1816002628766
1631,E,1551436796290350.0,1.9057617,9.545959,1.5216468136732981,163,1970-01-18 22:57:16.796290350,-0.015411377,-0.035827637,0.0036621094,9.797024282807994,0.03917321992506445,97.84091186523438,-10.210592269897461,4.968040466308594,175231954.0,50354.0,0.0908932098068,-0.008697092526000037,0.07417844944760527,0.0043591527737300035,-0.000381911599078515,0.0036447170160639497,175.23195426701568
1631,E,1551436846644354.0,1.8825073,9.528976,1.328882613673298,163,1970-01-18 22:57:16.846644354,0.005874634,0.006958008,0.012130737,9.799663294807148,0.015168387525547632,97.83924865722656,-10.232858657836914,4.968644618988037,175282308.0,50354.0,0.09537724861300001,-0.013219561505000038,0.07176777939230526,0.004689731331635305,-0.000551795598538489,0.003674488203502428,175.28230827092193
1631,E,1551436896998358.0,1.7979126,9.605362,1.4601844136732982,163,1970-01-18 22:57:16.896998358,0.002532959,0.014007568,0.0046539307,9.841732125651625,0.014976211588072181,97.8166275024414,-10.240544319152832,4.973340034484863,175332662.0,50354.0,0.09266193182230001,-0.011723972174000046,0.07022034054750526,0.004734262445819549,-0.0006280033474361851,0.0035748348957246098,175.332662275061
1631,E,1551436947352362.0,1.8005524,9.558136,1.3464607136732982,163,1970-01-18 22:57:16.947352362,-0.0041656494,0.0007324219,0.00047302246,9.810339779455692,0.004255916706302465,97.81195068359375,-10.248955726623535,4.97416877746582,175383016.0,50354.0,0.09059855330500001,-0.010989810854000066,0.07066290437120526,0.004613949234050033,-0.0005718649152959588,0.003547017457318375,175.38301627896726
1631,E,1551436997706365.0,1.8078003,9.601959,1.285013513673298,163,1970-01-18 22:57:16.997706365,0.013687134,0.009048462,0.00012207031,9.862548592961616,0.016408144406360625,97.81632995605469,-10.256852149963379,4.9739508628845215,175433370.0,50354.0,0.09084749592790001,-0.011075488185000034,0.06625262662190526,0.004568267181536724,-0.0005555380339049055,0.0034471223238135436,175.4333702819422
1631,E,1551437048060369.0,1.7728577,9.56926,1.3385414136732983,163,1970-01-18 22:57:17.048060369,0.018188477,0.009460449,-0.005859375,9.817175695381975,0.021322595204424696,97.81362915039062,-10.26030445098877,4.975095272064209,175483724.0,50354.0,0.090150226466,-0.010795419237000019,0.06605324240580526,0.00455697965671122,-0.0005506438361636954,0.003331064864510668,175.48372428608127
1631,E,1551437098414373.0,1.7563324,9.642502,1.3629859136732982,163,1970-01-18 22:57:17.098414373,0.0103302,0.0012664795,-0.0048675537,9.88247306054606,0.011489564020723498,97.8056640625,-10.25949764251709,4.976700305938721,175534078.0,50354.0,0.08885441914770001,-0.00977466812600003,0.06801635352060527,0.004506799962616125,-0.0005178930895382522,0.0033754702166392384,175.53407828998752
1631,E,1551437148768377.0,1.7747803,9.524887,1.3319801136732983,163,1970-01-18 22:57:17.148768377,0.012588501,0.011352539,-0.0047912598,9.775145075582767,0.0176155235415987,97.80477142333984,-10.264363288879395,4.977553367614746,175584432.0,50354.0,0.0889028244479,-0.010891847147000037,0.06785115967050527,0.004475394122006422,-0.0005203208550283227,0.0034207363796125902,175.58443229389377
1631,E,1551437199122381.0,1.7837677,9.620865,1.3314765136732982,163,1970-01-18 22:57:17.199122381,0.015991211,-0.0013885498,-0.0038604736,9.870375885361211,0.016509093137113802,97.8023681640625,-10.267847061157227,4.97808313369751,175634786.0,50354.0,0.089593562996,-0.01143660189600004,0.06705784750670526,0.0044940035466750705,-0.000562163361555613,0.0033966040737006304,175.63478629803285
1631,E,1551437249476385.0,1.7548218,9.588776,1.3205665136732982,163,1970-01-18 22:57:17.249476385,0.008544922,0.0018310547,-0.0045318604,9.835338706402899,0.00984409528527453,97.8018798828125,-10.2678861618042,4.978371620178223,175685140.0,50354.0,0.0890910678415,-0.009828068543000048,0.06677048729950526,0.004498742950595738,-0.0005353806076427052,0.0033693959854159627,175.6851403019391
1631,E,1551437299830389.0,1.7474976,9.576431,1.273584713673298,163,1970-01-18 22:57:17.299830389,0.013809204,-0.0071258545,-0.0009613037,9.828362885575999,0.015569072620821701,97.80885314941406,-10.267135620117188,4.976907253265381,175735494.0,50354.0,0.08817789553380001,-0.010946783361000067,0.06531294545090525,0.004463100690899929,-0.0005230484463870109,0.0033254645863570855,175.73549430607818
1631,E,1551437350184393.0,1.6931305,9.58606,1.3084968136732982,163,1970-01-18 22:57:17.350184393,0.006668091,-0.009735107,-0.004135132,9.823482617059078,0.012503402038771448,97.80999755859375,-10.258304595947266,4.976314067840576,175785848.0,50354.0,0.0866246936737,-0.011015164093000055,0.06500906661400525,0.004401004788477228,-0.0005529359510493611,0.003281117297758252,175.78584830998443
1631,E,1551437400538397.0,1.7001038,9.591309,1.2941688136732983,163,1970-01-18 22:57:17.400538397,0.0041503906,-0.025817871,0.0013580322,9.831742318514937,0.026184584330507257,97.81315612792969,-10.250680923461914,4.974523067474365,175836202.0,50354.0,0.08543145997110001,-0.010640580687000023,0.06552731249970527,0.00433185778031513,-0.000545226686326062,0.00328651441694589,175.83620231389068
1631,E,1551437450892401.0,1.7599945,9.567139,1.332254713673298,163,1970-01-18 22:57:17.450892401,0.007095337,-0.0289917,-0.007949829,9.813621210256295,0.03088789823155357,97.811279296875,-10.25210952758789,4.973557949066162,175886556.0,50354.0,0.0871148948991,-0.011116954704000039,0.06612546514800527,0.004344199576567026,-0.0005477894685392085,0.003314621982836409,175.88655631802976
1631,E,1551437501246405.0,1.8003693,9.5824585,1.3363288136732983,163,1970-01-18 22:57:17.501246405,0.007019043,-0.01576233,-0.0052337646,9.8353306809308,0.018030815387911944,97.80843353271484,-10.259129524230957,4.973392963409424,175936910.0,50354.0,0.08963927939260001,-0.01133978374250007,0.06718692746800527,0.004450139846142132,-0.0005653933038675332,0.0033564061088932973,175.936910321936
1631,E,1551437551600408.0,1.6826172,9.616135,1.3342689136732981,163,1970-01-18 22:57:17.551600408,-0.0006866455,-0.014328003,0.007080078,9.847612324295666,0.01599658265057769,97.8049087524414,-10.248857498168945,4.973268985748291,175987264.0,50354.0,0.0876911511105,-0.01010621145050005,0.06723763898140525,0.00446464824877655,-0.000539945820974164,0.003384407309496809,175.98726432491094
1631,E,1551437601954412.0,1.6876984,9.57576,1.2594093136732982,163,1970-01-18 22:57:17.601954412,-0.0067749023,-0.038345337,0.014709473,9.819218340838436,0.04162490560656977,97.8132095336914,-10.240535736083984,4.969770431518555,176037618.0,50354.0,0.08485443586119999,-0.010274859585000021,0.06530103672990525,0.004344180243186491,-0.0005131342254607854,0.003336926238383665,176.03761832905002
1631,E,1551437652308416.0,1.6877441,9.642715,1.307962713673298,163,1970-01-18 22:57:17.652308416,-0.0015869141,-0.040603638,0.015411377,9.877925703666273,0.04345899511300223,97.81306457519531,-10.230953216552734,4.9676947593688965,176087972.0,50354.0,0.08498351582250001,-0.009605654924999998,0.06463872553250526,0.004276010109540515,-0.0005005317138182706,0.0032714933944807093,176.08797233295627
1631,E,1551437702662420.0,1.7880402,9.592178,1.333612813673298,163,1970-01-18 22:57:17.702662420,-0.008651733,-0.039413452,0.008346558,9.842910156840144,0.041206039762478476,97.80982971191406,-10.236984252929688,4.966216087341309,176138326.0,50354.0,0.08750982132110001,-0.009192298939000003,0.06650694705200526,0.004342864749264418,-0.00047327608443392807,0.0033018545986602216,176.13832633686252
1631,E,1551437753016424.0,1.8299713,9.594696,1.3145851136732982,163,1970-01-18 22:57:17.753016424,-0.009933472,-0.012207031,0.0051116943,9.85558357344514,0.01654735297340325,97.80909729003906,-10.248746871948242,4.965629577636719,176188680.0,50354.0,0.0910906755355,-0.010401273302000004,0.06667367921680527,0.004496624709358619,-0.0004933073683116572,0.0033530886275698426,176.1886803410016
1631,E,1551437803370428.0,1.8263702,9.564209,1.2372993136732982,163,1970-01-18 22:57:17.803370428,0.0037231445,0.023025513,0.00793457,9.835867085178226,0.024637237161783163,97.8207015991211,-10.260612487792969,4.964666366577148,176239034.0,50354.0,0.0920557099455,-0.011105448815000018,0.06424879422730527,0.004611076547255137,-0.0005414747427397095,0.0032962351139023713,176.23903434490785
1631,E,1551437853724432.0,1.690094,9.620819,1.239603413673298,163,1970-01-18 22:57:17.853724432,0.009796143,0.027038574,0.011062622,9.86634335552666,0.03081283023587429,97.83077239990234,-10.251419067382812,4.964202880859375,176289388.0,50354.0,0.0885340191634,-0.01044775004400006,0.06236097996640526,0.004546707609774775,-0.0005426448876730449,0.00318765428487505,176.28938834904693
1631,E,1551437904078436.0,1.7183838,9.564377,1.292185213673298,163,1970-01-18 22:57:17.904078436,0.0012817383,0.00390625,0.0038452148,9.808926662700342,0.005629149046732191,97.83384704589844,-10.247591972351074,4.963835716247559,176339742.0,50354.0,0.08581524557060001,-0.01044352030800005,0.06374284227070526,0.004389591438207919,-0.0005259795136523068,0.003174915932463732,176.33974235295318
1631,E,1551437954432440.0,1.7937622,9.60376,1.340677613673298,163,1970-01-18 22:57:17.954432440,0.010681152,0.01083374,-0.0023651123,9.854311793589952,0.015396450455423654,97.8293228149414,-10.25355339050293,4.965277671813965,176390096.0,50354.0,0.08842529984200001,-0.010873014751000042,0.06628758740410524,0.004386854211853032,-0.0005366864031804454,0.003273776127922704,176.39009635685943
1631,E,1551438004786444.0,1.7764435,9.632492,1.4176734136732982,163,1970-01-18 22:57:18.004786444,-0.0015869141,0.019088745,0.005630493,9.86944724010227,0.019964992698692702,97.81241607666016,-10.256876945495605,4.969164848327637,176440450.0,50354.0,0.0898870689089,-0.009158083396000072,0.06944700381550525,0.00448937050804141,-0.0005043229580470219,0.0034173898031361343,176.4404503609985
1631,E,1551438055140448.0,1.7786255,9.560471,1.3589881136732982,163,1970-01-18 22:57:18.055140448,-0.016036987,0.024429321,0.011978149,9.806985871415876,0.03158247504590815,97.8051528930664,-10.262446403503418,4.971425533294678,176490804.0,50354.0,0.08950597221300001,-0.010247970549000065,0.06990800727400526,0.004516578596326077,-0.0004885862201732685,0.0035085411142006064,176.49080436490476
1631,E,1551438105494451.0,1.7790375,9.460419,1.194727313673298,163,1970-01-18 22:57:18.105494451,0.0007019043,0.03805542,0.008834839,9.732384051848149,0.03907380249193415,97.82511138916016,-10.269922256469727,4.969671726226807,176541158.0,50354.0,0.089571281351,-0.014580252470000046,0.06429489331430525,0.004508628012980828,-0.0006251001709493658,0.003378826428111894,176.5411583678797
1631,E,1551438155848455.0,1.7550507,9.560608,1.2950691136732981,163,1970-01-18 22:57:18.155848455,0.0113220215,0.036605835,0.00076293945,9.811351732863706,0.0383243708819604,97.82817077636719,-10.271074295043945,4.971006393432617,176591512.0,50354.0,0.08897773861140001,-0.014576803221000034,0.06268560465130527,0.004495328675593346,-0.000734087191132309,0.003196987997280176,176.59151237201877
1631,E,1551438206202459.0,1.7424011,9.578552,1.2767738136732982,163,1970-01-18 22:57:18.206202459,0.0030059814,0.020492554,-0.000289917,9.82908585412719,0.020713878089024057,97.83320617675781,-10.269693374633789,4.971137046813965,176641866.0,50354.0,0.0880553439686,-0.011602568680000027,0.06475128938180526,0.00445716192011666,-0.0006591180463514785,0.0032084786810716243,176.64186637592502
1631,E,1551438256556463.0,1.7246552,9.585831,1.253137913673298,163,1970-01-18 22:57:18.256556463,0.003479004,0.018310547,0.0039520264,9.836327692362921,0.019052509360646484,97.84146881103516,-10.265728950500488,4.970559597015381,176692220.0,50354.0,0.08729007646510001,-0.010967529209000015,0.06369558755940527,0.004414671650259265,-0.0005682473545513541,0.003233907020748858,176.6922203800641
1631,E,1551438306910467.0,1.7363129,9.614716,1.3515113136732981,163,1970-01-18 22:57:18.306910467,-0.008666992,0.0050201416,0.0044555664,9.853295827502803,0.010962237178465147,97.83404541015625,-10.263080596923828,4.972019672393799,176742574.0,50354.0,0.08713679385369999,-0.01005702818100003,0.06557725359690525,0.004391545314016428,-0.0005293352814080311,0.0032547023217924303,176.74257438397035
1631,E,1551438357264471.0,1.7884827,9.579025,1.3095344136732983,163,1970-01-18 22:57:18.357264471,-0.010345459,0.005203247,0.0045776367,9.833373088376886,0.012452190932557889,97.83358764648438,-10.268746376037598,4.972231864929199,176792928.0,50354.0,0.0887437788212,-0.010228382843000055,0.06699714827740526,0.004428145178235957,-0.0005107257933512501,0.0033378257159895164,176.7929283878766
1631,E,1551438407618475.0,1.8009644,9.5346985,1.3503059136732982,163,1970-01-18 22:57:18.407618475,-0.0019989014,0.0020599365,0.006881714,9.7870792337501,0.007456335076212054,97.82848358154297,-10.27747631072998,4.973179817199707,176843282.0,50354.0,0.09037150963670001,-0.012242983440500062,0.06696679992160526,0.004509585617504549,-0.0005657615889196826,0.003372810323806488,176.84328239201568
1631,E,1551438457972479.0,1.7997589,9.53894,1.379114513673298,163,1970-01-18 22:57:18.457972479,0.0017852783,0.004180908,0.0065612793,9.787271442445942,0.00798233025911127,97.81935119628906,-10.28580379486084,4.974987030029297,176893636.0,50354.0,0.09065541052410002,-0.013252203485500049,0.06871861809930527,0.0045577147688884625,-0.0006418923212359049,0.0034161517695124647,176.89363639592193
1631,E,1551438508326483.0,1.7999725,9.595108,1.3934577136732982,163,1970-01-18 22:57:18.508326483,0.0049743652,0.017547607,0.0038146973,9.840251359975326,0.01863369893660535,97.80728912353516,-10.292472839355469,4.978015422821045,176943990.0,50354.0,0.0906304374578,-0.011731273504000038,0.06980505096790525,0.004564233794640296,-0.0006290090001646437,0.00348761041610516,176.943990400061
1631,E,1551438558680487.0,1.7432709,9.57132,1.3354286136732982,163,1970-01-18 22:57:18.558680487,0.002609253,0.016860962,9.1552734e-05,9.814294458684374,0.01706190559950898,97.80438995361328,-10.291068077087402,4.979377269744873,176994344.0,50354.0,0.08920823908179999,-0.010916042244000041,0.06870517106360526,0.00452779835923751,-0.000570191468587398,0.00348727186008734,176.99434440396726
1631,E,1551438609034490.0,1.7601471,9.554092,1.3128608136732982,163,1970-01-18 22:57:18.609034490,0.008010864,0.011306763,0.0018920898,9.803512946355854,0.013985593851386112,97.80552673339844,-10.292535781860352,4.9797797203063965,177044698.0,50354.0,0.08820555498600001,-0.011948702076000017,0.06667598291230527,0.004466747093245001,-0.0005756656677446415,0.0034084913136514993,177.0446984069422
1631,E,1551438659388494.0,1.7879791,9.546555,1.3535255136732982,163,1970-01-18 22:57:18.659388494,0.012268066,-0.0005340576,-0.0012054443,9.795832540263692,0.012338709691895511,97.80116271972656,-10.29808521270752,4.98065710067749,177095052.0,50354.0,0.08933117333740001,-0.012572210481000027,0.06713160856360526,0.004469842208998242,-0.0006173630154475902,0.003368873730589,177.09505241108127
1631,E,1551438709742498.0,1.8821716,9.563797,1.3356117136732981,163,1970-01-18 22:57:18.709742498,0.019302368,0.0017547607,-0.00642395,9.832574706771343,0.02041880821997671,97.79949188232422,-10.3162202835083,4.981253147125244,177145406.0,50354.0,0.0924033841739,-0.012327867696000064,0.06770440797290526,0.004575530954462001,-0.0006269092682623313,0.0033947663883397254,177.14540641498752
1631,E,1551438760096502.0,1.8415985,9.636475,1.3315986136732982,163,1970-01-18 22:57:18.760096502,0.018203735,0.028366089,-0.0016326904,9.896174431686685,0.03374428323506662,97.79673767089844,-10.326546669006348,4.983303070068359,177195760.0,50354.0,0.0937533598077,-0.010063951856000036,0.06715235441160526,0.004686868343224743,-0.0005637588408607065,0.003395288706554822,177.19576041889377
1631,E,1551438810450506.0,1.7803802,9.570908,1.3336433136732981,163,1970-01-18 22:57:18.810450506,0.004837036,0.035720825,-0.0020141602,9.820787567616366,0.036103062159007854,97.79431915283203,-10.329646110534668,4.985536098480225,177246114.0,50354.0,0.0911905577299,-0.009884918209000034,0.06710279600480526,0.004656333011844155,-0.0005022527016265068,0.0033801419220339675,177.24611442303285
1631,E,1551438860804510.0,1.764679,9.5329895,1.2836860136732982,163,1970-01-18 22:57:18.860804510,0.013168335,0.020065308,-0.0035552979,9.787729810607592,0.024262353038500478,97.80062103271484,-10.331037521362305,4.985523223876953,177296468.0,50354.0,0.0892539554784,-0.01249037264250007,0.06589650047460525,0.004543051509045369,-0.0005633426977682182,0.0033485232874621183,177.2964684269391
1631,E,1551438911158514.0,1.6922607,9.560989,1.2923530136732981,163,1970-01-18 22:57:18.911158514,0.023269653,0.008270264,-0.010787964,9.801056095847425,0.026949103596138425,97.80554962158203,-10.32085132598877,4.985327243804932,177346822.0,50354.0,0.08703537082690002,-0.01274010330550007,0.06485693459150525,0.004438436368388539,-0.0006352276929427995,0.0032919792346594646,177.34682243107818
1631,E,1551438961512518.0,1.7121582,9.6015625,1.3139747136732982,163,1970-01-18 22:57:18.961512518,0.015487671,-0.0262146,-0.0063171387,9.841170328721807,0.03109629314756469,97.80624389648438,-10.31281852722168,4.984103679656982,177397176.0,50354.0,0.0857130546453,-0.011013640884500055,0.06561951319140527,0.004349287108113581,-0.0005980480174716332,0.003285005525830338,177.39717643498443
1631,E,1551439011866522.0,1.818161,9.61026,1.3468269136732982,163,1970-01-18 22:57:19.011866522,0.01133728,-0.034561157,-0.0049438477,9.864313556372144,0.036707616662728794,97.80183410644531,-10.320053100585938,4.983344078063965,177447530.0,50354.0,0.0888828464984,-0.00977314491750003,0.06699100257170526,0.004395801003094935,-0.0005233489061369562,0.003338734955367834,177.44753043889068
1631,E,1551439062220526.0,1.8235016,9.565475,1.3131050136732982,163,1970-01-18 22:57:19.062220526,0.01953125,-0.016433716,-0.003326416,9.826133626611295,0.025741052650119264,97.80360412597656,-10.329144477844238,4.982421875,177497884.0,50354.0,0.0916861392802,-0.010681719905000048,0.06696910613480525,0.004546185354947813,-0.0005149921316360844,0.0033727136569038155,177.49788444302976
1631,E,1551439112574530.0,1.7702637,9.60321,1.2672370136732982,163,1970-01-18 22:57:19.112574530,0.0206604,-0.0050964355,-0.0042266846,9.859394088476158,0.021695406096073365,97.81126403808594,-10.329267501831055,4.981019020080566,177548238.0,50354.0,0.09048022895810001,-0.010859217755000037,0.06496527122250527,0.00458640265313568,-0.0005423361874658222,0.003321711818725007,177.548238446936
1631,E,1551439162928533.0,1.7273712,9.646561,1.250040413673298,163,1970-01-18 22:57:19.162928533,0.01423645,-0.017715454,0.0021972656,9.89642507901946,0.022832910352067675,97.82009887695312,-10.322328567504883,4.978679180145264,177598592.0,50354.0,0.08805995387730002,-0.008817715533000014,0.06337749378830526,0.004495106183246867,-0.0004954061493919773,0.0032312857946771773,177.59859244991094
1631,E,1551439213282537.0,1.7240448,9.617126,1.2599891136732981,163,1970-01-18 22:57:19.213282537,0.008911133,-0.024963379,0.008804321,9.86576907472257,0.02793017455570894,97.82772064208984,-10.316143035888672,4.976120948791504,177648946.0,50354.0,0.086896300632,-0.008467352401000014,0.06319501341000525,0.004404873619780647,-0.0004351861553743187,0.0031867160137318638,177.64894645405002
1631,E,1551439263636541.0,1.7528839,9.570419,1.2600044136732982,163,1970-01-18 22:57:19.263636541,0.0016021729,-0.022338867,0.011398315,9.825346629986582,0.02512993278312555,97.8357162475586,-10.315576553344727,4.973537921905518,177699300.0,50354.0,0.0875386338799,-0.010384379535000035,0.06344587703800525,0.004391748346206107,-0.00047463005495267324,0.0031884376988095603,177.69930045795627
1631,E,1551439313990545.0,1.7661438,9.582138,1.1883186136732982,163,1970-01-18 22:57:19.313990545,0.0019836426,-0.009536743,0.011520386,9.849357546536751,0.015086536998316738,97.85366821289062,-10.316459655761719,4.969799518585205,177749654.0,50354.0,0.08859856040290001,-0.011265272411000041,0.06164142885950526,0.004434606140458056,-0.000545073287044444,0.003149323100581622,177.74965446186252
1631,E,1551439364344549.0,1.7832489,9.593643,1.218653113673298,163,1970-01-18 22:57:19.364344549,0.007888794,0.005432129,0.008575439,9.859246379066535,0.01285609778625684,97.86663055419922,-10.319531440734863,4.967755317687988,177800008.0,50354.0,0.08936306000790001,-0.01068056176300002,0.06060032717940526,0.004480539717082712,-0.0005525302669987996,0.00307768069179165,177.8000084660016
1631,E,1551439414698553.0,1.7788696,9.606537,1.2021278136732982,163,1970-01-18 22:57:19.414698553,0.0054626465,0.014480591,0.007949829,9.873376606617311,0.017399074792140076,97.88119506835938,-10.321534156799316,4.965843677520752,177850362.0,50354.0,0.0896834574745,-0.010066268140000048,0.06094800140780526,0.004507854170654386,-0.0005223429364678327,0.0030602222688401993,177.85036246990785
1631,E,1551439465052557.0,1.7764587,9.590836,1.1801094136732981,163,1970-01-18 22:57:19.465052557,-0.0032043457,0.020370483,0.0074920654,9.86087520811526,0.021939814333222483,97.89846801757812,-10.323491096496582,4.963660717010498,177900716.0,50354.0,0.08951250060910002,-0.010136939979000064,0.059977586672905266,0.004511616636670797,-0.0005086561708120659,0.003044543531108049,177.90071647404693
1631,E,1551439515406561.0,1.8465729,9.538193,1.2020057136732982,163,1970-01-18 22:57:19.515406561,0.00047302246,0.036376953,0.0063934326,9.819416523803612,0.03693754783716179,97.91329956054688,-10.33696460723877,4.962738513946533,177951070.0,50354.0,0.0912170665932,-0.011857636867000058,0.05997451256120526,0.004550228313452307,-0.0005537574612517451,0.0030200340024172006,177.95107047795318
1631,E,1551439565760565.0,1.782486,9.564072,1.2576698136732982,163,1970-01-18 22:57:19.565760565,0.009674072,0.05267334,0.0068359375,9.82481744926964,0.0539888734585256,97.91934204101562,-10.340566635131836,4.964257717132568,178001424.0,50354.0,0.09136881592530001,-0.012531474095000057,0.06192725075200526,0.004596964764168275,-0.000614044646690277,0.0030691206949367013,178.00142448185943
1631,E,1551439616114569.0,1.7235413,9.578964,1.2649024136732983,163,1970-01-18 22:57:19.616114569,0.0019226074,0.053375244,0.012588501,9.827801474848348,0.054873340054174505,97.92349243164062,-10.335555076599121,4.96604585647583,178051778.0,50354.0,0.08827124933210001,-0.01150498262800007,0.06351080096790526,0.00452279792298556,-0.0006051658709149743,0.0031581538281521874,178.0517784859985
1631,E,1551439666468573.0,1.7532349,9.552963,1.215174113673298,163,1970-01-18 22:57:19.666468573,-0.009429932,0.04196167,0.01499939,9.814760864312445,0.04554873288122979,97.93492126464844,-10.335460662841797,4.965853214263916,178102132.0,50354.0,0.0875347943874,-0.011784673921000056,0.06244088672900525,0.004426268762725852,-0.0005863636829341762,0.003171085641145116,178.10213248990476
1631,E,1551439716822576.0,1.7761536,9.5439,1.194971413673298,163,1970-01-18 22:57:19.716822576,-0.006652832,0.029373169,0.012741089,9.812993748987322,0.032701354400524546,97.94947814941406,-10.338624000549316,4.9645280838012695,178152486.0,50354.0,0.0888594142645,-0.012667480249000017,0.06068023394200525,0.004441076991228887,-0.0006156318855380919,0.0030998204551340317,178.1524864928797
1631,E,1551439767176580.0,1.7719574,9.567642,1.2200569136732982,163,1970-01-18 22:57:19.767176580,-0.0025634766,0.015670776,0.013824463,9.831705220990761,0.021053750496272457,97.95980072021484,-10.340535163879395,4.963322162628174,178202840.0,50354.0,0.089330790647,-0.012297907066000036,0.06080316819760526,0.0044862947890568355,-0.0006285535564297563,0.003058587615668974,178.20284049701877
1631,E,1551439817530584.0,1.7952423,9.554535,1.2665809136732982,163,1970-01-18 22:57:19.817530584,-0.0068969727,0.0036621094,0.01171875,9.816618367182363,0.014082200795494064,97.96318817138672,-10.346060752868652,4.962747097015381,178253194.0,50354.0,0.0898113868469,-0.012030149671000065,0.06260608057910526,0.0045102626027639205,-0.0006125074844674516,0.003107074656451241,178.25319450092502
1631,E,1551439867884588.0,1.8443909,9.560654,1.2581886136732983,163,1970-01-18 22:57:19.867884588,-0.004196167,0.0014953613,0.010101318,9.832841363194202,0.011039952366135947,97.9677734375,-10.358207702636719,4.961892604827881,178303548.0,50354.0,0.09163504507640001,-0.01220608654700006,0.06356612239000527,0.004568276816532925,-0.0006101957192605892,0.0031766375541532957,178.3035485050641
1631,E,1551439918238592.0,1.861084,9.59256,1.2755226136732982,163,1970-01-18 22:57:19.918238592,-0.0049438477,0.007156372,0.010604858,9.864610132190183,0.013715622606478472,97.96892547607422,-10.371691703796387,4.961914539337158,178353902.0,50354.0,0.09329274155730001,-0.011248731122000031,0.06379124757090526,0.0046559268840766655,-0.0005905219444524154,0.0032064765035058444,178.35390250897035
1631,E,1551439968592596.0,1.8159027,9.570862,1.2748970136732982,163,1970-01-18 22:57:19.968592596,-0.0067443848,0.008590698,0.012390137,9.835155663806658,0.016516728287903876,97.97050476074219,-10.379067420959473,4.9619035720825195,178404256.0,50354.0,0.09257549414590001,-0.01099172430600002,0.06421191495770527,0.004679604570299467,-0.0005599479463107573,0.003222735622982828,178.4042565128766
1631,E,1551440018946600.0,1.8327179,9.594315,1.311426513673298,163,1970-01-18 22:57:20.018946600,-0.0018463135,0.013595581,0.010269165,9.856144517201301,0.017137807504610043,97.96642303466797,-10.388104438781738,4.963217258453369,178454610.0,50354.0,0.09186132084620001,-0.010947538671000038,0.06511586744800527,0.004643565691056103,-0.0005523648239719305,0.003256085577628574,178.45461051701568
1631,E,1551440069300604.0,1.8616638,9.583801,1.2975105136732983,163,1970-01-18 22:57:20.069300604,-0.0023498535,0.015975952,0.005722046,9.853208861940848,0.017131685970851858,97.9646224975586,-10.401068687438965,4.964259624481201,178504964.0,50354.0,0.0930134480609,-0.010621773468000055,0.06568520753750526,0.004654592056774058,-0.0005430505717236054,0.003293178664910199,178.50496452092193
1631,E,1551440119654608.0,1.8857574,9.586258,1.2926582136732983,163,1970-01-18 22:57:20.119654608,-0.005355835,0.02104187,0.0047454834,9.860834233236508,0.02222532056785235,97.96332550048828,-10.417043685913086,4.965434551239014,178555318.0,50354.0,0.0943488235524,-0.010824624557000033,0.06521267804840526,0.004717219912408054,-0.0005399559630754272,0.00329561606539647,178.555318525061
1631,E,1551440170008612.0,1.8889008,9.575943,1.2955574136732981,163,1970-01-18 22:57:20.170008612,-0.0082092285,0.025146484,0.008895874,9.85101636517478,0.027908308159960975,97.9616928100586,-10.433601379394531,4.966821193695068,178605672.0,50354.0,0.0950345695014,-0.011022465423000002,0.06516350484970526,0.004768105686915523,-0.0005500441844264608,0.0032824811568257293,178.60567252896726
1631,E,1551440220362615.0,1.8417358,9.529327,1.2245430136732982,163,1970-01-18 22:57:20.220362615,-0.0016937256,0.02722168,0.012832642,9.806644229532706,0.030142416444781918,97.97180938720703,-10.4442138671875,4.966215133666992,178656026.0,50354.0,0.0939262376782,-0.012455817210000015,0.06344856845930527,0.0047574662423607895,-0.0005911127218510415,0.0032380661697009585,178.6560265319422
1631,E,1551440270716619.0,1.7963715,9.540009,1.295679413673298,163,1970-01-18 22:57:20.270716619,-0.0013580322,0.01777649,0.007095337,9.79868817728229,0.019188320805112305,97.9710693359375,-10.447671890258789,4.967150688171387,178706380.0,50354.0,0.0915966274921,-0.01336052752800004,0.06345164005330525,0.0046709091763926435,-0.0006499781114686275,0.0031949665497219954,178.70638053608127
1631,E,1551440321070623.0,1.8913879,9.575989,1.400843013673298,163,1970-01-18 22:57:20.321070623,0.0018005371,0.018112183,0.0019836426,9.837849292922915,0.01830923113728428,97.954345703125,-10.463831901550293,4.971071243286133,178756734.0,50354.0,0.0928467184138,-0.012185718354000051,0.06789034515330526,0.004643730119872845,-0.0006431778325711164,0.003306797161546833,178.75673453998752
1631,E,1551440371424627.0,1.9160309,9.59758,1.3524727136732981,163,1970-01-18 22:57:20.371424627,-0.0014038086,0.035980225,0.0021972656,9.869759613165654,0.0360745789407583,97.94439697265625,-10.482449531555176,4.974604606628418,178807088.0,50354.0,0.0958593831276,-0.010736253287000024,0.06932023006740526,0.004751053518507828,-0.000577106480005459,0.0034545506523318286,178.80708854389377
1631,E,1551440421778631.0,1.8607635,9.551697,1.283396113673298,163,1970-01-18 22:57:20.421778631,-0.01083374,0.049713135,0.0072021484,9.823737072614222,0.05138712538653478,97.94514465332031,-10.494054794311523,4.976740837097168,178857442.0,50354.0,0.09508835260880001,-0.011347852971,0.06636326946610525,0.004807491142635343,-0.0005560115432576666,0.003416103467755194,178.85744254803285
1631,E,1551440472132635.0,1.8685455,9.534744,1.2455390136732982,163,1970-01-18 22:57:20.472132635,-0.0113220215,0.03793335,0.010757446,9.813995710083857,0.04102255303503036,97.95187377929688,-10.506898880004883,4.977185249328613,178907796.0,50354.0,0.093892812693,-0.01292987494300002,0.06367099970120525,0.004757978798803419,-0.0006112403556907786,0.0032738727948253767,178.9077965519391
1631,E,1551440522486639.0,1.8721924,9.552155,1.2634681136732981,163,1970-01-18 22:57:20.522486639,-0.0007019043,0.034942627,0.009811401,9.82910057917438,0.036300736092953936,97.95600128173828,-10.5194673538208,4.978061199188232,178958150.0,50354.0,0.0941805581083,-0.012918343877000018,0.06316927244520526,0.00473512325666433,-0.000650780605231141,0.0031934575318301782,178.95815055607818
1631,E,1551440572840643.0,1.8123322,9.582336,1.2986702136732982,163,1970-01-18 22:57:20.572840643,0.004852295,0.033462524,-0.00050354004,9.842424364288256,0.033816251001397006,97.95452117919922,-10.521954536437988,4.980008602142334,179008504.0,50354.0,0.09276527585420001,-0.011720120093000021,0.06450695666760525,0.004706735261673863,-0.000620322607372691,0.0032145044203732306,179.00850455998443
1631,E,1551440623194647.0,1.8164978,9.590897,1.3020423136732981,163,1970-01-18 22:57:20.623194647,-0.0027313232,0.00831604,-0.0011138916,9.85107205002622,0.008823684162582475,97.9522476196289,-10.524555206298828,4.980809688568115,179058858.0,50354.0,0.09136305291,-0.010744712759000043,0.06547813930100525,0.004635798933296264,-0.0005655970967148057,0.003272634761201707,179.05885856389068
1631,E,1551440673548651.0,1.8237152,9.608917,1.368967413673298,163,1970-01-18 22:57:20.673548651,-0.002105713,0.00920105,0.0029144287,9.861178871402027,0.009878625561698991,97.93991088867188,-10.528098106384277,4.983473300933838,179109212.0,50354.0,0.09164964270100001,-0.010075482922000037,0.06724801190540525,0.004607710637398148,-0.0005241900666605391,0.0033416463089237978,179.10921256802976
1631,E,1551440723902655.0,1.8414307,9.596313,1.377512313673298,163,1970-01-18 22:57:20.723902655,-0.0035552979,0.008911133,0.0016174316,9.85110497191302,0.009729569336929152,97.92680358886719,-10.534383773803711,4.986259937286377,179159566.0,50354.0,0.09227737832430001,-0.00993912429000003,0.06914812009540526,0.004630730608353979,-0.0005039077657765257,0.0034340454153844067,179.159566571936
1631,E,1551440774256658.0,1.8270416,9.570343,1.3263954136732983,163,1970-01-18 22:57:20.774256658,-0.0023498535,-0.00015258789,0.0060577393,9.829760878261304,0.006499330731883198,97.92218017578125,-10.539118766784668,4.987035274505615,179209920.0,50354.0,0.09236112709710001,-0.010910301888000044,0.06807628485140527,0.004648643650994589,-0.0005249260028835079,0.0034548988433458494,179.20992057491094
1631,E,1551440824610662.0,1.8530426,9.541687,1.3742469136732982,163,1970-01-18 22:57:20.824610662,0.0037384033,-0.0034637451,0.0012664795,9.800505863565308,0.005251395973943038,97.91152954101562,-10.548158645629883,4.988842010498047,179260274.0,50354.0,0.0926534799034,-0.012285620690000063,0.06799407187560526,0.0046581127604515896,-0.0005840037427463087,0.0034258433713159437,179.26027457905002
1631,E,1551440874964666.0,1.910675,9.555878,1.4065650136732981,163,1970-01-18 22:57:20.874964666,0.00592041,-0.020980835,0.004425049,9.82129500395435,0.022244724105228323,97.89639282226562,-10.564995765686035,4.990616321563721,179310628.0,50354.0,0.0947591180152,-0.01264980599500005,0.07001250189480526,0.004718486977796592,-0.0006277992376482478,0.003474591507817626,179.31062858295627
1631,E,1551440925318670.0,1.8894806,9.6028595,1.4123329136732983,163,1970-01-18 22:57:20.925318670,0.0015106201,-0.022109985,0.0028076172,9.862217837909343,0.022338668808335127,97.87969970703125,-10.57701301574707,4.992598533630371,179360982.0,50354.0,0.0956765175412,-0.01110966596250006,0.07097139311680527,0.004794597996403483,-0.0005981922254739803,0.003549551524707318,179.36098258686252
1631,E,1551440975672674.0,1.9001312,9.55983,1.390177113673298,163,1970-01-18 22:57:20.975672674,-0.0072631836,-0.032302856,0.0019836426,9.825146744337053,0.033168707839296055,97.86713409423828,-10.591248512268066,4.993253231048584,179411336.0,50354.0,0.0954110562886,-0.011010166458500061,0.07055879495850526,0.004811011846312875,-0.0005569110208635201,0.003563305545172094,179.4113365910016
1631,E,1551441026026678.0,1.9188995,9.5707855,1.3371681136732982,163,1970-01-18 22:57:21.026026678,-0.0009765625,-0.030380249,0.004135132,9.846259780117212,0.030675927374340804,97.86276245117188,-10.607417106628418,4.99254035949707,179461690.0,50354.0,0.0961517359339,-0.011817693556500053,0.06866637078890526,0.004822976419785883,-0.0005747370315976579,0.0035052719980225547,179.46169059490785
1631,E,1551441076380682.0,1.9233551,9.612625,1.3664649136732983,163,1970-01-18 22:57:21.076380682,0.001159668,-0.017303467,0.0032043457,9.884016823214864,0.017635833732926307,97.85338592529297,-10.622800827026367,4.993416786193848,179512044.0,50354.0,0.09673644406420001,-0.01048847384150006,0.06806936872950527,0.0048563457078121645,-0.0005616023765794489,0.003442595713855022,179.51204459904693
1631,E,1551441126734686.0,1.894455,9.598877,1.3426307136732982,163,1970-01-18 22:57:21.126734686,-0.0048828125,-0.022018433,0.0002746582,9.868132848921471,0.02255501467107642,97.84771728515625,-10.63379955291748,4.993342399597168,179562398.0,50354.0,0.0961210048877,-0.00978121414600005,0.06820690060970526,0.004855571992261987,-0.0005103299344612904,0.0034310276331533038,179.56239860295318
1631,E,1551441177088690.0,1.8747559,9.561768,1.3588661136732982,163,1970-01-18 22:57:21.177088690,-0.002960205,-0.018875122,0.005722046,9.826153069237145,0.01994429378501593,97.84060668945312,-10.643088340759277,4.993669509887695,179612752.0,50354.0,0.09489742282930001,-0.011061640835000022,0.06801558562210526,0.004809270954630909,-0.0005247605598566389,0.0034296735358582938,179.61275260685943
1631,E,1551441227442694.0,1.8520966,9.548248,1.3025154136732982,163,1970-01-18 22:57:21.227442694,-0.0031585693,-0.014251709,0.0031738281,9.816144769045556,0.014938572697949863,97.84217834472656,-10.64896297454834,4.992634296417236,179663106.0,50354.0,0.09383096539250001,-0.012336327168000039,0.06700560271400526,0.004751614630260259,-0.0005890906404115325,0.0033994284587382548,179.6631066109985
